"","V1","V2","V3","V4","V5","V6","V7","V8","V9","V10","V11","V12","V13","V14","V15","V16","V17","V18","V19","V20","V21","V22","V23","V24","V25","V26","V27","V28","V29","V30","V31","V32","V33","V34","V35","V36","V37","V38","V39","V40","V41","V42","V43","V44","V45","V46","V47","V48","V49","V50","V51","V52","V53","V54","V55","V56","V57","V58","V59","V60","V61","V62","V63","V64","V65","V66","V67","V68","V69","V70","V71","V72","V73","V74","V75","V76","V77","V78","V79","V80","V81","V82","V83","V84","V85","V86","V87","V88","V89","V90","V91","V92","V93","V94","V95","V96","V97","V98","V99","V100","V101","V102","V103","V104","V105","V106","V107","V108","V109","V110","V111","V112","V113","V114","V115","V116","V117","V118","V119","V120","V121","V122","V123","V124","V125","V126","V127","V128","V129","V130","V131","V132","V133","V134","V135","V136","V137","V138","V139","V140","V141","V142","V143","V144","V145","V146","V147","V148","V149","V150","V151","V152","V153","V154","V155","V156","V157","V158","V159","V160","V161","V162","V163","V164","V165","V166","V167","V168","V169","V170","V171","V172","V173","V174","V175","V176","V177","V178","V179","V180","V181","V182","V183","V184","V185","V186","V187","V188","V189","V190","V191","V192","V193","V194","V195","V196","V197","V198","V199","V200","V201","V202","V203","V204","V205","V206","V207","V208","V209","V210","V211","V212","V213","V214","V215","V216","V217","V218","V219","V220","V221","V222","V223","V224","V225","V226","V227","V228","V229","V230","V231","V232","V233","V234","V235","V236","V237","V238","V239","V240","V241","V242","V243","V244","V245","V246","V247","V248","V249","V250","V251","V252","V253","V254","V255","V256","V257","V258","V259","V260","V261","V262","V263","V264","V265","V266","V267","V268","V269","V270","V271","V272","V273","V274","V275","V276","V277","V278","V279","V280","V281","V282","V283","V284","V285","V286","V287","V288","V289","V290","V291","V292","V293","V294","V295","V296","V297","V298","V299","V300","V301","V302","V303","V304","V305","V306","V307","V308","V309","V310","V311","V312","V313","V314","V315","V316","V317","V318","V319","V320","V321","V322","V323","V324","V325","V326","V327","V328","V329","V330","V331","V332","V333","V334","V335","V336","V337","V338","V339","V340","V341","V342","V343","V344","V345","V346","V347","V348","V349","V350","V351","V352","V353","V354","V355","V356","V357","V358","V359","V360","V361","V362","V363","V364","V365","V366","V367","V368","V369","V370","V371","V372","V373","V374","V375","V376","V377","V378","V379","V380","V381","V382","V383","V384","V385","V386","V387","V388","V389","V390","V391","V392","V393","V394","V395","V396","V397","V398","V399","V400","V401","V402","V403","V404","V405","V406","V407","V408","V409","V410","V411","V412","V413","V414","V415","V416","V417","V418","V419","V420","V421","V422","V423","V424","V425","V426","V427","V428","V429","V430","V431","V432","V433","V434","V435","V436","V437","V438","V439","V440","V441","V442","V443","V444","V445","V446","V447","V448","V449","V450","V451","V452","V453","V454","V455","V456","V457","V458","V459","V460","V461","V462","V463","V464","V465","V466","V467","V468","V469","V470","V471","V472","V473","V474","V475","V476","V477","V478","V479","V480","V481","V482","V483","V484","V485","V486","V487","V488","V489","V490","V491","V492","V493","V494","V495","V496","V497","V498","V499","V500","V501","V502","V503","V504","V505","V506","V507","V508","V509","V510","V511","V512","V513","V514","V515","V516","V517","V518","V519","V520","V521","V522","V523","V524","V525","V526","V527","V528","V529","V530","V531","V532","V533","V534","V535","V536","V537","V538","V539","V540","V541","V542","V543","V544","V545","V546","V547","V548","V549","V550","V551","V552","V553","V554","V555","V556","V557","V558","V559","V560","V561","V562","V563","V564","V565","V566","V567","V568","V569","V570","V571","V572","V573","V574","V575","V576","V577","V578","V579","V580","V581","V582","V583","V584","V585","V586","V587","V588","V589","V590","V591","V592","V593","V594","V595","V596","V597","V598","V599","V600","V601","V602","V603","V604","V605","V606","V607","V608","V609","V610","V611","V612","V613","V614","V615","V616","V617","V618","V619","V620","V621","V622","V623","V624","V625","V626","V627","V628","V629","V630","V631","V632","V633","V634","V635","V636","V637","V638","V639","V640","V641","V642","V643","V644","V645","V646","V647","V648","V649","V650","V651","V652","V653","V654","V655","V656","V657","V658","V659","V660","V661","V662","V663","V664","V665","V666","V667","V668","V669","V670","V671","V672","V673","V674","V675","V676","V677","V678","V679","V680","V681","V682","V683","V684","V685","V686","V687","V688","V689","V690","V691","V692","V693","V694","V695","V696","V697","V698","V699","V700","V701","V702","V703","V704","V705","V706","V707","V708","V709","V710","V711","V712","V713","V714","V715","V716","V717","V718","V719","V720"
"1",3.38410382642242,-0.856502585116448,5.39378106771802,5.51267324388488,2.45246549307012,4.8225681915689,5.74068960870409,5.49667624808744,1.51729799411971,1.89470982558107,1.14341860335323,1.20455562967192,0.0901567294176147,3.89355939515681,0.214317508797817,4.19185892148944,2.66986330044004,4.59819340715927,-0.372195187368128,5.98635673055536,-0.946896513352804,1.46777296307527,2.9718082794329,5.53848468769691,5.62678021933902,2.64384471038446,6.22347844900234,5.02364990488333,5.88206339541845,2.89067317908526,3.29130071748627,6.66819451704129,5.72669411374076,1.79390399205829,3.76367408408387,1.68757209634224,2.7428367454625,2.50902737910335,2.2985444066626,1.22627317245594,-0.809466843984074,1.49772369350521,0.971455981610595,2.27658793975131,4.74819769187581,6.25265924256854,4.74933597391395,0.256424486614784,4.29655161786769,2.90182567505066,1.20725524188697,3.11834893480367,3.85794405475938,3.18186906570089,0.804636118447988,0.703961020255403,1.43253392598004,-0.168608450186414,5.42636992341338,4.43169103745293,1.35661176024693,1.47614327452367,-0.391380732169089,4.42686613708781,0.710269786403894,5.09068809736523,1.86289889593496,3.88007915407996,2.05053102534,1.99669660004702,1.92838261332611,1.37546801788439,6.75857759583853,4.5096499126111,-0.0109226464535843,0.244359711363793,1.75861794607827,3.60487793649391,3.80723758416625,5.20747448362095,5.99134844899167,1.40124444471886,4.54428360095957,2.69794616322141,7.87118676602443,3.71295788419862,2.26653182678205,2.13328580945539,0.899697925398911,1.06688936771006,3.50422341507972,6.62142337028306,5.12252272860884,1.4176666857486,1.5739517482171,1.29954485969463,2.41315946656021,2.43259142316836,4.50322901858251,3.44796804559367,1.08689586255576,5.50282104747138,2.01804720432648,3.75503671090751,1.36795055235357,5.52397889181585,3.39463013013355,9.14673146711845,0.846883593508825,2.88278461735677,-0.304322631691753,0.929317278273492,5.47324360278748,2.52182097214589,-0.265725994991361,6.0449830731584,4.51313860675164,1.90810302372857,5.82447605552161,2.8118303241006,2.2402500741975,4.45698678476526,2.70414735344669,1.40345271530568,0.16415721246025,4.28742628923592,3.46004017424573,0.664760870389547,2.93752959676309,2.38423336147499,0.0270628996301201,-0.438590788201236,3.59390331279352,3.50898391781395,2.34531591756973,0.744613881694297,4.47291687248025,6.15840427512466,6.59951822501556,2.48885424122431,2.74371720573689,2.43214477956079,1.6646007650513,2.61526519753222,0.500310544675962,7.09730324288384,2.22597967758333,5.77452713973957,2.76140047140047,3.05490255550053,-1.18923615884304,3.79359199027941,2.50129367031372,4.63331285069987,4.96091893614936,6.2550537289976,1.45617214745166,4.52695094891642,2.48703803294642,6.46125640515546,1.6978017752351,-0.599197589406617,4.1095396286512,5.92385059008754,4.9751389839458,2.31607642256671,3.89209053511817,6.99552638517717,1.91962480579548,2.86994176787229,1.55397809427576,1.28473606821329,2.82461138891469,6.5868580896647,-1.38750048442426,3.29906986145556,3.14059773070177,4.07498164845638,4.12108083455507,3.58876731052378,5.72555313405576,7.32539421153292,2.58321293762182,-0.155404288381551,0.827270124198932,5.6615122972275,2.77229099596665,3.51433765922661,4.51396733199954,4.19398066848842,5.62035769408658,2.89018180383019,2.30957879414201,3.39471925595522,-0.294940647685879,2.87994500870503,4.78457250395847,3.15031489259959,1.36144847159617,3.5988529168512,2.20612274212128,0.221120965166505,2.32571152547471,1.74165319515061,5.52600886958419,1.38576193673663,2.40503451445531,-1.00194567622453,3.78848625232546,3.34978106175264,4.12404454959805,6.00855967960355,1.07108804338042,4.17753008239222,1.5100593965276,1.11043225055399,0.890610990368153,2.91349445454472,1.37003727927951,2.29539680213062,6.73660558727845,4.63075180577552,0.238575227083943,2.25535721002774,1.5294448143391,0.896951340955502,1.81098909105992,0.383251073098577,2.41631438227345,1.35999950151284,-0.869481072130186,1.5022252947934,4.71258393611812,4.02627926818384,2.96706280825238,-2.79555217916135,2.80413930254343,2.62966964223578,7.24686474981281,4.41063203146455,1.38982080466995,1.69974311396312,7.05560016091193,4.36571698032892,6.33376100978313,2.4022238609456,4.3323200634613,5.19102215334022,2.89543440236399,6.09633919245931,2.38798751865395,3.27430473875303,1.95434276711463,4.47200334787309,2.35710782323425,3.10047949795659,2.54715216581419,-0.241851013265581,3.94671968314198,3.21490154396888,1.53691189114383,4.25894087784602,1.54025966698865,2.85904797976046,0.554243227875638,1.9875421966007,7.26591049183799,6.46121279837433,1.25067261619334,3.49953703615219,2.33223574277353,2.69653729091517,-0.753309298399729,1.25764879987567,-1.51613933047813,3.04924912605798,4.83087558612133,2.96315276187336,-0.502313928822254,4.92119275273412,2.20492958811309,4.91183756700914,3.2554125931142,5.87644423376178,1.86488903668522,6.95487176736942,4.5242258614186,0.837085570540687,2.28098541102119,3.83488681225845,2.42071948138609,-0.443833151766588,0.755171355174665,3.2362454902281,-0.306192942234637,0.815760959947599,-2.43643296199848,-2.40008263835868,3.87958320269313,0.623161521805486,5.44130191057547,0.323041997293541,5.23134752003012,4.05697401652291,2.50705866697759,2.17813823167675,9.15262239621298,3.46390001824595,1.34852519731862,1.6036283498278,5.02604307411774,5.3759226248553,6.22489591984647,3.33687450284297,3.13396993970705,1.66646333102888,4.08642562826376,-1.19011550955872,1.08151670946728,3.81580015714432,6.12411608082037,3.34802351526007,1.88543361779951,1.260212473581,5.26992575720219,1.9770434135695,2.82124750139825,2.76754768686601,4.02921325633703,4.73174979191329,5.73798337618263,3.1264199411362,8.22758127401795,3.57019170520361,7.12172537855409,2.10349703166966,3.5670751461083,2.47234993982504,-0.0121055861808514,-0.954974800515656,2.78366211938791,5.56350839907265,5.84166775922743,3.47594935754083,0.607532243745641,4.39607848349216,4.12885393500617,2.82588708923323,5.91181989005144,0.299801956098142,4.44591354829147,1.89945220304833,2.50353827262099,3.71179049305088,3.64976678988627,4.85665163132423,3.07302927467226,6.20240062824017,3.41448622994539,0.520538046779458,4.35531464681489,5.75221160153085,3.92883935745301,4.74832487040482,2.21715253322926,2.01769996467863,0.971399555702682,4.16177839018239,3.03779904516254,1.84114663616952,2.10436180531973,3.01341709831231,1.33824054138347,6.24841750051129,3.75568606408696,4.17895683930941,2.17456429117536,3.57837344013023,3.60011948563255,3.29646265477743,6.32376262118563,3.27564698483882,1.79265213177044,2.85296838345287,3.21834168361754,2.256417428466,2.78770581790235,6.86371663257504,3.18849367522763,4.7880399570574,4.28444357828861,1.52281397802985,3.29155410443296,4.17916356709024,4.46477237070345,1.98540104769939,6.14482120152155,1.35792328602341,5.52838079274054,3.17825983555676,1.5449743248173,2.62404198066398,-0.899880608333591,0.580560790519179,4.27678980930402,4.43141985281729,5.20956913248228,0.926028938177112,3.18887947359062,2.56215582382299,4.81811494669776,3.14476190487758,3.92537716753205,4.87479799441188,1.69054231453083,-0.638373742036048,5.00197864392185,0.543796414234266,1.24485813080677,1.5467427975458,3.53553944890206,-2.52489543058696,0.844438316803335,2.24661763280799,1.98662068728769,-0.772486761677794,5.39130175967862,4.13981884345527,4.8938274994573,3.43001455109994,4.58546193082299,1.04939597308367,6.2349644368068,-0.0273388998448314,-0.221012162683906,6.08294372293588,2.4874058954567,-2.01176169536122,3.35243628863185,2.7346748479794,5.4602394379506,1.04432296719663,0.293299196552673,0.860081517751067,1.42246753948383,-0.547697977856469,0.461566190017346,6.29296482216662,-1.36981192075404,4.61452712118913,1.52939439323745,-2.65854565389164,2.53167958126812,5.9650645726305,-0.255141231528329,5.31945373447178,1.32735410167757,4.62402997509562,-1.78779562395208,3.18112797158135,4.25839946460657,3.29777651894278,3.41713031341662,5.25936546976983,1.17010570494537,3.26640612997865,5.75236614729372,1.4100808146308,2.258201035807,2.63175682275856,3.45815304186666,-0.0120869867926787,5.7926064725984,0.957984109088007,0.994077018919954,5.22900468305847,7.21112659442031,1.17976489254008,1.59952601047233,1.07516664977378,-1.86933310256697,4.83444246359344,3.69826089825528,4.84264972651686,6.78177462169437,0.993650541131188,2.47476768063273,-0.636723679122988,5.26477088228583,3.35396975519155,0.664173561032484,1.78835641938087,4.27274038200259,3.38796176731188,3.58506155866733,2.86554861103507,-0.0944006244694195,0.663456112731405,1.11751363251236,3.70512308861584,1.56740257828959,2.3959769941809,2.0232667664937,4.14595900982496,-0.303037687720046,-0.58362805262292,-1.39781785293314,1.18766874096313,-3.49694401638128,-5.98786584165549,0.685849134247179,-1.37523414432394,-0.0653339134003951,-3.11629761144143,-1.96099980562098,1.82457103062271,-2.45073900247525,-0.620535867312512,-6.33478997441374,-2.19786439464055,0.287779949597469,-1.42855131678957,-2.47012818318321,0.706913125795726,-1.82298548481886,-0.466926504780033,-0.533554404651137,1.37424843927626,-0.709474556222822,1.6869388730685,-1.87253511019958,-2.01707376455741,1.40924675537159,-0.45283343895465,-2.07654292533131,-4.21199467958962,-2.15584952523961,-3.57152468536592,-0.0794473230702567,-2.4890099373878,-1.91395679904111,-1.04869366462319,-1.38940150349774,-0.290110195518545,-3.36959742516834,1.0191481624801,-0.145010526861466,-1.94604463806375,-2.24502056076571,0.441483697145456,2.18756233460645,-0.599404556836023,-1.77680754077413,-2.40426669989531,-1.16741003238523,-3.30234515838127,-1.11375055247576,-0.075331543452086,1.190468422174,-3.29286660613862,-2.80882014521741,-1.49170625423105,-0.927243359976302,-3.45024433966099,-1.27983627825013,0.243511987119142,0.692121467766574,2.64071770411715,-1.3900140669859,-2.8600939197197,-0.45056367130201,-6.09459672194162,0.476436710987002,0.893230608316603,1.58053332144937,-4.82726239406387,0.586717238325422,-3.0294352438799,-1.73474525684591,-2.06005626188119,-5.14600565418848,0.327835063472754,-3.58184199494092,-1.77737405623673,0.0585310318164154,-5.56778363408054,-0.937154189412883,1.09953517616636,-2.32663572198027,0.536749654337674,0.826218989683758,-2.27484778553339,-3.58374666089775,-2.44748530285382,2.73669929366864,0.387185924475679,-4.3753026074249,-3.34800613467985,1.01236544824873,-3.95419139281065,0.133559098514469,-1.22781042077918,-1.38419876642824,-0.0345016384934237,-0.0495256604212548,4.28726416331571,2.9089587535527,-0.540595456720434,-1.45984859598035,-3.48777637265873,-2.59946274444406,-6.62930481921485,1.99600402804798,-3.06099673528431,0.883544525131027,-1.28267844294083,-0.567765279557973,-1.54065055168613,-1.27819051742527,-2.47439343873762,-2.48884658357836,-1.01079892187086,0.581703532123746,0.299266870006197,0.73647062248294,-1.07672406234369,0.823977707344691,-1.57783771707769,-1.20901687856777,-0.39004186488198,0.261824419417425,-0.700591667870252,1.36969605353693,1.22064059571708,2.2776515155367,-0.0440363224969025,-1.2439349105099,-0.0547974043575424,0.606437878868711,-0.536051447129571,-5.58877428206325,-2.88468020005783,-0.663178437125137,-2.83667659427737,-2.99510029174209,0.244562704506554,0.704352340698146,-0.795218975078126,-1.86510772954279,0.242161515999069,1.98504296062703,-2.84103763845177,1.83933795098039,-1.62521171096906,-4.17849227536681,-3.12506757463638,-4.10052151986277,-2.44222721110662,-2.06938269311475,0.955821200889657,0.318656491931222,0.0447919858671448,0.303142011786298,-0.00993335686170616,2.95715444585565,-2.18450092676242,-4.19248725353939,-2.96523074033909,-0.8449507481636,-0.735157567474704,-0.979394962912854,-2.59617629766438,0.703973903943917,-4.85246226834141,-1.40067081098302,2.03680721034776,-1.47447266189838,0.365717121893322,-0.478717657390036,1.32601784602578,-1.61514512514839,-1.86494156025231,-3.72291530077439,-6.46874104424033,-0.864041800648194,-0.617438545314778,-0.578031839256016,-0.604703382464944,-0.309492460417955,-4.38292556195378,-0.891262537009395,-2.00531056605114,-2.00872874599846,-1.92657619639617,-2.74468824947589,1.58249820113066,2.53056000767805,-1.97054379366634,-0.0285049444257855,-1.74346165136974,-1.35675680066584,-0.333640677642606,-0.980169021766537,-2.43918447799248,-0.129829116655473,-2.0801400136946,-4.6685551797352,1.13845371853226,2.48368638302141,-3.91884534191227,-2.34389826427585,0.809499248276664,1.04324977239824,-2.2266435420036,-0.200812305224499,-1.54587944293762,-1.38476362260962,-0.873076364512098,-2.32343265266013,-3.0062782662218
"2",6.35644944657601,1.41793271970212,0.703318430972673,-1.68377730671263,2.40186678337975,7.98349115063719,4.32731437249107,2.4281058539681,2.55344589986676,1.93021270015935,5.14976197542902,2.96996354119955,6.58018477468456,3.38649930395448,1.36429612012372,1.56186619866478,4.6373045378117,0.863767523149509,2.65954728670506,5.01116401255899,2.29475183867992,4.04708204289186,1.83876024756862,8.10938786811495,-0.360716557819196,5.8005143264864,3.43673760622705,4.04052667549552,2.84202221763833,5.64300234222222,3.73548750896322,3.9744286068789,6.24420721599358,2.99195248827246,4.46022961329964,-1.07716760904616,5.85459583248022,5.49825143222449,0.934096362366477,4.57767824203032,1.39537970276355,3.57874918199681,2.51116321479276,3.92462029882851,3.31072649569463,5.17686529214574,0.213349121500857,5.44518436056039,2.41617087037012,4.18931932364001,6.51415642785677,4.54526107040444,-1.18431250822911,4.0678960403794,3.30131934262698,3.38976947082212,4.28349642343085,2.95787178263209,0.277226925977654,2.60353061089145,3.07703530378931,2.4058281687796,3.52195049336908,4.23489492492238,0.471105599935484,-0.489695115299028,2.3040687354826,-1.06340554285692,4.28259396589323,0.741989890700625,4.64950719830565,2.89058673152246,2.15172101655373,-0.540825608223375,4.89079139407871,2.12767299132481,3.95970815865421,4.93492855353421,3.75963945433662,5.75687954224726,4.31598388062451,4.1482356451723,5.1023793438581,3.00758299428512,-1.78691061455514,3.77527321754077,4.19063596423075,6.43438354446471,0.685503173763743,0.664469398727942,-0.224207553157544,-0.998142423503916,1.68778218312009,1.58337704826146,0.731793031637368,4.39614409773844,2.47531324530218,5.50690348448059,4.92802759178099,5.52423723083309,3.03597493595547,0.493423306683867,4.24443658281983,-0.623092038350149,6.28523674637938,1.14948310248516,1.532526167991,3.78045264941722,2.26051026020846,7.382563725732,1.52212518244651,1.54321549538263,4.14232137719731,0.348407253398538,-0.0560247091584736,6.60937403127338,7.16548637963597,1.9092981963221,0.880971373895246,5.36831197216339,4.95089557296854,5.55059549914563,-3.3856644782166,-1.95762511179937,-0.0813378868842145,1.10602378654874,4.29772219720332,2.07119549667862,4.28865199244519,3.10591546326461,3.78237543926256,3.82483986784247,3.91576300528199,3.02026254000394,4.80078853146583,0.949267102438004,1.40412292001739,2.45262181285357,4.06156834835885,3.24670987355061,2.82160268165233,4.78831275530628,2.52103871386388,2.94887281397616,4.43242542841598,-2.11368765228806,5.30430803926821,4.72045329032754,3.69611460748956,3.9680940776219,0.44506200640186,3.14049655942217,1.30384432337547,1.07061345157314,-0.921285165276265,0.0485287908464898,3.60723984522884,5.57706935201289,3.16093129297719,4.64082903940193,3.02293498115599,2.29381560064864,3.04027296824083,5.47620547844051,1.31689907802163,3.49202934216809,4.83360535584952,3.07506387912461,2.4291876314821,1.83615555506051,2.14869367547073,3.1153876331563,4.64990722837765,2.40409527387931,4.53969345371612,0.583735254896974,-1.95493635904007,3.94626154044671,3.70021384644699,3.81837393632097,4.80655547107539,4.42201552377112,2.59322714177048,3.44997168037962,3.2887319473336,-0.0340031036933324,6.10368026830725,6.39234014511396,2.24388521011543,0.404995844611942,3.1396124772245,2.73917457223092,2.7775522155507,3.45969566518801,5.52988890329205,7.6993239479498,3.38623693584564,2.59462246481815,3.38628050548986,4.74999293416567,1.4827377078223,3.18527719787189,0.920877482651353,5.41355195499707,-0.731085219560871,1.48892946343061,2.66691014953617,4.92533917864094,-0.808524748002044,3.27452886118364,3.74937172382179,5.72127270569409,3.10448624646364,4.20989242673236,2.29117741459644,1.97547400901558,3.91712829599028,8.32818100610897,0.336554529862856,3.21997119005301,5.54008527406538,6.47444571513613,1.51983839271416,-2.58584985330084,2.58735418730529,-2.98870966630524,3.91916426993037,5.11923761055391,2.5248042387444,3.9693094858074,5.40784639987089,1.46723588297178,5.62116392707758,2.15678068120605,5.43395320411634,2.85074173042632,1.71094650951765,6.78121262606736,4.83839367462666,1.74365927312282,2.92447795601348,1.6376878978046,0.59183108330921,-1.13707350476122,3.52018890484615,2.66229843676815,4.78098888994358,6.07959697342729,3.01373639368741,4.78323371479286,1.87247599436771,3.33374573463452,0.138050761319229,8.46572712472475,7.12891153680604,0.336177425639309,5.15381906976832,1.53677636876177,7.48508772619415,6.38644450817191,1.2819359708748,4.99801265156465,5.69430996307679,7.18571790345216,4.44774319102013,0.877861743460645,1.02679983856216,5.907744370777,2.11565017030755,1.70234671527716,3.25451708117867,4.72463100135073,4.48902688028993,3.17950556133303,5.06549699622449,3.90539955936521,2.43563232878903,6.72169898594629,3.95068455136892,8.2778737947837,-1.3773126215595,3.07771044240503,2.91495603629852,3.6381704007132,0.486550224668308,3.8027385428789,-0.338302321308834,5.89709489891834,3.63165406240316,2.40361071919615,2.15623414859839,2.97864323585064,4.07002578462875,4.32887078431613,3.49695048947096,2.09213145129933,3.68260181242953,4.90650239238433,2.38532766958796,2.62261585148488,2.01305601223023,3.6758990574008,3.86056091498262,2.54183129578242,4.2817655268856,4.05981863975055,2.52597905365366,-1.14116265479054,4.32910236693557,1.65353346075301,4.55412398562447,5.20299566254089,1.78093995445599,4.21184788293585,3.50050649413534,-0.376811184725853,3.78929081669076,-0.767668049422574,3.71453525795105,5.07747196435387,2.39064026095598,3.16233018773653,4.23761435461999,8.22189855508039,3.57001201768117,3.00411184094276,3.62109400667663,3.32619774526519,7.6065689071796,-0.243314078143794,7.27318476422647,4.00866663025164,0.553632208700625,3.47467777437175,5.85115307155305,3.99302922051211,3.40524648803856,2.60842421256564,1.55618968633889,1.88629770565968,6.03947005354983,0.336673921503127,5.50215835757564,2.89753426383492,1.92138717562663,0.894704851840047,6.83985786649792,0.917988008497286,2.72573005672342,3.14042267531517,4.00241739160895,-0.526331802084587,-1.58816781934451,5.67870175077039,3.56704847292754,2.79443466336639,4.25268497102522,6.79680773179932,3.1976531084245,0.0826810320147193,3.70835154389443,0.924901413403463,3.64162213503365,2.64592655189066,4.60996330435919,4.90940079171283,1.2920095119812,3.48619501155907,0.824677869163455,1.88847361030731,3.33888807115679,6.16038334649942,2.26528756592954,1.70937086644256,1.39386176975967,7.0452873844389,3.30873956252436,3.23214635795717,4.01151878199497,5.03741721106024,-1.27608296461613,5.33705225221977,5.72095424771821,2.75523824565018,1.4111430693249,3.03864311893779,4.85620042301206,1.9933673972332,1.52837646922111,0.452437241723025,4.75357645525489,0.725083442221533,-0.0249620748526187,-0.63657578039831,3.46219014559937,1.24610335661085,3.12802801364982,-0.814437498331344,6.26216706105995,4.96202625790611,5.62301154424717,2.78238008703526,4.19996637008168,2.26159825087809,4.07227418749066,2.6304377989277,0.949049921696478,5.6176258608809,4.58702260821741,4.72700892575555,2.78625051872729,4.21846302618452,1.47511982156704,-1.33826589491223,3.0241737649456,5.99223022147877,3.13255193337004,5.52528950324808,1.94305074464092,1.99107834592366,-0.857131466558968,6.59534360860466,3.02926714955819,2.77005029190041,2.41517548047259,1.97603999733495,3.9355041297642,0.759174853614608,5.87039683829217,2.80277185573364,3.58983994834559,3.63151086756052,5.28679421735859,0.84499160293531,5.44470593943763,3.08331385226394,1.33487623872048,2.16629544762887,2.48234868012797,0.659395531743375,3.71988875488332,3.2314680634586,2.64367104868958,2.95546607918827,3.65480720495119,4.30830352316134,5.58541663698252,3.77512522864489,3.54168382414502,3.55272801494009,3.69829499961205,2.40913458083724,4.52341523133167,4.81593878092994,1.41544553341996,4.70125024555665,5.72401850652954,4.19562773818841,1.64951341208972,1.97717407342741,1.30095800244097,4.91746848816217,0.310716730035653,1.725205144144,2.97070003027369,0.993981318786788,3.63634487886707,4.53272524052566,4.99361704413146,1.53448157893237,2.76196629644683,2.94185877591316,5.52925379702384,0.924079107246619,3.98789111941468,2.40826182005072,0.920400539260171,3.77229294118184,3.37985220154282,3.00058556543642,4.78373272379505,5.1082878611824,-1.45214138138744,4.77517716676262,2.54457436792068,0.112125084401112,2.34425043530934,3.08271808960907,3.93129416560747,0.944753717345825,6.79696811896924,1.41439652943118,1.52620595510478,2.02821247276749,1.22693862785596,1.97459506868738,3.40428501378772,-0.564375583525155,2.00998600689213,5.20121718950441,6.12674159198096,2.69381558839195,3.20436673918627,2.48272984269307,3.68055985821386,1.82617340757278,2.37137938549088,1.30494209992857,1.99392850453189,5.73734705231625,2.61256756776758,7.94179756651011,3.70588646751211,-0.955187555729311,3.43474936527999,3.32525777398563,3.62896801875726,2.73218675360594,5.67914217515067,1.19858058702633,3.76462942524284,2.88557463596589,2.81114347512338,0.79068437725372,2.70412220522831,4.39499800188471,-0.875510095583262,2.5117952724844,1.75538593992808,3.40519049651211,6.99241052318093,2.32436075825796,2.02820415466029,0.830806919306703,4.93832105194801,3.15108880916681,3.90486158332674,2.91135723525065,2.35159385231784,0.911262054688877,1.19633650923716,1.95450002254897,5.16535231359079,3.50786748667992,4.67596319836248,5.17496321193745,1.39193391635127,-0.0314487354798993,0.0826993207422504,4.19567430455491,1.501650167943,3.74122492138027,5.36691689121166,5.57209910362906,0.564207491808188,1.55397223441614,1.99727981781471,1.33022720296516,3.69359539938156,3.83043440236391,-2.68141589905043,-1.67467980923851,-4.15759397970208,-3.21140648160319,-1.49680401761361,1.54477319823576,0.312103030028339,-1.36946458914591,-3.05692946293747,-1.7151470845863,-0.240645437878639,-1.87507986130356,-4.75064148143682,-2.35994687540178,0.751563516823606,-0.942175887593965,-1.93794550495217,-2.05166398957497,-3.11355327236708,-0.0614689309004716,0.695649736036695,-3.4484227607189,-2.64211772929275,-3.16154164351265,0.857747707527465,-4.47313396715125,0.0864039735040076,1.04404311263697,-1.40223256549023,4.85415158072246,-1.88910083450688,0.16691808896725,2.63681920062402,0.868547870334782,-2.09977743746246,-1.46164112711232,-0.253097899154949,-0.305233496319841,-1.02009422357395,-1.43812146310714,-3.70410752323407,-1.72045226567724,0.984808510760857,-0.396631128508706,-2.85052752186802,-3.21572238420151,-3.08045990796874,-3.17085388915555,2.49763616624963,1.21864432689699,-0.657138170784876,1.75464218214511,-2.1990652091529,-0.294656232258197,1.85539007867568,0.258995365244303,-2.64487784700161,1.26438875880498,-0.0918787904972234,-0.815954151627122,-0.261494637276653,-1.48912658491604,-1.95800218930528,-3.16895123364577,-2.33318989930706,0.11593854443665,-3.04501722245453,-0.799576631978969,-5.51029222819969,-2.90654284895614,-1.28882310743547,2.12614623824317,-3.9302974648334,0.437157499705153,1.58103622130577,-3.39895476750998,-3.28129261636548,-3.01270739477785,-0.81826727542439,-1.57594725602806,-2.585082029856,-3.60907880016432,-0.870700721863173,-1.17331386184177,-0.56079186349892,-2.91725236920562,1.29726484744698,-2.2547714451831,-1.4735716143833,1.51020940582255,-3.55468250784741,-0.502379110445432,0.864927414737981,-1.23156619965366,-0.409944826258593,-2.52152395246514,-1.50698184985664,-0.391444913964418,1.11827983343027,-0.610375406004386,-0.466274386577431,-2.80957699055275,-2.63246609513405,-0.349448118538593,0.209353571429403,0.741707383502028,-0.801178488750236,-1.17179593944466,-0.628609433601273,-0.810019115739325,-0.73459864584863,-2.2517830103012,-4.85875907008165,-5.31145515365779,-0.264353676926374,-2.23333446175815,-1.40873537936718,1.35801372222094,3.91365603901934,-5.53389234959118,-2.75739363900552,-1.54514378602791,0.870634435353191,-0.727654781701076,-0.932185714167686,-0.482875560323009,-0.773105581665586,0.28431293195054,0.996873713400105,-1.37734253531699,0.956986924570854,0.550366449373879,-0.813916204471056,-0.247413546712,0.606072469850977,-1.82519722590258,0.386543317404981,-0.507089037103479,-4.21045158339787,0.385496572268107,2.64652528610753,-2.10444298598805,-3.34495821473988,0.918560660310649,-0.520791371829364,-4.63869366262399,-3.54212547502654,2.56589269268897,1.05199752186918,-1.10585814760256,1.70914510939249,-0.89421140437271,-0.257632909689748,4.39899870096939,0.985630453953137,-2.69937310678191,-1.13446660014317,-1.70980623896065,0.715672137683784,-0.116178321369112
"3",-1.99033499394549,-1.75018519088852,1.81494676710617,0.985040789911071,-3.22052421100136,1.03304324462021,0.856988249976219,-0.882430606637347,-1.54313838013714,-1.2184855290208,-4.85805163242045,-1.67901625494698,-2.69457048956168,-0.108205932608459,0.124103831551558,-0.961241432452328,-4.08034657540951,-3.98328307122988,-4.09557761707266,-0.232522998509528,1.14535765193943,0.0257133808938739,0.664654142985089,-3.05099897845861,1.21737257401569,2.25521278113606,-0.767617579635339,-0.0665357332785026,2.00342007695188,0.905693459964391,0.520081942843779,0.0174169622891278,1.32655769231794,-5.0832243684278,-0.328720265964432,-1.91206619298083,-2.08108796968879,-2.851786273781,-3.60074144748777,-1.8874388283276,-2.49751691430276,-1.80559890131918,-3.10491126419956,0.928586804296112,1.64797274597841,1.6112586865498,-0.508499181066659,-3.44203086315131,-1.09558418763493,-1.22323041726007,-0.982751219597771,-3.79466762664073,0.345895789626291,-0.119927239831584,3.32166948982036,-2.53117318052728,-3.43016127297433,-1.69580207858735,-4.63356090134957,-1.78752752387151,-1.93738352584195,-0.180252640906105,-1.87332350990598,-3.30762935254579,-0.982730133062141,3.02605192173634,-1.33543646401425,-3.17957826005024,-2.00672262535169,-0.336411292223686,-3.89211227473897,-0.532828064445073,-3.6979579648476,-1.27833552297213,-1.5501908728794,-2.99058493103679,1.9502251421014,1.08835163510006,-2.86882748256459,1.98792821609876,0.829910556945794,-5.11194745862203,-3.82410068022074,1.6606381343035,-0.538633805372581,2.82981644655897,-1.49684259283764,0.0191934397131039,-3.57446837699698,-1.29788381476518,1.76001193597671,1.26140662991973,0.887383987794798,-0.70533363053177,0.490576144816626,-0.922686115113684,-4.35392800489729,-2.39766134384777,-1.32542495825855,-2.12989821458526,2.53872006467636,0.593152354072441,0.897268516991527,-2.77921131892365,-6.06062828943626,0.166556337277805,-4.44280478999266,0.234585210098959,-1.12121205822336,-1.40270833499778,-1.7622876713485,-3.07487669123874,1.85983961042004,-2.76002771351892,0.0734437300670707,-0.0734477244125104,1.39668730780206,-4.04721315387692,-0.292402163846661,1.29756036665862,-0.193097792311928,-2.68313815089088,-1.71690649024619,-2.42281233846987,-0.817181926657827,-1.50769622831467,-1.11814091980427,-1.43597007212501,-1.41473247676051,-3.80075755190756,-2.61914521684844,-2.84928803335118,-3.70231405395199,-1.37155621494042,-1.53604665246522,-1.34288459237061,0.846538051469433,2.71349744391239,-1.20903834451678,-1.12293879755148,-1.98895072451447,2.96932674881427,-1.85236129147943,-0.808979456455724,2.16332116547962,-0.890649557812525,0.104774898966599,0.642365861158558,-3.59425802359832,-0.961382402590502,-3.12994625434367,2.22188306170867,2.35008129137752,-1.94567658789881,-1.07180027083345,-0.848369844882665,-3.2427000347839,-2.37988657295051,-1.10206638260491,-3.60870778829323,-2.85831509422145,-1.96975360713047,1.45178164810824,-3.68388547846516,0.502138050264659,0.407190588882479,-1.33155972992578,-0.331895109315668,-3.7064485227432,-0.00706472004209735,0.500268854253941,-0.824916376320328,0.588868779349931,-1.97322746689508,0.820906791571628,0.00542931914761624,-0.309157188512215,-1.96909462078866,1.01680727430843,0.624153621487754,-3.07634596569893,-2.12683915127694,-1.63327849654303,-0.303381307756833,-0.208699663347566,1.28004521807426,-0.513557508181139,-2.97377747989246,-1.84438773372215,-4.31093694297403,-0.897746492574101,-2.05271576471159,0.12373755428125,-0.719810865019962,-0.845514767889553,-1.79384898391405,1.17784283451872,0.194216853889378,-0.221442900886996,-3.03966224449691,1.67561026495972,-4.42973974656891,-3.65336216218677,-3.06247834318555,-0.583487761468614,2.74459949455152,0.480003882853551,-2.48520336838215,1.19110440557389,-1.7069031573358,-0.77213746771023,-0.100879587063159,-2.97602991730194,0.144103492006998,-0.42348324004165,1.3459190999146,2.27244067537932,-1.20677244340172,-2.16755941958657,0.384927550797675,1.41581598082783,-0.60324677756108,-2.71126757759297,0.670707668516065,-3.60225070959463,-2.04975226216458,-2.19648251455867,-1.12267535442095,-1.34877273457296,2.489972478806,-2.09229534690829,0.791912322800654,-1.47096780519035,-1.26082645033238,-4.55640630342858,-2.30465234710204,-2.74700262135742,-4.84666703216269,-2.90075957564629,0.400288360627227,-4.03700509215322,-6.12878132653009,-1.80469002801272,-1.86183942401084,2.29883044920262,0.770401406086214,-3.42067696875266,-4.3102354897843,-2.2620871486847,-0.281912265202765,-1.00655176869288,-1.21744130681719,-1.62872021826385,-0.312888284220053,1.83050599617258,-0.815134109469659,-3.42528573564898,-1.44250286094384,-1.48397049836999,0.0142839789445166,-5.13083541853751,-1.36190895486683,0.753088651356809,-2.00020972384682,-4.78530981162008,-2.81963575581698,-2.69562750868529,-4.38592513185129,-1.04160477592102,-1.50554012880168,-1.64661392140106,-0.364239003889559,-0.530193967554933,0.593873114098385,-2.20222175806481,-0.455567832977085,-0.643699433999364,0.554966322935438,2.12811257650375,-1.75102254536156,-2.65759528863522,-1.319394581027,-1.28250493674647,-3.84743244576513,-5.33650555813718,-1.561179661199,-3.45973682169436,3.2153518098034,-4.49587718559747,2.47805063862298,-0.183245498856721,-0.672785115781674,-1.96422015473838,-3.29618620630415,-0.509560219507123,-2.79587883202011,-3.71749577647975,-1.24033374883249,1.33019596283142,-1.29767062481696,0.787844406790496,-1.2157755836895,-1.53825342840257,-0.17686972646502,-1.59759819080479,-0.855514216145851,-0.434771541290296,1.98356834537774,-0.784249340708806,-5.47031823012362,-1.42483033554027,0.0582698543925959,0.675762811485718,-1.87363339139848,1.89114183025652,-0.773483036091123,0.0613800029153493,-0.711237810127897,-3.68102901873047,1.58315354531113,-3.76567974543951,0.0961261951758048,0.911258806639235,-3.36059133384522,0.770021551442699,-2.45433491830152,-5.05709995992048,0.118007949972959,0.276817353056678,-0.82430767559182,-3.5337482361221,0.311969450693911,-1.12060331708749,-4.53366488316799,-0.297549537153023,1.85638991291213,2.11438876068529,2.78783619386767,-4.68580833689604,-2.14091089637684,-3.78873352332688,-4.16084294469458,-1.86635949069715,-1.99677880568351,-0.682898539183074,0.481109114966574,0.0440212961796826,-1.27231663365314,-2.5535237388594,-1.08851741445176,-2.03008332555486,-0.182443228844962,-5.34592519044044,-0.719427990267331,-1.46322245945585,0.731541852992531,-1.70303936393754,-0.790485582369724,-1.74298436126003,-1.66642052309059,0.440879819372615,-1.6861643254274,-0.0937949627709085,-0.660747713095491,0.882793452164541,-2.73119772659627,-0.396203548983924,-1.0514542462272,-3.06216406153064,-1.24123662554058,-2.66060138150199,-0.424219920398674,1.08077150709392,-0.874886962563836,0.925560453422429,-5.67763613535715,-2.4528383755296,1.46136740581168,0.343490021939337,-0.154884757762652,-1.00835122501835,-2.50875036681569,-4.47691580554911,-2.31536402682444,-3.06576211824946,-0.503349650776713,-2.04057640823109,3.1114585394136,1.47314730295629,0.236588723791856,-0.426383816101203,-0.181251597231929,-3.80251989796801,0.757431646603539,-3.70300681573134,-0.328128629970768,-0.765501735829368,-0.342599544233126,-0.052473427444597,-0.873520302812997,-2.8837627393008,-3.19853704408226,0.939264564296117,-4.38376186829267,-4.7323376435704,-0.129199341684644,-1.22681856062016,-1.02570817296581,1.97959988872996,0.592766708346708,-1.18645186808801,-2.11888330205454,1.59123760844536,0.376916850148951,-0.306227275607092,-0.161138601513113,4.37317476335791,-0.015374612525611,-1.00675141089893,2.66556853945151,-0.616203584262605,-0.150981054624182,0.373745953287595,-3.00873142996728,-4.04221795635047,1.39474115169482,-1.66172464411884,-2.35143755967018,1.80811374736792,2.45118580420103,-1.99411204742019,-1.17021139141857,-1.81851077568846,0.314128241853594,-1.06659097939742,-3.00769474888196,-0.610815741142582,0.570159072172983,1.61745648323989,0.351382639797657,-0.975786052436495,-2.70702374311969,-1.40698981100232,-1.35546288529168,1.25180087203391,-2.90821024587844,-1.31558052080763,1.52295532583338,-3.18930752824504,-3.54242153891728,-2.7749336286303,-2.07627609917355,-3.27275123287123,2.01307363913933,2.38446823726148,-1.78368000699368,-2.67336783603625,-0.407300404754523,-1.90105775876694,-1.50384746706168,1.37458024040906,0.412436657261626,-6.72759431785451,-2.99208828077387,-2.09003103021558,-1.38565391668568,1.52930136370721,2.87876747200108,-4.84700506526372,-1.5744319460773,-0.410707216012405,1.38499264814301,2.82887242195959,1.23462584591683,1.92488015068377,-1.76413867674545,0.0706767323891571,-3.56765111640171,1.78010716879107,-3.25243501996337,-0.408416298628766,-1.5208275484823,1.24747361564812,0.868772789129537,1.35931024565715,-1.34301076388715,-2.227735931844,0.959442753760257,1.04567441839139,1.26434143302708,-3.49417692516687,-2.96030396178809,-2.7958635998726,-0.936407596916238,0.522105174243403,-0.796557550018592,-1.80460567129327,1.26733318271239,0.0298137895146053,2.13031656162527,-1.98393297041695,-1.87127676768169,-0.715803959208886,-1.90600980551293,-2.56691320516425,1.42247859410637,-1.59831514367772,4.35149886553699,-0.498576295516288,-2.41944637927089,2.05881496392179,0.171067956660466,1.94448380388719,-3.00613628526858,-1.5336018115141,0.0360534619850925,-1.59822452601082,-1.55162297289845,-1.00121636237954,-0.355320545601665,-2.21441335209257,-2.57583967782209,-1.10491289258786,0.761571512856324,-2.65087163910468,-0.581068717705066,-2.13215914330415,-1.92963446127045,-1.63437937051152,-1.32729008941317,-1.41831315583635,1.90474100029,0.27832261903222,0.890220035705875,-1.62929140478555,0.825949833370908,-1.04097621094059,-0.709204946552483,-3.92815693896181,0.486774806634036,-0.497553743489672,-1.78696631532784,-3.31957709543271,-5.71403907772974,-2.44028591420921,3.44271494117786,0.933624787443687,-1.52274337591912,1.59507807717918,-0.549121750453241,-1.26956209388024,-2.95171113181908,-1.08101916449535,0.605606014588535,0.434750012604596,1.72264674407881,0.340320282566324,-3.3407660940058,0.527487087598416,0.254333032373612,-1.83205984748768,-1.64944903348471,-0.183060776632038,1.94051112995974,-1.61806608813526,-0.971112989626506,-1.42437804825794,-3.69344215505928,1.11481458269452,-1.43632777933196,-0.265888300546909,-1.9856639692302,-3.86765502559576,-1.97601056379906,-1.13166124392669,-3.43837896826206,-1.82098881203076,-1.89516515813604,-2.04321445068548,-2.1779192725736,-3.61808162967767,-0.292886689549359,-3.10184807076246,-5.35217373570514,-0.571231890693492,-2.24946537328026,-4.03892164688735,-1.65166281172153,0.982156414857832,-1.92805776705035,4.97023385978025,-0.496105869823714,1.04827742640174,0.739721358891123,-1.70049904980412,-2.37949290293263,-1.46552699828526,-1.64239964512467,-0.345223102485018,1.85381671536727,5.72852062311193,-1.94194505336529,-1.17399490288066,-1.87698021056073,-0.724184836253997,0.641481650788805,-2.73576275816212,-3.49055431425269,-3.20247830114177,-1.60625723252617,-0.952530942537029,-0.802080982844543,-2.14158527734349,-3.82343923074468,1.50425070848621,-2.95060932638076,-3.26501099972498,-0.612218043549243,0.943442991199722,-0.747886814718371,1.29970174178389,1.29590289532106,4.91241508890376,0.581785545139362,-0.969302296524088,1.48741186980267,-2.37578533331863,-6.66426861406992,-2.33966163364946,-2.47115867401414,-4.43852857152349,-1.79675219674417,1.29696293226915,1.27741494521871,-2.53293902499823,-1.88351415301023,-3.02433737022696,-3.03445707597547,-3.04009472862333,-2.93617376253092,1.92250901735697,-1.02612804034535,-1.07796918747542,-0.458488097367277,-3.65076834162706,-0.0147554603017864,-3.13273934800493,-0.0332842240949526,-2.39782946170107,-3.7302719956562,-0.971083390929823,2.56648855665316,0.523667037421876,-0.657836195254935,-1.71577367033252,-0.846052649846072,-1.39564819590494,-2.37192144912725,-0.301157343433183,-1.81079287635115,-4.20788252421719,-3.57481253415889,0.614510787849462,-0.455970533611292,-2.34603881633227,-2.71919605388881,1.83828508660693,-2.64667675651188,-0.163583518419526,0.308191764336276,-2.6121548865934,-2.02384582531345,-1.78112856991764,-0.700304427130814,-0.335058854071814,-2.93191181310669,-3.38776423541119,-4.18058980329263,-0.332177022324148,2.08334047215843,-0.286274748977507,-3.06068643760494,-0.118134787901548,-2.98548101005368,-0.807901238500854,-3.82419529726384,-3.14076969456395,-1.16147715581391,-1.68019314888825,-2.61805420514234,-2.16434560850523,-1.27721058598214,-2.58535964000885,-0.503511739143263,-4.36715183056568,1.53388703706599,-2.67369177884701,0.389362331508594,-0.485128118562078,0.698676606863988,-4.30724619018902,0.463701111379487,2.64906160696235,-0.786900087259107,-2.61941755043121,1.29098572635672,-4.30828488263641,-6.25103131480085,-1.88110385095342,-2.18519160256836,-0.930133199013393,0.358307763031062,2.55542834464396,2.99411417790131,-4.94199765207513,-3.83197852365674,-1.04807976220534,1.04559539773157,1.04863176298726,0.381897380708815
"4",-1.16919365382156,1.88941811737385,3.95950462240506,4.24865898076545,2.59639700117935,1.23224658583805,1.30436107828103,2.99093127111638,1.13759105987451,1.13046809850598,3.6628533269719,5.00034793705854,3.10517387847966,3.06460124697348,1.79738126150589,1.93473461505847,6.15377518583379,-2.33311445459709,2.98787278909136,2.60017404568385,3.13408009776457,3.79462263439115,3.84384273883743,0.312994621242368,6.32970611840809,4.33694908597167,3.14935170422128,3.8477188490621,4.97117200811239,0.793685859978865,5.9592522451919,5.55522548364538,2.17465239782352,2.8735817652072,2.56071329122477,5.88788642008922,1.73377171129325,0.549515974204752,9.42350840659088,3.08021738074393,2.67671836826774,2.793567119109,3.24571851363137,3.85299584444887,3.43725502364498,1.67733725612381,3.04433561237381,1.58832237095638,0.633440215014781,3.6394416241579,2.91488736537273,6.91692257318624,2.01592895210056,4.67322845074249,1.33080943534932,4.84879945154318,5.09090211111965,1.52424949714337,3.43227426009665,5.18839131279451,2.78454089848907,0.658672478060042,6.07017244728581,3.69776432580726,4.73415485586196,1.85538175427374,4.29266376824369,5.34889268638322,4.05570723079056,1.93718830689541,0.011851462631153,1.86658088497433,1.70803948276235,1.59247137995781,4.20038693855928,5.35889631401167,2.68163578462982,0.623901883550532,2.82705528798114,3.90878472107994,6.42602706588376,0.436046389537415,1.3432169818221,8.25506629685223,3.43808209879108,2.01494596557213,4.1226740384961,2.17976587646933,2.23245065323195,4.29422768260781,3.7919196424795,5.1681451024133,4.06587211981981,2.98811776881307,1.84929287247086,0.872047977921222,3.81364033767671,2.6915777483105,3.49410735109169,3.95926932798211,3.76943707319706,6.1308885467081,0.161954401495807,2.26999915421527,2.13260987083683,3.82730654747149,1.19250324249538,5.54022900367618,-4.13808266719177,4.91119275260806,3.03883550643559,4.45545553916427,-0.0784639013569648,6.32733106110276,5.78903457744596,3.7379559073633,5.79557288717955,-2.45333600795478,-0.00657624327875972,2.89173551402811,2.02975014877635,2.80636359301312,2.21906813724432,0.930091693261232,1.66793322881144,4.35903095343004,2.86200707731454,5.68609694458845,5.49322396730691,1.84153944526178,4.19683317240301,2.39778226940598,4.49709827343518,1.13249395737328,4.4574963858878,3.66814711172165,5.98277757451692,1.68923886374239,2.31164083619207,0.966894025838426,4.43147925989176,-0.276679429508346,4.19556023078109,0.840319051010766,4.94679922997144,2.72592179753938,1.13511037616916,6.52416406997632,6.48472975842124,-0.755628317347421,0.108619732778614,-0.0115031650809194,4.5261857187875,1.93802771446214,2.87572598500753,3.04624391206487,1.6526271373057,3.93876859801143,3.13255366340664,4.79914787757034,1.26993264256782,2.59272807309147,2.10070731364893,5.6512310206726,2.44267837444756,5.55622146007802,-1.04443402509124,1.41684232767949,0.208564659419497,2.77434789051559,4.9518500988446,-0.884252613340613,3.18093437146086,1.2662792850554,7.36203140006633,6.24508317104585,3.58307167091356,5.26163327475815,1.62141591233608,1.59945944481764,2.17572466503003,4.00068927463386,2.2287756883163,-0.699814942381255,7.14531619339277,-0.228788251765381,0.894474079738325,3.53394415171272,4.70540103510888,2.79146952779833,4.0430400253405,1.26822004030099,2.21434762299855,2.62089819835587,2.04467718301127,-3.07595546703981,5.18373571279575,5.21992681131945,6.07850467394023,3.51678371427667,2.47327473388467,0.57286474011647,5.23069496696548,3.99088991786559,1.21749232103031,2.73513272040291,2.66678341194898,1.65660714304957,1.17494522096305,4.40483715540728,3.21612211630182,2.96191433233639,4.11080891110027,2.19896300212622,1.80288759333016,2.54077759013164,4.57228468941274,0.563377581921383,4.8747473848885,3.02088134041093,4.97820692873597,3.43444382842426,1.25624794013785,3.77990002488749,7.02951250319372,3.31755964113834,3.97337547045728,5.5844826755291,3.1481849388675,2.67091717857324,2.45354645693202,3.97028353047237,1.03273497635644,2.03559318422787,2.97348567849679,1.57991570145602,1.0642172093752,3.84994656103222,4.86358286549283,4.71733007316637,3.22927749554221,4.3258593228819,5.29417093395979,4.11149843733468,4.67304873633231,2.41538043609035,4.04426184274219,1.77509712985805,2.1219654284044,4.98367321055453,6.27019512702956,3.35777140581238,3.23074860994221,7.87699353511064,0.756193927757491,1.76503946108738,-0.0252117975521595,2.92036102066238,0.755834416530325,-0.350327119193916,2.55649997071273,2.87069884735453,1.67829791470028,1.45638224172657,2.27513458321397,4.82088730429342,0.1775396562453,4.8861101094686,1.49166099612545,3.03454907032965,3.85849968431034,2.0068509152341,-0.236038235605792,0.515234955121038,2.16786678174083,4.47740182369792,1.65890965824464,-2.92878881062591,4.34210225611796,0.277970602329856,1.91999258473325,8.20747913812626,3.7855848998001,3.47667898197551,3.68654038128576,1.52507235096628,3.27110346176419,3.56431279650404,1.68004945829699,5.2439049181891,3.55382479827405,5.60900669106747,1.8054468592976,3.84321989177456,1.26232479011748,4.80088954905037,4.38829157793308,1.3953769216662,2.30116244138973,1.36058995653734,2.86406250612732,2.02345962905443,6.74316633881191,1.41451504020062,-0.214987287573463,7.33339409313467,3.04308231140631,3.60436675417602,3.16099515499973,0.689726098528591,1.72472763508502,4.06744592332678,3.41577729601712,2.75290560617954,5.3990724320496,1.25941870197768,1.48833982067688,2.09094989176427,-2.59085380255645,4.48166316173708,1.95937686616844,2.62358905530479,0.665832119332982,1.17530032709081,0.388369422818687,1.77711383898688,2.10941712775954,1.43885544817978,4.7699483473593,6.46202797202561,2.58075430734921,3.02268739913927,4.16941471010295,2.59500546883526,5.27872714141592,0.524977410229947,6.07018307637533,0.22262825213242,4.00004691468852,4.25659931675377,3.82468174497165,2.58353982514134,3.55337169667274,4.90037385825698,4.22778515405378,1.48216930594677,5.85847482868891,0.928862567420591,0.88507615725069,4.71776335122621,3.60640815736299,0.598318887919761,6.11420567573439,0.556471686456471,4.96511989865502,2.29432898546684,4.5199501077012,3.42083767905089,3.87021686647993,3.58685125755767,2.33704448871989,5.79535115178293,2.47779433137337,2.8310095147116,6.16315350468808,3.71989116486851,1.21886411153743,7.2705799616923,-0.572455378366672,2.56666887809724,-2.01722765075347,2.81745922615291,2.16571254017027,7.35229658968388,4.96272401050499,0.75871989784622,1.8629856365166,3.81980111667899,-0.168866562102572,-0.700318524894848,0.697229862198307,3.09082316824101,4.82506811451296,1.98100053489167,2.76718453738484,2.69639399001122,3.45690568646595,-0.826319433761832,2.11252285256894,-1.96451185761123,4.14373394379416,4.63761806815859,2.83993670747996,3.9068822692739,5.09901155476255,1.67208498906589,3.86370359586447,-1.40933660799982,4.52414561698836,0.74858052042304,2.13240988977782,4.22911978578419,3.82245264607861,4.32149737230136,3.21264564745784,1.55793074806477,2.8828720797339,3.46419247505308,1.06638424905079,4.39479460694618,5.54974136461723,0.493764565349811,2.05889677378357,3.15349373190801,2.68002248591119,0.488161182517513,3.27263556286561,-1.72748246381226,1.43460145056934,3.24341362657301,4.75036932512435,2.90442653399866,4.52498951819869,2.39267627654829,1.76859989408109,1.41020443338555,0.0729664393141003,3.02235676003028,2.66859001566934,5.55146320448149,3.70354205454638,3.35722681093769,5.91438938042589,3.94358732291206,3.22939048072689,5.05816300230214,4.14820238867997,1.862639952241,3.56092458663908,6.51512461847575,1.00642443845971,5.95134602292081,3.57419756988347,2.03712245215431,0.744090885068313,1.79622405070693,5.3933925820052,0.695864886117655,-0.308916561447411,-0.863318711140231,2.20835811655067,2.14931927757582,3.99444911682345,3.34159831027272,1.43363800614759,2.18829879927478,3.47616583868472,5.24448158117839,5.81534513962716,4.19516780854867,0.604146663776191,-1.93013002556147,3.26515109771578,2.52915197055186,1.9378794201325,0.537325873984954,2.60826836962487,3.44967294352656,5.76455414995398,3.13028432155341,5.12190858930191,0.936735216397786,4.41022324061231,0.943099562501408,0.474649221265401,0.578935127331555,2.23515287121443,-1.17155830281531,1.40635817611669,2.07423220241211,1.80282386624458,2.90311482887108,1.43909305814599,5.51152583181678,1.81158084592859,2.6424538040274,1.77590012557458,1.60944675796539,2.42360731604172,1.1030809414974,2.37575159052025,5.18961762678711,2.58348431548355,-1.85313111946425,0.359780841984114,-3.63823421254241,-1.19218803566467,-5.64235856788094,-5.2321116580284,-3.35031507508278,-3.10194745066535,1.5703362319151,-1.21685381669375,-4.41571506606996,-0.339842814837001,1.60992887910904,-0.787042170690241,-3.88931236993546,-0.186661083083206,-2.16705676165646,2.18474447957918,-5.61185778690649,1.48711759873818,0.858553754006572,-1.02736503894193,-2.72538387014156,-2.67925412123444,-0.140421090208267,-1.22366713464703,-1.90112484804233,-1.02200643809245,-2.08054448028662,-2.52510158859176,-2.57822512023217,-4.61327992020359,-1.4068844830082,-4.52262432883845,-3.62359174496838,0.205492679007247,-0.000692219656959425,-2.27128825260104,1.89117956151951,0.619178374934587,-1.24790293750548,1.87908463138701,-0.970062583169976,0.527000645625972,-1.94693340502934,-2.51538806353669,-0.593539559611979,-1.13208122746449,-2.79370684896056,4.32632783782559,-1.21497903437344,-2.65698529140853,0.633010565149246,0.995765130323723,-0.16307294002986,-1.37953191392965,-3.65933726417807,0.0162495750631673,-5.47685518361803,-1.59405218309699,-1.74933238214194,-2.6219839304435,-1.87406182492367,2.42626908777747,2.35520941706581,2.66382307890772,-2.93292202527058,-0.665048029631155,-0.695896097297755,-2.5409481215552,-0.282502795925625,-1.38856797359762,0.596659624866469,-0.308617869262124,0.827371747324328,-1.00263740110087,1.0057600966127,1.28102584315988,-0.284523673407741,-0.961398368014022,-3.8417016212846,2.4042982422669,0.507519549108569,-4.80123798813016,-3.26321963492935,0.410853577635015,0.700150024717473,-0.6288148881136,-1.64828412831994,-4.54890457899739,-0.954659028909511,-1.66749006298317,-1.23789470195023,-4.40601375700735,-0.324651659049159,-2.35618331436634,-0.390607316128874,-1.39948195176553,-0.499297482854973,-0.937492003414215,-3.30870243396729,-1.41865363823498,-3.2691507362494,1.60425360273577,-0.2231889009879,0.805943525454266,0.508501689680017,0.872427091765111,-1.8174721048476,1.06350453290412,-2.27962167407897,-1.89706126891926,2.44896402106229,1.38528961116089,2.13714616344734,-0.187347503334494,-2.77204335263614,-3.59477352378782,-1.94551773595344,0.218022095562424,-2.96303218281289,-1.1079037712102,-3.57216507387772,-5.39814641226598,-0.3835998388949,-2.25101478636883,-2.76117566567824,-0.532876292580281,-0.325557500889712,-2.71820624103512,-4.07497244393962,-2.45264939122893,4.05988250885118,1.34594538508241,-1.9968347946659,0.729663303631653,-6.00020824346274,-0.401313234599432,-1.94839063321952,0.275437709695707,0.373893734097867,-0.347432281955587,1.65335484801685,-0.568561399906494,-3.99408083821148,1.691465312573,2.12400264108165,-0.856655027191846,0.525907843306523,-1.23677779424335,-1.57596272882268,-0.281351052109575,-0.526499964391833,-3.20947480661473,-0.696342515018177,-0.981392862434112,-1.54547429328752,-2.76694403868996,-3.36055816801625,-0.465693940970452,-0.785016411284283,-1.29557562436634,0.53845541090883,-2.0581546474054,-1.098970763562,-0.433837091930575,-2.35103923723757,-1.86202666710491,-0.734598847637448,0.360703964500398,1.20691465583749,-4.97218191176292,-5.01831764192005,-1.10184840872826,0.0415418817241091,2.08482153707337,-1.80777154483741,0.0518703947118035,-1.00665408460534,-1.88035406751813,-0.924799037954515,-2.47908906140022,1.00246076063347,0.788284439026022,-0.885669810602257,-5.63777435448412,-3.0720205917381,-2.98447140773157,-0.13123875125727,1.70602535459382,-0.569147160372463,-1.84881720930845,-0.551496035886842,1.387093581714,-0.525845612839322,-4.42816326307235,1.11521656594592,1.96625079246856,-0.0624145005010338,1.2505704462736,1.96105186724027,-0.23998874904272,1.22793987766052,1.86503773889508,1.27187257951009,-2.67488807501022,-0.0698561991084125,0.993352423372374,-1.71635068434571,0.407161300453008,-2.13380684338297,-3.61220072474995,-1.30387257530483,4.76573442580232,-1.19176137494118,-1.04558347195888,-3.248479074931,-1.21428490142692,1.0712810723449,2.28961399277864,-2.22954807211622,-1.42698392901638,-3.33626432961011,-1.38247482210963,1.03222068699415,-0.343250711839422,-3.08151324566182
"5",6.48267230696963,1.69514622214858,2.90886889916325,6.46999608941722,4.05004503037187,4.87918362784737,6.27553860557938,1.35384495392213,3.3664792786146,2.54755593733909,5.8294979126659,3.77295405305766,3.89520716606598,5.02328300591985,2.82498773567406,2.11595181685104,6.37339396902836,1.93175193620634,7.23690242497478,2.90241648364208,1.3458220414028,3.82865962684648,2.18047578566552,2.60131987677807,3.41704015764713,2.25711424595959,1.7764859875539,2.02338062272981,2.66869651321898,1.86662606844627,2.8245209751597,2.88179266164398,2.09027828320147,2.03549361375268,3.39787276785636,5.49667108863929,3.25320354307893,2.48284210961346,4.90675815017757,2.29873195372708,0.898203051300339,4.75429734259282,4.10870368572836,1.64680012033599,3.65994963314872,2.5573884164438,1.9145688805076,5.62857403953407,4.23625518442995,-0.268760489798108,4.27851422397069,-1.56476063047016,4.29453607940951,2.27578950043023,2.33061168279162,3.06833372725245,-0.384596319335222,4.66220172945511,3.76737794411917,3.10082000299812,0.571948626715188,1.54496703168554,2.5072684250824,4.80876346607618,1.52317037606528,4.73427082410199,0.93698966952304,1.56833059916613,5.51341932728909,3.01810755394829,4.33472745249272,3.94462125357997,0.129345283467308,4.07853216446554,4.13499325140828,3.76044012081935,4.77154969603235,5.61856265642661,4.88159996105193,4.38392928934381,3.72739468565885,3.89077331535979,5.62382834682539,-2.25252760779238,3.80333645573668,0.708047154932202,-1.05946907951395,3.19072131790119,0.464579962374994,1.47078804183787,1.71754682229247,4.47104675708306,2.68757062738444,3.91826772809469,1.87021647261008,1.74826155884367,0.926238244501718,5.17570112747664,0.422822191013854,2.68979396096271,5.76081279274743,0.224665136812234,4.00362755225546,2.20697564891382,5.80724831770546,3.44224013627555,2.24410972132896,-0.333478746356076,4.03850278349443,2.20646557843258,7.35675598869191,1.52737537728919,0.522624026515852,3.52411543404124,9.04744322017291,5.18784690351277,2.32922791347241,2.62858031764017,2.80244152200011,3.51183944079615,2.79249846845087,-0.149181332221255,3.10252199713603,2.49208446632194,4.78555113518719,5.91449083129385,3.18571841735741,7.27248756483232,4.99981520482151,2.59132080820256,2.29329277821968,1.21664598155056,3.77100328592807,3.49777059208252,1.0024716961697,-1.32234365801853,0.561158709822106,0.588551478638333,3.0081081427949,1.12134712927132,2.92385665146217,3.45486750977204,4.18278868205995,2.97602493494975,4.13419818896457,4.1260029740333,6.19038881866828,-0.96109237699933,3.63901171714207,-1.12865454992886,8.24049155190576,3.82391717862908,4.0220641211317,1.38719291185,1.84368676553106,4.15624161405741,5.01752986640538,1.66254200847563,3.3598348786607,-0.438129386157149,1.56595529926827,5.01478272641727,3.58630290629243,5.12326605140013,5.71149186705135,4.7517125883651,2.69078502170402,0.211264954605454,2.43212314934229,4.60679413221125,3.00304920860734,1.66304372827077,2.73754656359797,3.63739954445863,2.87636626323296,2.61098753798203,2.28589958373192,3.14422615481819,2.78503796843017,4.45125106288629,3.47387636452378,0.483829822242896,7.16866494940204,1.38451805370701,2.09109717268475,5.21818228761276,4.28282199471969,7.15387790307602,2.81236154946457,3.78681343339777,2.59617229626576,3.30911877959819,4.11821569532129,2.87770328943458,-0.348837612832483,2.71911568462496,2.00476048775337,0.291496544585703,2.29707238084753,1.46510236837681,4.96559760741113,6.14219430125147,5.2074611705081,3.24314563094854,3.24603367837108,1.89670315183564,0.170360508934538,6.46420986119457,5.02595568750577,2.70010596344842,3.11963481121117,3.06748345504145,5.4815320837806,2.46180480917058,0.874201388908074,-1.89430547699295,5.67359445767531,2.11377161908103,0.874003453224574,5.93480010344904,1.42772350370026,2.15405751534278,2.92956169883885,5.4188220371933,1.24124865962833,4.58323282169313,4.2265043278111,6.74304556579313,3.78699869721281,2.24956711367625,3.84991708142694,4.8680118616374,3.29715547388662,0.747294022996015,2.15099625649216,3.59907986574058,7.38447309520092,1.50822036021169,2.48424387994742,3.93532873691053,7.95712954508729,5.39103515149687,1.4685332207688,-0.649001953132309,4.68349933648311,1.60430154270529,3.20056055250528,1.80889794941119,2.8751615814938,3.72777775845017,4.64730443804436,3.8518556547126,4.54689702438168,3.07130028878576,-0.623024143725828,5.01865598725245,4.07791171690397,6.30031107995167,2.90296783311624,3.89560388392504,-2.25791866453914,3.56669011987493,2.81306545029403,4.36378054437566,3.11632713735203,5.93930295107979,2.50428305485187,6.8013880866162,2.85227718316942,-1.53210698458125,2.60392094665968,4.99767473325225,1.88724185327994,1.75526358020177,5.81790971439029,-0.177342901675305,4.52762144218765,5.05325883294094,0.0489693900269588,1.89492111501947,7.05523153641729,2.38088419935384,2.41594102121021,0.469809029724163,2.77465066428746,1.79385689249665,3.20051389354487,1.3726670641326,3.37146960364379,6.14963482983598,1.7923438175534,-0.74195611602159,3.71899136723797,2.87945102660406,-0.443062306997228,3.44231622094054,5.81261563030884,4.79681792774601,3.271151169814,2.83691997665662,3.74576376845484,3.20682215731216,6.76088620080534,-0.876901295384362,1.06938896873085,5.14180681583743,7.76051681965241,5.49879255002911,-1.0084233086156,4.13835763898238,2.82160432044642,1.03608242824207,2.59544618201472,0.556640804004823,0.257057574360941,4.05913459626518,1.68536557636911,1.22964014364788,0.0379194595962473,1.37161475492212,4.87135053111418,2.44885509058529,3.93714515117559,4.27924991471558,1.66862344391434,1.92866013657772,4.24043485835707,6.74171389216783,6.13076114409181,3.51955506937379,0.923880483432332,3.28230712670402,6.08665577407057,5.49381228998947,7.90086547537263,1.61869968495449,8.92550801852563,3.71528226344463,3.14375327911627,1.44518606471282,1.78633922182291,-1.53833264314217,2.49070697281606,3.54091861051692,1.92783690745136,6.07575101899931,-0.0753539267183778,0.920249396788717,4.11091193259251,0.387353559681483,3.17588864419016,-0.135644793224459,5.46180950046683,2.25635726309583,5.16791154872164,2.00110273550884,-0.757198152352103,5.29692877789812,-1.30909376706899,1.30917379888327,-0.000169613050478024,2.28722144231203,4.37222615392755,2.66870029764523,6.24754920179591,0.966039882865141,0.467914709038426,2.98219859558224,3.79953418216562,3.28180500542886,3.89417623473022,3.32717048028745,4.18670491848816,3.59833686343258,3.51619556710013,4.33377141491193,2.47647329740483,-0.106089296229742,2.46092169163297,4.64798407990631,1.45561684716577,1.69741231180809,-1.87085742628963,2.60773262518534,0.0115743618350592,0.536976061620659,5.47532260450579,1.80650279903224,1.01599973209113,-0.336162316188787,0.31289789290682,4.41057749119209,1.47295942700549,-2.34619527200538,6.03616035261829,3.48120051930788,1.78641409609294,4.80685784362054,1.24766501958495,3.35485929423943,3.76915765192848,4.71451744374317,1.95802447252705,2.75578315228229,2.1975510560498,3.40515117481285,4.75155691623103,5.45283403787834,3.54184186805084,1.49560692135762,3.89976691218199,7.33110075150371,3.22376884395009,2.33877580696717,3.12829792403629,3.88877466862235,3.16846756744798,4.36648995357052,3.96393119049014,2.48817377606745,2.12185998087216,2.54559780640527,2.90341262340394,3.41163725381034,2.69198087502903,6.33150906742554,3.14954402269361,3.25229891913736,6.8354345628632,2.46003264967793,3.00259646547417,2.14101940922982,1.58809858060935,0.62756113077754,-0.25863907223581,4.7891583198275,6.32383936745937,3.65058330049379,3.46394213344965,-0.587634610527687,4.11005924700178,2.70587814088844,8.29854625745798,7.7319280719312,2.71804432265754,2.08471255990296,3.5961055666418,3.84499032030826,4.33885930949945,4.12853576535268,1.55176205849511,2.39271943557964,5.94419869047841,3.60834183301954,3.93026982737743,5.8959557804918,4.51672715645364,1.16569861668308,1.00298415558198,3.53224510877487,2.6782368371916,1.65928560620242,1.0716986434287,1.00744281366384,4.18807598712643,3.18562179320128,3.82107356904284,3.72448151517997,1.44624345194824,5.02643584423868,1.59774197650155,4.57266147129269,4.48908048743367,4.28790191234893,0.368720414172592,3.66326104000501,1.36278873009827,2.84665710893249,6.70313685350099,2.9271156045649,0.718234079964116,2.35544304385992,7.6637373172414,4.82362466260942,5.57749874857154,0.989476864077554,4.97849393199597,3.98422669088518,2.35818328050529,4.50025503849683,2.08669225250746,3.42191255125161,2.99672805729107,3.52192611092648,3.26696205889231,3.74811962220039,0.916309788817775,2.91533104912892,3.11919835715202,-0.658791122504117,-0.664986261652989,1.69160451440316,0.487615627896022,1.08593628130566,4.84592227656339,4.33085952818345,5.14723074632099,3.55233218761631,2.84106921347472,7.31817442624127,4.63693434028214,-0.339147670798395,4.63856720156885,3.87022817352642,2.24785787455562,3.351816036697,2.92708884040265,6.73018037786176,1.04240759889117,3.43828813480763,1.6007445024655,1.5316857597946,-0.298748614699604,6.02593466581184,4.0365465517857,-1.64362055776632,4.00407230965018,3.01963019527175,3.34126563388393,-0.234068953408603,2.97486709802414,1.50581117618431,4.05325650074444,5.9944568872705,5.03044233670461,2.90110804595329,2.73205169270304,3.96185150695611,3.96772611114729,0.653786314329159,4.61694508472861,5.78300525649198,2.1200920655352,1.99182015719321,-0.0462367276504501,3.74433330837321,3.37122641840364,3.051115290244,1.03953421490506,2.46608275017541,2.49008552966429,3.23025334031344,3.36944589125059,0.647671106927592,3.14922559820105,3.10333487900169,3.23396469407013,4.27348210168728,4.50669780062198,2.82203548219224,1.24820366168744,3.18887158777334,1.94082079443039,5.05742233086135,3.78798508807831,2.82993680257048,7.19625531844414,2.70107447536487,-3.3075173632055,0.716759085769217,2.68321255982051,2.50602505199985,1.45252231978065,5.04713308703752,0.972474304114444,3.90300338282123,0.887263015237125,1.11565428323818,4.79902341690285,-0.392118785372795,7.89082523852927,4.02062313463868,3.92293641029201,4.30133507905758,0.0171408924154162,2.20237707082106,-0.353509674184008,3.95295164338056,5.77931395619462,0.394945413208506,3.91418576231564,0.692300143276525,3.00112741108322,6.7791177316185,4.01892943045505,5.63845866083277,1.46249527774852,2.00254414209608,-0.583051384820145,3.33568072538185,5.45980220636602,0.770045521378075,-0.652481708872926,2.09838963845666,4.36450331222809,-1.62805956576481,1.43755170405078,-0.500506795818492,0.48990123014928,-3.48681251472904,2.18794052254293,-0.823867151973783,-2.56702298216992,-0.152199592563733,-2.23253423328614,-4.36123487722476,0.0890041888444644,-5.20974379632378,-1.73984316977135,-1.81837784341559,-1.33723683389195,-3.96770386363614,-0.225242499847697,-2.74576329191479,-2.07203629408765,1.3091220185328,2.4104780169644,-0.224242503726217,-1.6102674058192,-1.92013010483845,-3.63699844748186,-3.36408924618607,-4.34105536597749,0.0018125766131516,-1.66607334875825,2.27051027146592,0.976000306237057,1.65512699382442,-3.61962114533611,-1.29963471579989,2.01091766716011,0.795083495674554,-0.312513931122817,-1.3959665128923,-1.33488366855512,-2.50636038667007,-4.12989605211782,-1.81660326420089,0.437160062142625,-0.615422823270096,-0.0325163941692793,-0.161244590374764,-0.265266018671094,-1.34178863070515,1.68538512066307,0.110708808577733,-1.26744831644694,-5.38032737352221,-2.00069069858571,-3.22548839344962,2.2213077146115,-1.94124559250666,-0.840782998053232,0.590783911435884,-2.59904216475643,-4.32528435502665,-2.54487111851241,2.61584879529368,-2.9046639638215,0.879053221505223,-0.173227062118821,2.62774147684373,1.14743842575008,-0.122314700920282,1.15283555989017,0.939694688403579,-2.75007923956016,-0.159972792874813,0.026174479821631,-1.77080380561612,-2.84585483086557,-0.880465535361453,1.04371115998447,-0.831274659663459,-0.446440354162582,-3.51267174293655,1.16750247577541,-0.645010929331753,-2.58103992606124,-2.30583934234965,-0.895058529310354,-2.23061567705096,-2.01404764971544,-5.33232499227244,-0.602098426476187,-2.12584924957413,-0.981473415258592,-1.14615537563595,1.67793334973468,1.25333521693294,0.105244896988813,-1.42969631185842,-0.749731840183473,-0.891574991845624,-2.3420713346262,1.40259840990103,-0.331965514559621,-2.54212701012243,-2.4094740186553,-1.48078810792168,1.46164365608137,-3.61228645228506,-4.46852740282266,-0.225149693329568,-2.59495932757059,-9.28169887433348,0.257557259409366,-1.68408993392156,-3.23085651624523,0.771658092089695
"6",5.52377503604423,0.117832196730766,4.13389641042296,3.09722997997609,4.52219370891437,3.94654945019946,4.49311299666323,3.27340463537522,1.19250568954672,5.66606560740679,3.5097883026515,1.69430696592134,2.61451915480745,2.84341571421704,4.13008999748754,2.72016177247947,3.08060702110194,2.25534417131266,5.59060479364169,3.65268268830699,9.30352877170495,4.23175767850436,3.88423818304757,3.27906568356224,7.36890282170251,4.75332467079011,3.85483976214318,5.02202516201268,-0.068229128171323,3.69095463516115,1.72461754492546,2.08754640601293,7.17004448747601,3.09311680528183,-0.209979569271863,1.29488066777054,4.45345736931253,3.3645138338796,4.19870217593777,3.54058449422687,4.92171376262211,6.10639744843844,4.08271747625717,6.20893520750814,3.73380073134025,5.43787236109001,1.82396174389934,2.66330490823509,2.29914004633681,0.992359246082367,1.47366040041104,2.30287492193226,3.5262065454181,4.10220003351018,3.41263860614468,3.49006002253352,4.29274000283993,4.47620270357492,4.38716177816034,1.50777458789942,3.61131917382325,4.01278742475008,-0.28033434468497,4.27466620790367,1.2965533476925,2.61506611515179,1.59547613320857,3.06349752335895,5.52468544238221,7.77091246452865,1.87255080936694,1.74942709661381,2.34368886899895,4.47699173612411,3.87663842370229,-0.196205676286365,1.67678064994364,1.1044666067261,2.58463090215964,4.88684833324159,1.89903365187567,3.65849341183564,2.00375954342891,2.87511624045407,2.45630037447215,2.52353037794172,1.96222956019092,5.26179465270826,4.22411646477774,5.73235835799753,2.74266539785427,0.0166011552359406,5.54864883910681,1.79074389189617,-0.941079273015993,3.67714573241384,-1.10176371311037,4.15411035423427,3.63259343568118,0.431028011686213,5.47361052978909,2.59128533334104,1.1894691464102,2.0467483188164,2.38939256166931,-0.360148987414528,4.60968234942554,1.25299317557861,6.03779990756957,3.08436334158021,3.6830841754602,3.09963767577275,6.46965662810826,2.87543408442877,0.645797286106562,2.03280130299256,3.69865079269804,2.58095044838316,3.10813591405216,1.86158445500816,0.180835732451257,2.89308612295755,5.29652107679587,1.48838350651711,3.51738044883927,4.03330794291067,4.97115731120686,0.217698003510806,3.09020386447821,4.75719416466176,0.312690573129769,3.90266788531371,3.88874865233726,1.81815204070096,6.52929822042121,1.19676903569025,3.11729233860208,2.91550504193956,4.28304543237364,2.80574542566504,2.94384159272388,-1.7977451017325,5.05042189538097,2.43625703991868,-0.5276537727237,5.97936362160295,4.16638050241443,2.28008981852162,2.85596143893044,3.48105262820633,4.66435497637328,4.49348320554406,0.500910972896332,2.22154402555313,1.28956624509639,3.81901502242129,5.61034061365615,2.29426466379249,5.44012598993384,3.13599344490431,2.87299900994182,3.82203294213414,4.64496736923206,3.45414795066653,4.14199123825986,3.68912757140602,1.70102380529658,5.93128454434993,0.0894984782940025,0.0835093655923225,2.35066820535988,0.880882634941067,4.79934885508932,4.03728400248329,-0.839921238846658,1.80966885820432,3.47629583194135,3.93575747783031,2.41168965298831,0.332595949913166,1.30538845103692,2.75383445156342,2.75394457558202,3.79738982497341,2.74697759913009,1.19863264783349,1.08295092548034,2.56339442263314,3.31319934521477,5.48841538778618,1.74049765762129,4.39532355484496,4.60161638569096,2.93040213199431,4.14688608592799,3.37053552317289,3.05450314623681,3.40218077752378,2.64342737364522,0.759320676343969,2.93196487607303,7.14931795892552,2.88240987405188,1.0246529641352,-0.414863171962252,3.26859804630939,3.31008157710841,3.47315119881202,3.76621265041248,3.50709973644217,2.63045775724211,5.02246222674962,1.95083701583774,3.80461869233388,5.55781069733676,5.72830435056362,1.553006286952,1.41325321582511,1.72618112346631,2.79721729273189,-0.740589233865564,2.62319871892388,-0.0761461039067957,5.47710935388421,5.89908618201235,-0.118114755052019,3.75441423509689,1.7635922073456,0.439266899454732,2.57047755780197,5.33919775676204,3.26702125999335,4.02409781833688,2.19116309150002,4.20256979177732,3.82361357016154,2.25642059418083,1.2769145438734,0.416366601675505,1.81294543921523,4.51220269268596,5.97473438347272,3.10360287860111,6.88807935312071,2.84340776901894,3.27438779884948,3.54664365270764,5.94482219631898,3.51423742944104,2.2414208186725,2.68914661365391,4.07776247471992,4.03680804864466,4.33438722564103,2.27216694547547,1.89851623534873,3.71409755504481,3.45105986338728,7.35124400973105,0.855242645429883,5.20552398952792,2.46191944515793,1.99440810103911,7.69229294247589,2.17622447262968,0.912314765313988,-0.580489611405886,4.87817179350024,2.29818116343253,4.75970700704347,-0.188179640899611,2.50719509835327,1.42773104893975,1.84332806263667,3.32786002634161,4.70451540423627,0.9635645640449,0.667800050266236,3.08773640704721,4.24086043560065,5.4264474983008,4.59365856005399,-0.778009173174889,6.2002374124783,2.09886278579522,-1.81161906162304,5.18475249414284,2.08810524673947,0.678601060973264,3.31211273673738,5.22904576025736,2.29761011283083,2.02087332396662,-0.974236871140679,1.5123121978292,1.19902882119112,4.20472505210072,2.19706986487486,2.99402209300893,4.65582173075857,4.07847030192448,5.62162169375293,2.33278457409869,4.08408063927608,0.701437915994376,2.98572240355112,5.90953682166259,6.21373728578019,5.40573602760929,1.8395499352318,0.2668177758827,2.05321392967525,7.86733399008213,2.99238817082613,2.42809892594087,0.608777624968085,-1.20489422627908,6.49083491760091,0.0421588271409661,2.88430234436939,5.84683946953341,2.39473487706262,5.11718226307731,1.37935787924415,2.58617111351985,-0.28815807735877,1.6736034570181,4.62067192629163,1.37998942432191,3.31027974472147,4.49455165239693,3.29459717228367,3.980363608558,2.41509767479558,2.31918320617902,1.67188129487337,4.50962023175669,3.10493598456719,0.490539637069538,0.85801362116663,3.59999361330355,5.06139492281383,2.69826621456142,0.478104958387946,2.89371834433947,1.00687192566389,1.81070788199328,3.86533049209827,0.499379535053183,6.22552142397256,5.97577041176055,1.17623979100601,2.23155649758626,5.06665896494431,1.72490142354881,1.18805361533584,4.00039736287787,5.75354045173382,4.10798629373775,2.92790506693182,7.43292878779718,-0.331688286015011,2.70071182291579,-0.315967492782455,5.45303666326768,2.65405064537299,1.20026159115152,3.21247712711256,1.91872574882892,1.74800879791475,2.42897884292282,0.857316075429625,1.85552267777414,-0.551305091887961,2.76588108161048,1.59023342125658,1.16771499418934,-0.619792103381129,2.66266076925609,1.90228607287522,4.37910211749729,3.81230187843771,2.15427456311875,5.21114779561583,0.526041926540316,0.235404913067139,4.16718044665065,3.46253592073558,0.734351455956984,3.45269914115288,5.94356008784106,2.54224092388038,4.09730872838096,4.50995617113273,3.25382968507226,7.11115166433859,3.28632073930191,6.18378515186764,0.949189418487797,4.99150609189817,5.32007865192896,0.963807543311652,4.44939399743678,1.98483109059512,2.1393284619084,2.30236768836669,4.25491924358926,2.71790508631768,1.53117393327108,1.32679434029526,-1.19038320553306,2.61605499603712,5.33558768929955,4.3623004384749,1.27391248906204,9.81085879321202,3.35470457485837,7.7049002256108,4.19259634661342,2.02668757003112,2.34614434420188,2.99577886100976,4.7473838138577,4.44076839066236,2.5315038094469,3.95673048563852,3.09478244420372,3.97599728672916,3.2648474695469,-1.01351332641622,2.72550450560985,0.518782791083604,2.28401749885899,3.28517257450081,4.51675119553399,7.33202831073834,1.73427085246681,0.91728421678339,1.79745750342248,2.44503183948406,2.00118900944986,4.54090501442335,3.30841036420769,-0.422537667135475,-0.17546406389659,-0.712923494505155,-0.950126760410929,-1.56160801783524,-0.64001566529684,-2.51066876513426,-1.19485549480848,-1.62058298386903,-4.58248230258634,-0.874610816957859,-1.54359880669339,-1.1011166436628,-0.0787637282714428,1.53857670412671,-1.54662548466002,-0.571636600953879,-1.15134329961664,-3.74866033258148,-1.3474253631759,1.01713262083356,-0.400724579837016,-2.30793512078792,-1.2227869176364,0.484333806013517,-2.49431135644116,-1.90633235192117,1.47859553971516,1.32044880500412,-1.75285860409372,-1.94995461139414,-4.86935067378346,-4.58078405526631,0.390507013883049,-0.865441083255263,4.08500077533985,2.63423039878597,2.3282569147751,-5.00165838894969,1.24486326900483,3.1202762643559,-0.95278937209553,-0.111137585113822,0.51420022122565,-2.6099184649931,-2.50270302213117,-0.577613243290875,-3.52579230661592,-1.51206237487096,-0.873700524980928,-2.39976371919703,0.265391404934751,-2.33798600972228,-2.28768575938764,1.02052444925732,-2.85658729995785,-6.18706865228014,-0.466430743941227,-0.654411306971479,-1.77120797909465,0.62039710755172,-2.57757132538586,-1.01127743019738,0.0452379405099472,1.66131318616655,-0.543781795678618,-4.4322849704794,-1.0141159348713,0.478808628932499,-0.0632593518982641,-0.510641057419122,-1.99576191982003,-2.11275816359952,-3.84265104608724,-3.08269578364627,-1.9570148688799,-3.04628071861338,-1.79263481327872,-1.69094904328153,0.0361548975987471,-0.695811297073289,-2.75702079065678,-1.41572453652586,-2.55117427887683,-0.301889243566949,-5.39113224625046,-3.63382501899849,1.36370657197298,-1.99037542602925,-0.146082011529681,-3.22197389330495,-1.80197016120174,1.33937921564666,0.253403503654625,1.22178162116505,-2.70744154300859,0.375476944793718,1.03994352685518,-2.51336168092904,-0.487031070245971,-1.1244342714086,0.223989818259157,1.67751747020891,-4.08410609369988,-0.341677212312323,0.12005752922334,0.968117265292185,-0.916166060166096,-0.290871085010086,3.56391316806688,-0.335338647619156,-1.63459692250929,-2.00637901190715,-0.643182616948426,0.4409014551736,2.03647940146693,0.753788824935875,-2.16173786409598,-1.89824152789356,-0.904947529493631,-1.77514148099687,0.253850327292072,1.40319642838134,-2.50687721203145,0.202197672582577,-2.08249103473086,-1.80080722855181,-0.0923930444277037,-3.65347420076329,-1.97142331127463,0.70782565413146,-4.78619998557707,-1.3604490775763,-0.692658304787185,-0.638801652020076,-3.35889620420395,2.01579701479375,0.549078572098589,-1.09445166724914,-1.11544598390008,-1.96919339952704,-2.07150343487559,-4.61246628360663,0.459794904592253,-2.59395759573429,-2.11364631690092,0.992756616407369,-4.25479303742632,-1.4882975140534,0.691863636993532,0.822971364226443,-4.35761472555307,-0.831495912642905,-1.92389017346205,0.549286426305435,1.84115379211839,-0.827936845316878,-2.46728489065638,-2.04583249349268,0.122553612047036,-5.21244778658136,-0.950149653500997,-0.0820792927472722,-0.924700833497224,-2.38536190507804,-1.41958094075441,-1.04368228372451,-3.35088114912891,-2.71714563390963,-0.437019732417829,-6.50141290027368,1.19473241483881,-0.1800394718804,-1.01261707139739,0.661233488935636,-1.78783837574182,-1.6270638357181,-0.482096379623073,-3.60874251960556,-2.20816687192779,-0.631070292020772,-0.827580667545735,-0.556490533302819,0.388016865428265,-0.857882407457846,1.18354884115845,0.265801368776868,-0.708904354159345,-1.88093307704287,-3.32333844809747,-1.68474752753262,-1.79733475251778,-2.85051728689696,1.150982301169,-1.16697647981964,-3.54597153119725,1.86812916393289,3.35322231129508,0.082558760248312,-5.28098111786968,-0.313911601908804,0.545636004773989,-1.14207909125004,1.54824671460787,-3.6838062952034,0.515315920081069,-2.86282423045692,-2.36893778406605,-2.15477824317086,-3.02700642445717,-1.98199271763226,-3.15950981827787,1.06589066563973,-0.624427689560839,-0.602674552626159,-2.57659344870647,1.08493653596639,-0.179261874590459,-3.06151511019691,-2.35343800876501,-1.21300155881531,-2.39350190892557,-2.01474278549519,-1.09206673867993,-2.03914323630242,0.515399519094278,-2.40153412601895,-3.0871859048767,-0.578166852547332,-2.72499807309818,0.191329919530953,-0.300690222759411,-2.99296655734624,-1.34851896126775,0.00677159194620747,2.01147820665796,-0.904195020034865,-5.45810409886069,-3.02552845327777,-3.01118901214258,-3.76679045339882,0.00575868824225223,0.792874079730541,-0.336590939699111,1.11988430043078,-0.0983935025674815,-0.0769836514051313,-2.20405302897181,2.57156399470843,0.0376693632127523,-1.37938283957391,1.31620922758372,-0.43991118302823,-0.247127571519945,-1.72811843717257,2.33224579952181,-1.4073027058692,-0.835547843231625,-2.88459809811014,-0.415759354958248,-2.00319595323431,-0.476317286872321,-2.63684294549999,-1.71977555872779,2.0567240930205,-2.37163971837326,0.196803562146629,-0.245593922920875,-1.8338224631499,-0.14136061847924,0.132281236892581,-1.04345763234646,-2.62855190594749,-3.36894749745603,-1.98063841711751,3.19650401385601,2.86376167839706
"7",2.15822493385733,0.722281749147133,3.61281709881297,7.61406635243968,4.90760330969703,-0.861008951425259,3.13849385639848,4.21483344861483,2.82731271049353,3.62097885387203,5.79392000936016,2.18865041707202,0.437256224727539,4.12890222781144,2.5214568924119,3.65481208993323,0.767289804973036,4.71600464228724,2.4844337817732,3.09208646458561,1.46043830433727,4.11293072959509,-0.37245133965776,4.50231501738038,-0.316181307886354,4.872525914763,2.13242000469135,2.38971117847178,2.1135439462971,4.00578563053035,5.43449599260097,1.57395867609323,8.42381642370869,3.98501817890471,4.84775412896582,5.31759772031092,0.608175515632806,3.26617278220638,1.1914682920394,3.55991583042612,4.00519600555068,1.61975482081727,-1.71336163458347,3.08349457582387,-1.41231653962775,4.30369939689634,2.83042188445939,1.46020574167274,1.91436684907578,6.67588817041165,4.39908173548428,0.682508398032862,4.11600440778692,-0.712722271534055,3.31372165005062,4.80080067285381,1.71559082741407,6.1907317200829,0.731959672471348,3.43653700434637,7.14785622616701,4.03606650077445,0.00539931351282608,4.58370169419682,1.57064077210086,4.21151423761159,6.70763384390137,2.44291619323454,3.64962350655227,1.91798559193265,0.533110906473449,1.16188315880491,3.13240201018521,-0.123843359892721,4.29050287102603,4.48994603035578,3.28511024538982,2.62413938014157,1.36846209461907,5.50339899624762,1.52785054067682,3.83290035427643,5.16225631280385,1.35437889524232,-0.901026285025833,3.59227220936287,5.80361263225287,1.73291745518696,3.06833878735631,2.70489813329069,6.14999623921726,0.622127947653875,0.901604163800096,7.52919054492426,1.49913420160561,2.72861678131341,2.03159243724055,2.11542008994335,3.34137789149544,3.44305329602626,7.55992079139622,5.10173128706212,0.365242639067116,2.68515969210751,2.98323247307036,1.90579192925923,5.35529162133392,4.90387032337323,5.35710724458646,4.49358756911141,5.92308122893326,-0.659391887756982,1.25796165123251,1.63012387517471,5.40395395403976,3.1561916083525,3.11421768652395,2.4758362363817,7.06442790451375,2.35645962496079,1.8229326799357,4.97460408409882,2.63239800409631,5.74647263964626,4.82189232419843,-0.318923692906941,-1.69356586954958,4.15899665340312,-0.904814589785127,5.11333442745245,0.89599862925499,0.0296637451582193,4.78217847874301,2.88738616222656,3.37003598591567,1.67894593090273,4.84953919731315,0.330730037838007,8.13510108858377,1.42449919852144,1.44679744937784,1.8068805409028,1.68801733383332,4.22962483840697,3.37711138512407,1.75752227064323,5.42863785490421,1.68623342777264,6.61729315039803,6.41799984679977,0.122387596123657,3.3650103231348,4.78055071281045,2.25397113423274,3.32166155675097,1.46515333488958,2.49855020583433,3.21705080764529,1.28009919402341,3.75375706763933,3.38240575589676,4.13301345912147,5.44834009671581,4.34795989758817,1.67649010868779,3.71625522647341,3.58943854993706,1.79654856483191,2.61912105879796,6.24239507244751,3.12935470300711,3.88877469010079,3.61230392980426,0.773573803779581,5.91653637643867,3.76232329192869,2.68453418985776,4.12113241385282,5.31527457741913,-0.853776334349849,6.31939005047166,1.32881321814643,4.1629908142669,4.11806147942281,5.08040362707461,4.41132114873564,3.49646388549952,2.50621406454345,-1.713567442234,1.91772898559871,4.17159888116637,2.34831534683987,1.8322070714372,0.566361058075284,7.85143023077555,2.59564290849284,3.8900087903528,4.7789184629195,5.01939144818112,4.58176789565599,2.52817751623974,4.61327244876649,3.52823862623556,4.4416353439768,-0.117173521921858,3.49200121820031,1.1766733516747,0.880418878541411,1.86861610424409,3.30652453453595,3.63329083242152,3.54951438238223,3.38207170944742,0.6837539596369,3.3686410717207,2.46864994278926,3.74506337146698,3.29394285997526,0.586077607610223,3.36998229684629,4.71887082228,3.08938916948326,4.84063890893576,1.28900683430036,0.709905565959743,-0.159068350114761,6.22030778556856,1.23025504172903,1.11645015035814,6.7171574492751,2.89623762908052,4.96949711703985,0.367013221527713,-0.253859962654993,-0.407509604105677,2.0428472748113,3.4964282625278,0.566957952144123,7.0449040783008,4.94524155882306,5.19346423934175,1.10482441743595,3.45196936633938,3.38634470178926,5.95599717797718,1.33001972583028,0.900391798339848,2.96890353856678,4.44394040450801,2.96326105260368,5.86536094470722,6.42939836410701,4.74381745597212,2.00059723132974,5.61575648733078,3.06212818898058,4.04331948361017,2.11172625225333,3.18022591303928,1.00057059909326,-2.5501791602733,5.49052228485222,4.7968333973922,2.34577704365209,6.73445687959006,0.888730024076635,0.106864681139499,2.88605769030998,2.4400595548676,-0.145544201373272,4.10626448690163,7.1201742246635,3.52165163243173,2.79480762177198,3.5263037950072,4.85575381369533,2.70676084487078,4.13711052733675,5.0521163390741,7.69756665422088,0.150802151339228,2.07347059441496,1.9363666687069,3.22362233764893,4.9121346761915,5.35657249990929,4.03893168653149,2.36733632707626,5.83772968685568,-0.0953375214038399,2.87498174747375,4.29383291639672,2.93298435826197,5.76554288933773,5.61823111859789,0.954157410745772,2.17664117727076,4.77913050905016,3.15529226285148,2.3569809652385,5.77096736651273,4.02013749272703,1.88269004103299,3.13060190701773,3.70015893856217,4.9812311155768,3.6660131234257,0.628305871758536,0.224481875673967,2.41672816780142,2.61466232078905,-0.783637830697431,3.28461233011494,4.66619531463588,4.04569188506228,3.98195348689857,3.01913301536557,2.18662039456457,2.80670423273782,3.39028600313732,1.50258531364257,1.93805837740274,-0.158911877508343,2.3841252454403,1.07161397757182,1.72241859091143,0.760664124448908,3.55515423220786,3.09208255277524,5.6433351103295,8.66945243338844,3.52291432541178,1.47950481185307,4.27441211498983,2.72147781277554,1.27731169968646,3.73133429541269,3.23956502139581,0.699811223233431,-1.88463698003289,2.95794873638002,6.3885049293343,6.15962667749687,3.53486955044786,2.04654602747759,-0.708685400307213,3.22451976058675,6.31058053720095,2.81340085829211,0.260392155850993,6.24721964920069,0.812153043230427,4.14849491676996,1.48907121293772,2.49204312273446,3.97221648099743,-1.82918619105784,2.1561604584865,2.87841382707045,5.2641414444086,3.85809917968684,5.03781352313733,0.360943142557188,6.72690573553611,6.88673855121391,4.95053421488176,5.64949336954546,2.75795098113169,0.628926297620092,4.13378434444518,1.10165094519201,2.56536189004005,2.96255881786246,3.85242468286882,-0.261597964634243,-0.0880957257025226,4.26375318549864,1.991182963871,5.63531558545452,2.57528318147327,2.53781300540935,3.28284799304825,3.37100717989987,3.91219949002783,3.46719819257563,3.50460346357368,4.57823068893409,3.55243152419589,3.11931092287312,1.68005079820522,0.116277252025173,4.88058882843899,5.01785807500204,0.449628783871557,2.25583272996648,3.31520058046018,3.29572577774573,4.49353295917044,4.46634717527585,1.51988164826079,2.74000226091077,4.43148245988243,3.22020925637368,4.02598759847114,6.23444983948682,1.55442813726599,3.85969634677728,1.57175143962565,0.392082961307425,-6.31798217701601,-1.75471881729936,-2.58746539583145,-1.22582737491238,1.80800271423695,0.678625619757482,1.81032201996927,-1.63363146864325,0.628087235050762,1.49889611524051,0.842247847886444,0.166031448376231,-4.58968261079248,-1.88962196915494,-2.21974504525839,-3.40732084439035,-1.98580648755668,-2.74175038232,2.92548631175285,-0.789642664544962,-1.01782267600063,-3.78641021280464,-3.0290379439815,0.540572587137337,0.0145186411672906,-1.64261480157266,0.856831608440177,1.65161372218154,1.53962257943478,-3.65372686409688,-0.934678160237684,-1.2509236642832,-0.915251722129358,0.374409871280126,-1.17615200895092,-3.31860573868207,-1.16505148368257,1.1410011999523,-0.493413890237469,-0.338034092059528,0.620005880372392,-2.6685312942841,-0.568094624955577,-4.17588535899541,-1.88517592677881,-1.18683430671901,-2.35848029198505,-1.79578523804552,2.42577445815366,-1.50414638842122,-2.41230651462841,1.33020573889609,-1.618008929896,0.2848109066757,0.800553884049407,-1.01838055676568,-3.97413708027221,-2.31866896628758,2.31815639282093,2.08907466615529,-1.8967039216069,0.832356463027826,-0.186649478295169,-3.2151685385103,2.20782413796867,-2.82037173067707,-3.52231359678883,-1.30193903392135,1.8119268599975,-1.52951113224929,-0.966840223830554,-0.704367919892875,3.38989425662083,-2.56479615254731,-1.40921252846789,0.470307751502532,-1.90600313701174,2.86504299842646,2.56809650999042,-1.63131948429068,-2.63875706116811,-2.03710308655861,2.19864860250651,-0.0866557938820368,-0.212559370460415,-1.62546330048871,-4.42007482674718,-5.26767743471423,-1.66754897875633,-3.59892404896194,2.197660740515,-0.829709516586001,1.03725957276304,-4.4788691371153,-2.00734819582554,-5.23664669421411,2.09788606418303,-5.73834292702677,0.709937765502066,-1.65710638389922,0.389822532523317,-2.33739593842125,1.39324874342875,-3.35273323976993,-0.578093510340407,0.873670296329967,-2.1393665190655,-2.29095770693995,-0.872152825612317,-1.51488373844633,1.27836400512714,-2.89841083149582,-0.230990602591074,-2.32152411190303,-2.83625557313067,-2.95785977805871,2.77791896169285,-1.50471768835113,-4.67324919662432,0.166106995362492,-0.0213939590659061,-4.00602202740988,-0.909020670280814,-0.901574636087808,0.355859637290057,1.19866610072051,1.13989885425182,-0.0630628516357724,-3.63396500127921,0.392683381274298,-1.83280713095499,0.242922792195322,-1.84120202227346,0.621253152203536,0.0430056640343031,-1.54527051350047,1.47187576690748,-0.891022496101386,-1.39762671617987,-2.43252114408487,-5.49140444336686,0.0787561957730174,-0.396747697479151,-2.26749335616874,-1.48552643616537,-2.5228331440592,-4.19126579278051,-1.0499682873631,-2.67517739556906,-1.7347347093115,3.17546362041809,-2.50069796125047,-1.4311837695033,-3.53736395541331,-3.37138479035869,0.0119189776014683,-2.73588600932403,-0.0781154349705842,-0.47372410872846,2.38630299852229,0.393239323913734,-1.28276258221914,2.62506970130874,-4.56180342152522,-1.28942201587391,-1.91058308776965,0.0704312696617635,1.39537799076672,0.155742554444668,-0.38589710320238,0.0976588875367412,1.13263358619246,-0.83512337961457,-3.88093061431787,-1.28957321266238,-1.63829651261447,-1.28182500178427,-5.36830869410082,-0.535539506788233,-1.70530473789585,-0.434275649948151,-2.32292329194184,-3.11609463381383,-0.272985739112204,1.11971352488584,-3.0861333214272,0.351872033207202,-1.5454716770874,0.444012196739647,-4.99394642184738,-1.53540307532794,-1.3742747547544,1.15670947614862,-1.57920448900887,2.70620083110174,-0.756067539366345,-4.11302922587734,-1.82552291722782,0.582592721146988,-0.693364662093993,-1.96454943000287,-1.50482428650164,-3.80790580791327,-2.4204447650819,-0.0294660547188172,1.29478576294567,-0.912110178463159,-0.963081865695731,-1.17584615636186,-2.49095794828463,2.29386910120081,0.476912270808088,2.59772783120593,1.93902711516845,-4.14848230664994,-0.435402332398602,3.96100363806152,2.05665119066073,-1.78657387453001,-4.79089956748308,-0.376751882585677,-0.38986342641855,-4.98727206199431,-0.533488129293263,-0.382879632950128,1.22072701917407,-1.38421261164334,-4.67130717123244,1.4577372213829,-2.14809139551334,0.321431471665692,-3.41906203026295,-0.404059630222827,-6.32782864211283,-2.64828472766904,-0.0564773644594083,-0.536940604339608,-2.42074416049579,-2.58859745089019,1.32740065591914,-3.19873411002977,-1.64304503911371,-0.636700434795827,0.886411443529717,-1.55811621032981,-0.242873091377329,-1.19640926766611,-1.37164634408941,-1.72310482738151,-1.45222136629663,-2.13912709076957,-3.20317336157388,2.04721995817699,-2.48545200284965,1.30867349363601,-1.54988121374626,-0.128636610688644,-0.59395438513383,-1.18684376356071,0.769614247940825,4.65303694697248,-3.23279516974684,-4.03739873639147,-3.02614280007795,0.345187329779334,-1.9946764347758,-2.32911502273928,-1.32876712919458,-3.83186495579174,-0.879323179542217,1.1541939431447,-4.04980533597073,1.18521338307272,-4.17603903578811,-2.21589855302701,1.36662717117924,1.69325741363485,-2.05910174271098,-2.5253644488073,-0.0279019296024781,-0.932362495468366,1.63460542111169,-2.06173701882305,-2.51350376066801,-2.50342485932444,0.54385368237831,-0.668077452669809,-0.941746249000418,-0.366090394503328,-0.8276319617977,-0.472618184067692,2.2028018086022,-2.40828277380654,-0.302844871317271,-2.30937606370972,-0.664949823842228,2.91868500942197,-2.96062920969551,1.74689184849904,1.13516743243263,1.95729882663757,0.807860394459351,1.6184768545496,-0.929813029802535,-1.89264972873737,-1.62254264518011,-2.80564760062084,0.176255825296362,-0.938824845976675,-3.30572349707829,-0.807026774867141
"8",-1.78216517369199,0.613245449499504,-4.14619122918202,1.26099381199758,0.333862879279093,-1.70902047448551,-0.124632333207611,-1.63614634090623,1.71240299943165,-2.77492476035706,-0.626899944806746,-2.19902674113544,-0.292516813055312,0.40829656223299,1.49564537051493,-0.394563405127271,-3.63610315359255,-3.89879266847064,-1.67622111686832,-3.46101170186488,-1.73506711790211,-3.02466418400193,-0.794594901538761,-0.435636777230119,-3.3276901802993,-2.30658768357003,-2.85926083295228,0.469872423805473,-2.29599218809571,-0.238540394154113,-1.55835637766592,2.10237034361936,-1.59394726415689,0.633924188689124,-0.543594868293296,-5.25605823958665,-3.17984930070238,-2.74940485729353,4.14429005712657,1.78234649660079,-1.86859478309146,-2.54012451567558,2.33495646230673,-2.67620076010909,-0.307272571107596,-0.885201008801062,-2.39879540208059,-0.663434897772122,-1.67077523221488,-0.916616554280548,-1.71051744479701,-0.406404272489301,-3.29538754975193,-3.31278138369616,2.77961761443039,-2.98412471587606,-3.01062779395658,-2.31217664622866,-2.06830805075458,-0.424824052171964,-3.02231809182933,-3.24130230883374,0.671657026963087,-2.46801754507192,-0.0027489096306319,-0.842750222220234,2.3536895608272,-0.930336469217246,-2.01137958261798,-1.1081802735868,2.85818817840486,-1.93891814362025,-1.0358187038713,2.63339434075605,-1.75299195685963,-2.59517683331027,-4.37291537172006,-1.34627017735671,-3.17459698331471,-1.25831734784091,0.947542707357783,-1.48870504359908,-0.77023532382135,-0.857913119154634,-0.917073002149627,2.17165899044247,1.84049126155003,-3.47466825704055,-1.62955946382039,-1.1449458320545,-1.08657892819148,-2.57889221108614,-3.8875536901565,-2.38733313069198,-2.06538260306556,-0.950043673178465,-0.799821609497354,-1.57281574692562,-2.48578212262137,-4.50066728762799,-2.85706657873312,-3.97432198675573,-1.41933913475851,5.68337673286112,-1.32428133886906,1.67021169822179,-0.0941196813839856,-1.02152127329812,-1.81985570171927,-1.00717044373235,-1.59639499839535,-2.61653763826777,0.0756069684690852,3.50887075073223,1.34075700622912,0.113545884145305,1.36064882101491,0.631291415845915,-3.16285850993862,-0.864689881556409,-0.893578663997482,-3.01707834129735,-0.0953895097771427,0.535887919333701,-1.88687862271241,-0.248015162132128,-0.170858727379766,-1.17352757716805,-1.44839793395371,-2.24991214283503,0.182679934504972,1.91082424870752,-2.21859931799047,0.153228418356058,-0.436586288730821,-0.212017845981038,-1.53242598557003,-2.59350424852015,-4.56842552108388,0.709718617288091,0.559233707232428,-2.76304274408881,-0.369368661140727,-2.20348236130722,1.43153983430973,-0.440269722317315,2.38818139615311,-3.18502116433611,-1.24353828413206,-4.77954434416654,0.245334692755816,-4.89723568150345,-5.69945883501707,1.3288512510662,-3.00678409325402,-0.698516303486819,-2.87659840118557,1.21388389309083,0.309278880656044,0.638792656714431,3.27775343725197,-2.91758033306235,-1.7010144141015,-0.520348368275624,-1.83675754555321,3.2842723504701,-0.664959869657501,-2.147769187755,1.53079046477911,-0.86933262018101,0.640176320008391,0.245478512038387,-3.80040856400177,-0.568923580961142,0.497189173817896,-1.60686393615441,0.633879257599448,-1.98139599604026,0.598532381149796,1.66828331564915,0.218874212329891,-3.58866698154757,-0.0968864433096511,-3.77907388730138,-2.9771158058586,1.63920151140359,0.0534855151284812,-1.60767984600146,1.90986724576606,-2.08995493510496,3.14286877629725,0.5064878777503,-0.484861387473279,-1.62348293743497,-1.15804372622716,-2.06621760436257,-1.17998238980551,1.10015054830756,1.63146072587883,0.0590874850533432,0.701538481227,-1.22873625462167,-1.25001435847151,0.0774513860762875,0.549222922832273,-0.589359093762181,0.268605484213724,-3.01189568857274,-2.38066523295136,0.556496923769782,-0.745658766355342,1.69098806411583,-1.58135854443153,-2.16309128196326,1.06917513497126,-3.2093228827514,-0.738473145639289,-0.760255306434898,-3.17720502829546,-2.15841322670619,-0.800654549252487,1.04025967154324,1.48491540507158,0.450342150798436,-0.563890750125335,-1.21784937029698,0.286615722977611,1.53147758450004,-0.42044185852729,-0.435734932680162,-0.674172192556274,-0.206626306899554,1.48836718181075,-2.04632312196747,-0.175596620047675,-1.62577102023404,-2.08584125543508,1.24905202206294,-2.06021688665943,-0.85281801745018,2.82358268140864,3.36585093167051,-2.78070947599605,-2.48937838686067,0.940678794452354,1.86390154508087,-0.437710981969779,-1.36003056695679,1.28516625588597,0.363786629625359,-0.516105368558241,-2.3824465293379,2.07689163831517,-1.40752341261597,0.0871375690835781,-3.7350086294848,-3.78234681934747,-2.25607187417273,-0.0436986278107094,-1.56822896569441,-3.94893910061923,0.666628900624466,-1.45503748623569,-4.13313528259861,-2.6074633029069,2.11997909613706,0.992582789552122,-3.23892831155837,-1.51422683183913,-0.575728718758369,-0.70619363831952,-4.08415968441779,0.694428166589519,-2.93874676090716,-2.46012939380868,-1.88361103901254,4.87266667184473,-1.23418791071265,-1.24809178050265,-0.875821014077482,-1.40325485962337,1.68417000308853,-4.08068291742336,-1.39191246153311,-0.841165306195951,1.06036616811527,-2.49657080439736,-2.73979479000903,-3.55661916562622,-3.77168546909517,-3.47089259714243,-1.09224165614976,-2.96989628226888,-3.20153483130293,-3.26036884288032,-0.627701131910281,-0.75371836088661,-1.64699635012246,-2.71457227715254,-1.25739850866694,0.542653560848387,-2.99322294130177,-2.72017296519119,-4.20996613831387,0.642619302793494,-0.976261146382834,-2.67346440865812,-2.61613114907187,0.806011152114394,-1.65373542501028,-3.58231561409022,1.08290853826952,-0.23943107363557,-2.96263284740156,0.376829572435368,-1.6867671777152,2.37178314741165,-1.69575157496964,-1.56325942510592,-2.03932700920016,-0.121397581281592,-1.39042023905637,-4.53255399628013,-0.728663138125331,-0.468209675637601,-2.38326368514223,0.0201397368952807,-4.11943437583289,-2.41270425858498,-2.16611402653713,1.63496234607008,2.37143463547953,-1.24742761620412,1.27022689739975,-1.31731787088768,-2.66624794140597,-1.57209697776315,-1.06339750248806,-1.00324259643634,-1.34018695058656,-0.677218174488454,-0.995065959989609,-1.54305709808441,-3.43613840222313,-1.27778627836951,1.54866410184258,1.31481082282542,-5.64026457493738,-5.48732256017299,-3.83786225727771,5.41933680224106,-3.50214379857956,-2.43222437457143,-1.84011119884038,-4.7483237471477,1.43243173525532,0.704239416990202,-1.26250785966259,-4.89365546456674,-2.65759533104025,-0.672766705342685,-3.90212805855834,-1.63543812493903,-1.52115217502421,-1.66841699610264,-3.47982558656689,-4.06388281820382,1.51885126477513,-3.73676168348721,-0.648127422125417,-3.06205890747432,0.182845275203766,-1.05854570400547,-1.99240447857841,-1.0884233031659,1.32341660965945,-2.36796936857379,-0.522948072288228,-0.4121482633224,0.547383149556809,-0.0992533540415739,-6.48016478993082,-0.782050087621342,-0.634874558394386,-1.86203902434411,-3.562818310789,2.97636345234524,-1.78548358135238,-0.778131987868949,-0.579351511562556,0.914887850106473,-3.42672526225085,-0.338218620555907,1.14948433926138,-1.61776164954604,-0.590798898977772,1.22737373445339,-0.128359200915691,-5.07923513736624,-1.32028178104265,-4.27807013881828,-0.0659790489745821,-0.678340155399472,1.04244842464426,-1.69645084842267,1.66618852521117,2.07532664013473,-4.1970731686994,-1.28551551476911,-0.620877947635605,-0.298040471984341,0.0175630636691473,-3.51477340488007,0.451387842643477,2.41284251496603,-1.33924329040325,1.03243852163496,-0.608828761423714,0.441773746724006,-0.924054940847692,0.655066158205345,-3.41760403366854,3.30041384713703,-2.64736772090525,-3.28455903021084,-3.18985486216655,-0.180126648420884,0.668240632261287,0.293810109833797,-2.12737514534573,-5.65618046563273,-0.745347075293974,-0.948807662179586,-1.84073545325821,-0.967264659760389,-1.29196151695081,-1.34643238164709,-2.24578920367651,1.39793978851068,-2.52490051315883,-1.96531726652001,-1.15333863795777,2.07195657710696,-4.30609347238586,-3.36793757268738,-0.0862370941393347,-4.6818422328549,-4.97244848538315,-2.70085827092207,-0.54638090481347,-1.8430719572657,2.14426462850509,1.44668242167486,-1.35831752829002,2.66753270579992,-4.03046703743436,-0.195740137865221,-3.30523934399468,0.545593968424432,-0.459942419237701,3.60724804279414,-1.94197132852811,0.799791825872878,-1.12141518954894,1.62803855609956,-0.924071002185672,1.28995418103263,-1.31931006391931,0.489322754847623,-1.94077137684216,1.28864798253278,-2.32301617610566,-0.305848269155204,0.209245295399627,-1.63920341726012,-1.47759823337671,0.664033362738183,-3.49430042090927,-2.62711822122364,-4.59713488592281,-0.739176284688159,-3.07218248065755,0.259439664911062,1.22215640095949,-2.19987390308844,-3.72808328778116,-2.44707681937023,-2.99588123274841,-0.557815314038786,-0.8069747452269,0.251127265807479,0.759977808845986,-2.89893675546293,2.36761472547136,-1.69214874389828,-1.06012914723353,-3.22198631135125,-4.08791249734628,-1.23490975418715,-0.690810790424168,-0.886578784591191,0.0111618833948921,-1.37591381759624,-0.836407187995937,-0.906962185440386,-3.10213317073815,-2.29746851922442,1.23769451669582,4.20454836494026,0.58862617535227,-2.61013919495773,-2.03498110850993,-0.930442723086484,0.509929027595738,0.425825488673766,0.231388232766903,1.03722036756466,-2.33394029670456,-2.96385724262052,-6.02950148756192,0.889637120823256,1.94823209683418,-0.643014998936981,-2.68723750107809,-2.23852781561736,1.57197123699371,0.0623132264306081,-1.66349116758976,-2.70946410958252,-1.0225515692204,-1.61916184212794,0.670849761403827,-1.10216736011157,-0.686366819361182,0.560963912803783,-3.56409510097667,1.57709080741102,-0.478971797754488,-0.218030858093297,-2.64352000202162,2.25460012032778,-1.29098721463036,3.56078164460861,-0.664956218199206,-2.35939186750038,-4.20738927001688,-4.05669521077048,-1.39793024760872,-4.29095140278816,-1.62786190791377,-2.97208810516551,-0.245722554806162,1.17440351731372,-2.7498667671615,-3.63548804518655,-2.59863910782157,0.913437453495928,-2.55855602083444,-4.64445443209161,2.21985546200775,1.75562264592481,-0.899948020013801,0.721087958640757,-3.44276411615779,-1.20023975949178,-2.57431885959567,-3.71037417536054,-1.22874789907446,4.35915196846983,0.560176202666827,0.755835607485097,-1.94567371402327,-2.97483354968132,3.28122201588087,-2.20868741536832,0.382693647357911,1.67094124588642,-4.1870161155323,-3.03564365887421,0.606817503826046,-4.00787685744384,-2.21380876360153,0.697034208546017,0.134380507482843,-0.457829264184678,-1.03674648879192,-2.74337378432441,-4.20210134663259,0.569365266412296,3.70311272821103,0.990596366619438,-0.963078322178073,0.239610727440143,-3.27942262258326,-2.373577380892,-3.39861253753221,-1.60871670579668,-5.54668718900769,2.11322082832351,-3.36399766244407,-1.37312156788032,-2.54627994334076,-0.442098934846734,-4.6166182250418,-2.44936435882762,-3.57798114799444,-2.05320856346721,-1.53029185233838,0.45097340130952,-3.00385340382566,1.74151141739862,-4.32016096659009,-2.62243727900671,-2.54699128096515,0.846628044469997,-1.91335246525501,0.530936726731678,1.90673540803497,-3.04177922367569,-1.33029346084414,-2.64236178723051,-0.149327240017044,-3.36551378148053,-0.235175687737595,-0.683545258426126,-0.315190276682364,0.230109852905688,-0.217617649595782,-3.27870185227427,0.605929157145416,0.227661430936192,-3.10236234723053,-3.37032121160929,0.847476271089038,-0.235088513675656,0.0220732329400777,-1.64388530449245,2.2141674290786,-1.50703037500919,-4.06002336711531,-1.14613406371347,0.318455954133439,-1.07242256376315,-1.07751454241203,2.04412919898321,-3.60001214626339,-2.26669328939122,3.83563804442353,1.33878066585137,-0.786348320472324,-0.656741592361013,-5.78116327993312,1.89329300343668,-2.24097099132212,-0.396811544738589,-2.59753488159265,2.1355935804277,-0.118236129508258,-3.08980999128032,-0.207916221642288,2.10603897326911,-2.44185506137755,-5.26842914506314,0.83590144003859,-0.358049534791973,-1.9894575540141,1.68902927295917,-0.416123699292154,-0.873296554917856,-0.348375120179588,-0.363548631147586,-1.48306178997125,-1.58567411153429,-1.46353871250883,-4.46772900022429,-3.70485142812172,-2.62157296359327,-0.69580987169543,0.799216201784641,0.291771721713284,-1.38338822324079,2.34153651924417,1.42740186702652,2.01243044366239,0.595936769843086,-0.815987818403518,-0.609411667040081,-6.70810762086042,1.25113140090686,-1.17543012490938,-0.0958579204218897,-1.83219828344142,-4.81652336367132,0.240373903677953,2.86516585738388,-0.389137287247297,-1.37080518835575,0.0245012133446629,0.0718088386539626,-0.496855739004984,-3.04761913679982,-3.91736685025093,-2.53719782669353,0.298931551977795,-0.274295515019158,-2.65771208515599,3.49309597916237,-2.99537067029593,-1.23125381796982,-0.558151428667709,-3.0740979097621,-2.78674595964986,-1.71628569292947,-2.61711166538326,0.27427177711086,-1.8975513203904,-3.52798450700192,1.04425794186175,1.77242931889581,1.56291317396538
"9",3.83977735287461,4.18131087854283,3.5400144345428,2.74263830700264,3.59819026776624,2.15138349391958,6.76120311501533,2.22788065734129,-0.165469223251281,5.19864139307353,4.4092507913174,0.415918124197382,5.70176149765269,-1.05606183826905,4.76738432725797,4.63084168874528,3.51009300267332,4.75281347887041,4.78158221523706,4.10695056176475,-0.115616183870537,2.75125156964564,2.59713462839242,1.46732212137228,1.59042926679216,5.10419296451251,2.9529375669739,4.32392482517208,1.34606729614761,2.84740608542413,0.572588276008108,-1.8129565057672,0.94846476018411,5.41348677498598,3.5066256764441,2.76263301336931,3.74461077904604,3.94185745749618,1.57831312245245,4.11225284820661,3.59995710278443,1.46672462281772,2.33913413861381,-0.260222429430034,3.68488776362663,2.68086222939127,3.75306310556333,3.54195508145049,1.08627961883249,0.999858395238955,3.02845746376235,1.79760708431515,3.48408440289223,0.162911953144166,3.73640922423911,5.0099133233932,4.3047266423613,2.09014999123871,0.589044559957359,2.65955104506727,1.84890037025394,-1.04579502479859,4.880027364127,4.432947620485,1.23776798862728,3.01534342694986,3.53913918955271,3.92566332532959,1.70880420783737,5.02819513459263,3.48979661297618,3.68553971926492,3.36897695405115,-2.97594004164323,0.177361185709006,3.29998979772267,4.2323998219661,4.28145539019624,3.0618004118195,1.18746092782344,5.29380171346051,3.68307149542518,1.51637187372427,1.96734056929426,4.92760334589279,2.80096467868275,1.68460018005357,3.15406559339326,2.87313984218581,1.56061627141166,2.75043333472906,2.04473396444346,0.134922724676378,3.62850253228641,1.14136170456842,1.79530373543103,-0.299840112268644,0.439059695078904,2.73999838855801,1.06590365250204,0.8199444545174,2.90833083299643,3.52809689846606,4.49340330188306,5.64076643671551,1.36225511172336,1.83844322912968,3.64067111902851,6.10970084800603,4.18457223796798,0.926907268947231,1.66095778482736,3.01756239496007,3.55999378344092,5.32952271488024,4.2105357706747,6.21235532057662,3.87747787381067,4.14529961469548,7.07121965538068,1.08864544946044,6.59313392455585,1.45954857166232,4.74521137546326,0.0761285269660732,4.87678395347931,1.97809839735856,3.09016206121219,3.71881018578892,-0.799573164840987,1.97935642083369,1.31645148483227,0.979780250775925,1.62960334852472,5.17702719875142,2.82763219706302,2.06900939828294,2.13154707442476,3.05044761019085,3.73734847576832,2.18787585246883,2.82864376225721,0.731167237005589,3.50259792144413,0.813021006841483,4.97649045170038,1.12505906885909,5.83077927184132,4.12975356864927,0.466321300751743,2.97465968745445,1.01161190662683,1.56669794784977,-0.298468454566471,2.43177498129209,3.32081251407958,3.26302145438484,-0.349120834001095,4.30728321748235,4.74829004424607,4.3497190018113,1.72921168746505,1.47513646175664,-0.429150241090161,3.94982915348035,3.30738621843325,5.62674429219443,0.564167058392762,2.46305410028106,3.52631065643897,2.78653203822345,0.313150350568882,4.53917110994555,1.74924167841733,1.35002738430474,1.01012696880834,2.98488509049961,3.50285606152786,2.38027969070689,3.61161464651093,2.73972823362176,-0.839789016820646,1.9830410232993,2.15036567462959,7.01886098397341,7.14388868180692,0.771972750263824,1.76337049720391,3.02879007907405,4.79623967664993,3.25361204418538,4.21341196640635,1.32028514450984,4.69941294279468,5.05984553869116,1.94868202356121,1.6219824655174,2.2297585426726,3.62767793171308,6.50609181222422,1.27839571531409,2.30830670711642,5.43083993354491,2.65198213929962,1.36036204373541,3.60932734796316,3.2233651365136,3.32498459183935,-0.867064778429319,3.96245036884241,3.60006683500784,6.4247845069236,2.90178433672492,4.39916703382989,2.35819208614975,3.51509863498016,5.02293379221394,6.04808350811962,1.94543553328245,2.82152668808694,1.21621871665236,-0.381859998277347,2.01703433965611,-0.581801953030819,3.50392580281214,4.12194945958314,2.85298506546948,5.87751848450683,2.59788475529076,-2.39595773022069,3.93060105326134,1.61108588165655,4.99017636603185,0.41604891463207,4.02929295628154,1.77475616757987,1.73974446086835,2.52081626504326,1.79534616943177,1.74361220293626,5.12835564104516,2.06335230898169,-0.0145767651103546,6.45217305810157,6.19344118361834,2.05068446787481,3.28587897970042,4.1755314719765,3.14186042320568,5.51072363084785,5.56500722032,3.63185835837784,3.11750688367892,-0.231502941106084,-0.19622917966809,1.46862974608183,4.37082535433585,4.14538400075666,0.499279358096256,4.94001093215825,0.333629627022094,4.03243791102935,1.05526956953568,3.0310014330871,3.63880631582248,4.58402370049949,4.85592560361926,3.01992724294165,4.38122636589283,2.50606757717716,5.62806141811821,3.72599666081369,1.55573975639584,1.90537591098005,6.46996040118106,4.61752637732405,3.4023489026864,4.08447019719367,5.08651938041765,4.48024391851844,-0.0200048961905375,3.2016195333794,-0.565337033518616,6.27333374532905,3.41747074570306,3.9739660314716,3.68096621613868,4.94364336613777,3.32133520127642,3.19240992385959,1.40696403785675,3.3809045630998,3.7094154662661,1.76894558914674,4.16200224875791,4.44179960937246,1.55991170342796,5.61356693334312,-0.0101990938325032,5.93018745232573,3.97571934626695,4.61024506319108,3.23391034898844,3.05331678155484,0.233216850445259,1.33104454626376,-0.0468819504771441,1.20933038968703,1.261195436159,3.11506184005594,1.579043149736,1.02819588824778,3.50404241542453,0.897194833947113,5.88416086635908,6.6014293362078,2.3299079594167,3.78797715164516,2.58769986392182,1.37475216244983,7.43134663060791,1.48898030650223,3.40475228822091,0.465643842530979,-0.123765000792045,0.642128837438348,4.72016153075759,2.45458699016283,4.26161728260985,1.89786375167816,-1.20265042857158,-0.13834185821799,5.16690640879956,3.36812484494347,3.18193270786404,5.37988390570455,3.18423642453942,5.32570321759861,0.386885935146893,3.96998291288141,4.21266755047317,3.64711513338321,5.5600172939678,4.73857497413202,6.20471146409032,2.15183485531491,4.82401194358295,-0.408157594150186,1.05662001300464,4.20763065313687,5.07612347361667,3.84884624984906,2.55206915404346,4.72216874544616,-0.780373210553975,4.7676183365432,4.50504178270731,8.23789538365902,3.04700586410502,2.31677515368313,3.67863489773551,3.90730955582788,3.33089327540894,4.6501478861175,3.98209591459894,3.70065570519785,-0.747204793919094,5.4591057690245,2.70532850632483,3.00838940520539,0.233053038442021,6.19807371743134,2.72278648214936,-0.0867298811752444,1.83551850885248,0.591574075980524,2.9020935636109,2.89749075104406,4.15743312791979,3.73781795857052,4.318295053795,3.78357400510057,0.346120018477639,3.91239516917122,1.47611699798566,0.447031457873336,1.87682916699232,1.70951877507552,5.38276023851656,0.681825097206398,3.57347781593218,8.46036301262369,5.15855612023064,-0.198218252194156,3.86263563883288,2.92820382886129,3.80102273120404,5.07476688387545,3.18569922619974,0.296185151577513,1.11746729049482,2.57799434261849,4.27956318134832,3.02035007004549,2.08317047404214,4.42648128216462,4.03671904398474,2.28792079394205,1.05490223745444,-0.165923191206377,2.0960446567675,3.44596271053945,3.38403389065502,5.44943919184222,0.828531754017738,3.71408126861588,5.23725785792394,0.110586926296203,4.09810288338422,2.18470465154834,4.42984924907014,0.394780693505335,5.14315626764841,3.09520869061447,4.14833937419558,1.2991408448709,1.93321615569629,0.704816313053315,-0.304554659657286,2.80798003096707,-0.490395451394058,2.93921053253797,1.73797060880815,5.08972673471727,1.69462068115475,5.18174082137333,7.9456286768471,4.56169593701746,2.22940349141649,3.99778614713242,6.04339440090068,3.64126041713511,-0.240640771430175,4.83600659173215,2.0411901408194,-0.733181511247241,4.57016290700234,3.81326674700667,0.876381765077084,5.02069388985253,-0.111348292700238,2.89226386673807,5.75034735017735,8.16027379842341,9.0488580150829,0.577987458671709,3.78115725773276,2.42050148512648,1.04277344853278,2.14427632875309,2.96997954926742,4.7363978536393,4.94407522271788,1.51529485788266,0.673523959190798,3.77647006731399,5.17123828893867,-0.674922248235917,4.00236545315495,3.01406957503866,3.3939647240502,-0.431737477362313,3.93070758172034,4.76503664166105,0.0353166049129503,6.48066870258936,5.31311018876526,3.57429819566345,1.98048384773675,2.11515902392891,1.70823592488737,3.78554668815238,1.61226526191499,2.89730717747312,2.78548051059937,4.41628811138598,2.64133395142919,1.29036841579071,2.02650313507203,4.14086559011604,2.16943359155153,0.675399547196445,6.10499487880441,2.20553043279522,2.72216448173146,2.84039453233233,1.73832584137008,3.2833746137439,1.76628486807265,-0.283425059554008,4.77568891094057,1.85161138373749,0.573473627224042,1.04790183959518,1.72524346339554,4.29214844371348,1.79384821527382,1.01141609009692,-1.76875303535441,-2.57365873733181,1.19761835387277,1.74594611370294,-1.15497323200871,1.56675648285396,-2.7743805386801,-0.080045201394235,2.02889027977599,2.04085811452582,-3.37030262520151,-1.75242327687133,-2.90998814613367,-0.302027569625968,-1.1229695175666,0.0843374878935903,2.1659704074592,-1.30668414776193,-2.46745980054278,-0.676656624771471,-2.71387133558565,-0.220733039499667,-1.11107434038509,2.24833863341092,-3.96538858231503,-3.37492895454108,-3.6967250452494,0.945089954629062,3.88478747535703,-0.509505098808999,-1.73865749042921,-0.915349831542117,-4.19713480441467,-2.46215321442462,-1.50124917094307,-0.547857432141649,-2.45879115910525,-0.117645631943174,-1.61522657389888,1.01521590412459,1.042268733435,0.858932804606878,-0.225710220530493,-0.351746779446417,-2.43516155615179,1.58538830431075,1.80510188553088,-3.38023977566554,-0.0346633866351743,0.846719789862802,2.25683029901233,2.43038440647697,-1.20203145421289,1.28835509652846,-0.704285831619237,-4.53046568797882,-2.6616449607886,-2.08714256242108,-3.62744591373424,-0.226721351302832,-0.168198969645573,2.02872664658098,-3.12139651472412,-2.71700841687447,1.30841318878933,-1.9940902717314,1.9317178530338,0.760355214780407,-0.824794633371854,-0.00488951985814912,1.96443590013341,-0.222859533350923,-1.48885379309048,-4.08858159239118,0.999618994439518,-1.2013066118571,0.86894649141506,1.22314772827809,-0.862980816941582,-1.91996642829655,-1.52124083600314,-0.73991419728602,-1.04377181083476,-1.61128709092192,-3.14023045362168,-2.52783309116762,-1.58358304982826,-1.87798044315214,-1.66803073939259,0.333026367744607,0.165812155172961,1.72430486470546,-4.61379671489668,-3.31156699059308,-1.34580191286247,-2.97850871888167,0.653731937634867,-0.872604260095377,0.942282897177954,0.132768415868323,-1.10232978437575,-3.64358774197377,-1.87354353558928,-3.03032712003144,-2.95716165537948,-2.33248571253228,-1.25795728296192,-1.87725035860742,-0.506432226301942,-1.88156320531619,2.2713078531367,0.25238840868864,-0.396628056703346,-1.62169333847828,1.51411502650906,-1.87928427925802,0.734245443723178,-2.98533597342498,-0.720302895837466,-2.02797254904142,-1.98112419305382,0.711900399334574,-0.399398273986469,-0.600136517721399,2.53334542441829,-0.904320939251043,0.068987050527239,0.303469959663327,-0.160526517077337,-2.54149395079403,-1.71977873563895,-0.195919116291154,1.58013230805197,-0.121875237967569,-0.313312471773265,-1.20143193731801,-1.90502979106645,-1.37112451581095,0.475227576193985,-0.542722882656639,-1.98229244873325,-2.38365648309897,-4.21356036701963,-3.23515257167312,-3.04024769032974,-0.719520173550771,-0.590064421968777,-3.97107257574275,-0.882006831410598,-2.99256593002427,-4.52551530065694,-0.791988597425664,-1.23647047553752,-2.00769819526045,-0.266079129108371,-3.99455142393829,-3.50107795911241,2.41345018380354,-3.41025723502202,-1.47140624222831,-0.685222397497743,2.1734631766189,-2.07759196553778,-1.72067658992004,-1.99552943179146,0.943470699947935,-0.827875205595173,-4.43811075008975,-1.85877533893604,-3.06605595700159,-0.405767189643646,-0.758621502258102,-2.86476410306719,-2.0470924909846,-0.510506360697231,-3.20778681851501,-1.93174779633501,-3.55832933630374,2.62617160996012,-6.96824678697264,-1.1600339383395,-0.735645722646604,0.717927156260916,0.602358918440461,1.11110240856715,-2.63974142471185,-1.39591041131519,0.0207674189259643,-0.00878946206072817,-0.472363171404799,-3.08235937754479,1.32256636489227,-2.41571988552253,-1.54294470845397,-2.62404429083084,-0.0487936909343913,-2.9368303298038,2.92355160869331,-3.35124858075609,-3.16398946493019,-4.38427252523201,1.72225222026703,-1.66715360850194,-0.592120047450435,-0.0157103627152411,-1.14771863248252,1.37064582142391,-0.633007936414217,-2.07726433034431,-0.966819555068521,-3.95394288039038,0.900266382202537
"10",2.70988396933604,4.78082273500895,3.27893969374504,2.37939213191811,6.96984407969557,-0.583176883195939,3.0896709015039,2.87669815431632,2.06680487349668,3.6273483563101,1.43765783134677,3.21622880217186,5.26310777248418,0.441786280971587,3.38346574357812,4.12428593076607,3.01751821068393,1.56218265595286,1.46040684931478,7.4797881430477,3.02396331826592,0.352153780314757,3.02279976886661,3.25180717545039,5.20748590912469,2.32670686718184,3.60244308792884,4.08391431582987,3.43136374456162,3.82825451083599,1.322826443236,2.31731985422344,3.7705894382753,2.371808035886,1.81876001209376,1.45740128817989,0.742173779520079,4.76093541395822,2.95994589594422,3.51203660167128,4.66217617703752,1.83315793307754,0.570392121614637,1.87437793486854,1.40370724745383,2.55789040981396,3.2508533590884,2.00371712800854,0.874601186438475,1.18999639291923,2.38466299401148,7.73139359699036,2.52897887859825,4.62264775012295,-1.2093623781693,3.0269021191471,6.36917554031703,4.34857099613152,4.04106520265099,5.44558525565953,4.24528283859582,4.0793907236082,3.48024341684343,3.00841217368157,5.68009874598785,3.08444067546661,0.129782971571381,-1.37638815946274,1.60053321530441,4.26285464450435,0.755411889350924,2.91323682859527,2.85163937399969,1.47576321909616,3.01161866871746,4.47487340054082,3.07664879803094,3.06465330250116,0.964197946165595,1.87266214596405,3.47593166219633,4.49171599780068,4.20313161291688,2.78590727813677,3.51400917381704,1.05869354856614,2.13291706704412,0.555626116996602,3.41726397016811,6.83778310825851,0.427482376909495,1.1125610375146,5.44661194387064,2.01973095357266,1.99626816290987,1.01356088335286,0.394817744761948,-0.00968585481536932,6.21669826950728,5.16453914542217,4.34776761073783,5.56564593656768,4.52657756300484,5.72678996089475,1.44985925517145,3.81875390685824,-0.711724574331705,3.78488550750296,4.08992414239638,1.51703418690865,0.170310711192716,5.3985927986647,-0.197925948035769,6.73812214446803,6.24554740496288,6.80310572549817,3.3791295209789,5.74488630535876,1.59124878307069,6.6725395820702,5.08328090840861,1.99298955501708,4.18605896392053,0.768996344904957,1.36843685559053,1.9377756871201,-0.485965697853783,2.47443768790988,2.42096845293386,4.3335606730205,2.36227608930489,1.5987519657777,4.31300604151535,3.82296457987545,1.31355515189837,4.23146257579233,2.79904992413075,2.38983837185563,4.40764881951336,0.104019748045959,-0.402238741861282,5.3815103169826,7.43680251429225,0.73679388667289,3.51151905896178,6.36733902536858,3.8100590884292,0.0432689244610351,5.55988077930748,2.95164850582509,2.66109000116133,1.80313876187433,3.33250721604588,5.56338799422627,3.2808877218647,5.76104235084891,1.22456292259686,1.20273532219927,4.81670986553409,1.72994500296141,0.532994089457953,2.66727091925718,4.09884638200804,6.43172690915196,1.3510641445621,2.1680409029539,6.11951580110136,5.15697010456893,2.1002584044258,0.719177639761869,3.87562251682882,1.27672455533988,3.28457391697211,2.82422516989152,2.73253736237862,6.32074339815276,6.18588733246595,-1.6325804126265,5.56751903067708,1.25370171349925,2.3934939661372,5.30332484717341,1.97684300824426,2.03975478002105,1.01117490359934,2.96012051017856,5.55316702089196,3.89488841102661,1.04877054429546,1.32831866576134,0.942191476435611,2.75011673214241,3.92267408028043,5.32792092791652,3.95508022608878,2.71334240168804,3.43342757146369,0.615883739370502,3.93043443937723,7.63269319280394,2.30051223156544,3.02950516706535,2.06072287810372,3.83476260986392,2.03590678374006,0.255763080296607,1.31567285216373,5.05621309319128,5.33180200918466,4.51735864445737,4.15758702851013,2.0895290412971,3.82703134114186,2.99258399206017,5.73037274050941,3.24043947842432,1.08317637401917,4.56363766831759,5.49672973226603,2.48576535197422,6.74866979461559,-0.00117938429687658,1.97267673499919,1.36728753854091,1.67024657132655,1.64228824653916,5.01158738333332,3.3981434054307,3.01283689749295,0.454433582681423,0.117867904986504,6.079101843291,2.30066186824813,5.9789224596538,1.50747607591486,3.40385106482021,4.22086439960632,3.33876419390455,0.369083691279966,0.737625044122513,1.40088819357083,3.53341782937716,2.29671371029427,5.18448435996718,2.70908338224244,4.20568404109254,4.00570952150502,1.87760036096648,3.07225863396675,4.92793804441741,-0.0392815118186389,4.4566977226228,5.59257924803981,2.19001828445728,4.43240677158285,5.52910688998068,0.0605621188950183,3.14334273743463,4.78615953022429,1.01216247487289,3.17070750111632,5.02765104968467,5.26016069806932,1.80523398621083,1.40752406619119,1.18748407815984,3.97346240634155,3.01343292622635,0.767054216591234,4.40370912112724,3.95231649325835,2.84542746213688,4.22557826075975,1.54922996715001,2.90239120220415,3.51861923956451,0.326254624402668,6.75370273090735,3.52871901928551,-2.07759719086479,0.968193454568011,4.71385064031752,2.41230262809969,5.66595059384844,2.2510253214333,3.38326899683168,-0.290351647487276,1.16913263762865,2.55152277359726,4.04817879023922,1.33648034452096,-0.647371446832843,3.95344068744811,-0.395519633114657,1.59417083707402,1.17223296135405,2.31967820176151,1.02866014236157,3.74837331766171,1.26434005921817,5.50981854278476,0.903647694711135,1.82088133776397,1.72412138522762,1.80329516439583,2.7596601075221,5.54077735234054,3.86051258553145,0.973922251178257,3.54953920109679,3.28110332571471,2.82413875556646,6.68235291921815,2.8120815800093,4.06440137145066,2.1830518420624,1.98592054527511,3.52310214341556,3.73426471252025,0.0804927814266456,1.71045894726558,1.33332749240155,1.59329072355734,4.03795434573398,2.28021437608535,7.29255539109582,3.26813427924639,4.20325649456136,0.0695871613428691,4.88533211327015,4.28822197311118,2.28618016491827,3.29358011692353,3.85305005154617,4.24796660820975,2.5363530453749,2.95415909009253,-1.10206527837649,6.81336470623949,3.63861465733634,1.64693954750114,1.39037042743451,1.06089144106969,2.05301533392854,2.00235741582991,5.66444199554153,2.03278511532855,6.0546907594134,0.328588034011084,1.33665096340378,1.80955025755097,2.39772177013362,0.405559588648133,4.78031251627896,2.49167545947232,5.6421315807583,5.56582713996598,2.83273994557674,5.24974431777212,3.28691119703723,5.04256527491501,1.10383131212313,5.43032338943352,3.06996241937805,3.36858676484357,2.35439783245207,0.441822169199441,4.25688769396696,0.369003513788361,1.0339271890284,3.68200576808619,2.14743680246328,5.15418717753158,3.54833338351345,-0.87594505196145,4.57381438757147,4.02466775113499,5.52944899827351,4.28658646350531,4.20203999848666,1.9675687054225,4.66966545179034,5.60019052208222,5.22722349098483,4.29062907409905,4.13636270524648,9.14769946991036,6.63019899801507,5.5040870967531,1.1127897232348,5.42206323048025,5.17922999399236,2.46429227011544,-1.70324078454071,3.35845463718583,1.6549485982218,4.48618723912723,2.86051824574763,2.1032259427265,1.10438414095311,0.26681280361831,3.73086157966053,9.56237197842987,5.49237550776513,3.21456188362232,3.03684384621803,2.79228961387312,0.117874627979339,5.72011789576144,1.15964807804931,4.94483836624469,-0.779335953534776,2.95414925532209,7.38186620567376,4.00945432827745,1.1241573513962,8.0430727802094,1.15074640079583,0.290967173724496,1.97936010067351,-2.12178626169357,-4.17287503135825,-4.20774620554549,-1.40751560454777,-5.46327341598967,-4.50612848098753,0.406062750526883,0.702029984620859,0.280044512166525,-0.467413813272288,1.25605643416958,0.875007520317298,-2.78675172370725,-1.27175203768118,-2.91894812648232,-2.40187227696002,-1.3193883021249,-0.984502466785558,-3.76213626322945,0.186247001307648,0.0313837811117588,-4.01714253260103,-0.447744487484177,0.232287150217137,-2.32656970058978,0.389292081942791,-0.595514931484008,-3.03791742832041,-4.84632062295516,-1.38419859014422,-2.75641266918478,0.75533327672441,-1.14072495439218,0.720851336944723,-4.07167077631272,-5.72776355990274,-3.67773536997839,-3.24023903917562,-2.14858931593218,1.40509845944241,-1.5737595556091,0.921544960326276,-0.829903757981054,-4.31575327469201,-2.49715843742541,-1.4995155126716,-4.87070352614466,-0.657011519513377,-2.87577870598317,-0.170236962055459,-3.79744058001831,-2.53865875185422,-1.00638544473492,-3.07637332521169,2.37156914095298,-0.655816872821608,-3.5293926191879,-0.0734749830823566,-1.43775059332208,-1.49307427386597,0.512663973156969,1.32123415773503,0.111158626222701,-0.134965040295253,-0.0103418857627277,-4.18305373675035,0.850206489820437,-1.32599256231367,-2.71317048731513,0.163859068349034,-0.646498851970756,-0.353205910466496,-2.30556875162646,-2.12954465119913,-2.37858922487978,-2.2735638557578,-1.80191359711794,1.26190590568352,-1.22470229490921,-1.11028036838989,0.988994769257086,3.42533889483929,-1.87559019560762,1.01699731159061,-3.52113557149442,-3.5997157358589,-0.507069633402253,-0.652758428889374,-1.31179484997182,0.173370159366133,-0.0180526320969611,-5.89996365334102,-1.62217118712255,-4.0165880662467,1.79258709733082,-3.79257608134738,-2.44615775510654,-1.55478812022075,-3.3724853543401,-0.77024348598471,-0.144238011327017,-2.40237326908383,-1.29337213402898,0.720211640671691,-4.30608259838851,-2.77389859470483,-2.01761036882989,-3.73770237394713,-0.856802765448574,-2.08897304623265,0.156888034768033,0.750051726938392,2.05216686739866,-0.944585844717633,-0.749262300534602,-2.17402253248199,0.0666428810517854,-0.983171293691879,-3.27386359669628,0.809341056227714,2.98727814879273,-2.03874995564771,-2.9209819240821,-2.55497027214014,0.00213332486150231,-1.41271740787661,-0.838760433337474,2.1740259275539,-2.65778512365316,-1.73333725950647,-2.7698492855746,-4.15913068822717,-1.28247967833715,1.75192529473943,-0.228238985518875,3.0584851852802,0.315218367165479,-2.9868548082318,-1.76957592416862,2.89345801522633,-1.01207983820032,-0.19455331978869,0.721563394371326,2.02475921185963,-0.544270741582702,-2.96599555698957,4.39658771976784,-2.9879822977908,-0.333398621837432,-1.41158262559068,-1.25303311862576,-1.48854092416735,1.27596878822776,-3.316099856144,-0.995976087191954,0.446427992026056,-0.997074651823164,-1.59953234005863,-2.67880092555662,-3.40039242159309,0.394487941979667,-0.367346679582043,-0.354823882768336,-0.413154163346712,-2.55684372230646,3.61789631471414,-1.46928370558066,0.0199336749144108,4.53794893935121,-0.319756527670551,-2.10198203472115,2.75687722171803,1.97294259718346,-0.0753665422565342,-3.0602989116173,-1.47984398692938,-1.91903843185244,0.976589361263145,-2.8583443669929,-1.83850607864856,-1.81830794235984,-3.23125840582396,-0.397872564275272,-3.39953974181928,-1.7058929120329,-3.94100905893417,0.838638317744723,-0.0301947741318827,3.30454280163216,-4.277735619619,0.856900937942438,0.146270753731264,-1.22155158361041,1.5776658336752,-0.968497361552937,-0.146013251666873,1.33673562566683,-0.445084828795607,-5.28560099255645,0.111308569363409,-1.27905838291274,-1.36168879930816,-1.58285859957554,-0.654929311203166,-1.05805140187259,3.64653075020313,-3.56203176836979,0.875789486742157,-0.623103961628939,-0.218131397388167,-5.06730792875897,-1.87509506478395,-1.41783504657031,-1.4412169849342,-5.18416186619487,1.63628763057826,0.162403132879452,0.921336626857094,-1.60257252977314,-1.29350444842071,-4.6943560735763,-1.20810074125284,-1.98010459613899,-2.1367063164613,-2.07326559518336,0.194078184498583,0.128357717416919,-4.14345872682376,-2.97831349564567,-0.724834196225292,1.24072684397382,-1.35202007636627,-0.31486120583248,-5.03419445239542,0.691186540129816,-4.37351971311402,-3.937116286991,-3.99925241181647,0.247046812175464,-0.660637013159172,-1.87045024414782,-0.767908583844819,-3.2029497085291,0.225661317848832,-1.56700372842981,-3.40558929252394,0.104512183512435,-1.68513159764023,-1.8298076700686,1.51889474904958,-3.90674839743129,-4.14932227000365,2.93083207342104,-4.7113676759708,-0.713162353450049,-1.75300139490323,1.36628985756386,-2.97028306672798,-3.23907364259564,-6.55054802716637,0.478676120679932,-1.12449319819919,-1.6087821449354,-1.82555908801712,-3.09408187967441,-2.91220439100331,0.537359893915505,0.729389062097952,-2.95332637906913,-2.17873887034132,-1.39509283165314,-2.48256085868051,-1.53609842624898,-2.17391907137142,1.84262157392363,-2.41302282591429,-4.95162576019985,-1.38896054015393,0.376216186292272,0.512400721865657,-0.527690423064889,-1.77882525483982,-3.67390672034754,-1.93782377419609,-1.58967600765989,-4.20977960600039,4.4646921454838,-0.0293859447243044,-1.46127536895944,1.2278870503301,-1.83329865310536,-0.612727772301778,-1.82461508888115,-2.17070807229611,-0.137795759846311,0.519845919316135,-0.478648030614794,-4.54630850271096,0.588983995694284,-0.760523742875624
"11",5.18836276177602,0.760383706720733,2.1980789033515,2.91488241272602,4.50903439444532,6.34179817689937,1.63009821554821,4.14668515520777,4.46783228092214,0.0621470841114946,3.25709086782491,4.33547446002957,2.21066286660602,3.43976577096748,-0.332589082719367,1.32673070950041,-0.524447844260492,2.35003932559625,1.76539774903634,2.54041348460332,5.74376770454767,4.96911994399832,1.89372590921741,-0.585897888857313,2.54487381069476,-1.67715484394367,1.35203935173864,3.42610057325968,-2.31466324772213,0.535195011072205,2.58626763868194,5.39981206202337,2.69292469965409,6.19976042354367,2.18907743803742,6.0155435268663,2.68594676370819,3.76529943157388,-0.443259685834095,5.38782763826615,4.85217059548164,3.73799618315569,3.76677860739695,1.70959623978816,2.83511137221074,6.30900448932618,3.35664031170012,3.06241790653429,4.83176966863133,7.95501074517998,-1.95642675305796,1.72466606595104,3.22026032282394,4.96252853605856,3.01981412382409,1.82337056137394,1.48556345757968,1.57158438852633,3.84975866218923,2.34490791717059,0.292291995736512,3.15959239330409,3.00184267196787,-1.32166565382392,1.66821573604623,1.45322648790432,5.81926430307151,5.67226716410597,2.23247442483269,2.15726085588719,5.16431153285692,4.7137868271168,5.63263949925531,2.13792031373084,2.66599197070383,3.22873508750888,3.18317579220366,2.00976153901788,1.91008754593636,4.21662591144787,4.06833213057277,5.96438441225416,4.332681569514,4.66612885585399,1.39522080595084,4.31978106582599,3.58443336651187,6.91833185596863,6.19416349706548,3.93226684228677,0.843675423784773,3.80264353117963,0.787545071991858,3.15912579262992,0.129380498501318,0.731432286113313,3.00878065451239,2.87402473091674,3.54723412294365,2.98715577168849,2.34643702993564,5.04777271806522,4.99899259681407,5.46212951798604,5.36531894026717,4.74001389607895,3.3034867401586,4.86632926991478,-1.45312036851195,3.8197459195648,3.67157892690768,4.40296687150339,1.82050960946307,-0.419364998407123,1.71915983071259,3.69733467497784,4.53136070560326,2.20973400387718,0.626322857198558,3.74231079923045,2.48036273266377,0.991094717459668,2.71809873596895,4.2751950129764,4.18654882872458,2.60017122866648,3.20413889872768,-0.206113897792509,8.41092258376824,6.44943650856979,2.49774177433912,5.94592192535137,1.98852737639198,3.91271569958632,3.10763242082312,3.66027053492345,5.27254817165671,4.46593309920604,-0.0646569060214111,5.24200802480418,2.62061727446585,3.51196219964461,3.37732944549137,3.03886159609523,3.81424762549088,-0.233388147306695,5.61157866605406,4.52888757877879,0.507562118922031,4.81767303452609,-3.51919820740535,3.63050387453895,1.33417553310603,2.88592621327381,1.81776607761463,3.21165407073276,4.98316098111045,0.942823819588799,1.633611309442,1.52517451294337,5.87289192138926,3.69949394421293,3.22139157406759,1.99780271153405,0.921094905164401,5.78553910146086,3.03912728556724,2.01080000390744,6.73621635942821,4.80256672419545,3.48279704256804,3.98716798003955,1.24267011320849,1.86193484916753,1.75980208295596,5.2110049929515,3.81908062481299,4.22503105075495,6.29756228978311,4.95862489377708,2.13086314540389,1.71893783713307,3.78778592622459,0.147642430365504,3.77168498981021,5.03738201013161,4.88765970594214,2.93885562544636,0.608588033687024,1.86831111699384,4.48770422113839,3.52527126613078,6.23669797219772,2.56733973707068,2.42662467470994,3.03052705507871,2.07283939403502,0.304624546187116,0.451813777745749,3.87300123428354,2.34357434387111,7.19154290050436,5.95073301812381,1.01754835949925,7.79712170217243,-0.591546665685023,4.64016149913065,2.49767438389375,2.74069964295364,3.15763415758743,3.3068982834693,3.11425087183906,1.17915718321204,0.829002122397532,2.95677769624314,3.60302020503205,3.38141564581086,-0.545664717572271,-0.140901994111891,4.71351741754493,0.111916695952071,3.19192009437383,4.92925341312611,2.93679844669476,3.66031222911663,2.41009938419661,7.34322859488286,2.31157541549632,3.4881145978888,2.65506100575957,2.84275795634898,3.50024905357651,3.72157683588449,4.09234724813752,3.03984778369535,2.74935100256962,3.72712618882423,4.09701681340048,5.25371408026144,5.91034892387237,6.81003598704153,1.44110711517379,3.79407882533161,-0.500523949878223,3.61221443675942,5.37553764846498,2.81870063999457,4.06112467987963,5.83048491984154,2.77599002347692,2.69192658630777,2.45490532110985,2.2130483517223,-0.251922129623984,6.21189316522281,2.79344697668445,2.83883896885894,2.87487371547839,4.43592493391833,2.29628616618424,3.74766371437241,2.68221792714268,3.04110137744743,2.33818866777664,2.02410983686417,-1.50918253750498,3.9698993775636,2.54574518388177,4.73211669009999,3.82815661238642,5.62733129026569,2.49364555113656,1.44477959800994,2.44870222883173,3.32296985623781,4.84660953092768,5.61425779360055,0.111071347681936,4.22701062582258,5.1888331576743,2.48663597807457,2.92088208538325,4.44945163486572,3.41524901019246,-0.327007674864257,1.00223282067885,3.74673952948243,2.11884925001236,2.71393009152622,4.46308300739335,4.02526854250024,0.854985170229276,0.473234936753061,5.18671418620644,3.6302991820536,3.29043304533563,0.0438753557916822,6.39987822539384,2.76545779395177,0.939615703897329,0.817825522238099,2.84912356852918,4.21201911878383,1.7676354631413,3.7691424741221,1.38715577465648,1.18703629881027,2.24020641145679,1.01253577923077,6.2350540575936,7.89312730690571,3.94112154547944,2.60794811343712,-0.326998393352867,3.56757373226506,3.61982840172488,5.0192345555852,1.72184392918868,4.08018625769824,3.0876839340411,2.27381827139344,1.49449775509491,1.061068657484,2.22776372773509,3.25369662604301,5.77903414534999,0.704447732108074,0.845029108108231,3.09701131794926,3.18146910092785,-0.0041285039867045,4.15598643233609,5.612099345835,2.39691008371708,2.6851000413161,4.87718005564426,3.79034223414181,3.44422132597988,2.68065085691824,0.954440791100452,1.4199059363606,1.61429487569626,3.56224200594859,5.96423452928361,6.81082428470865,2.74701664738696,6.41975736026594,4.56296398185528,6.08136893444268,2.30196210586868,-0.00450759443616633,5.61329440258571,5.81929390296751,2.76617806266526,5.74783134090257,4.35279694072141,4.90753702191421,2.38020102553832,0.498705460620024,4.05168285981276,-1.30631321871495,-0.281496905056506,5.17001153886969,3.2088327178812,5.20954856209988,1.38793414903199,0.0433134358634639,3.07843294858191,-0.847622954362319,2.06669468693241,3.22810803433041,0.432883344403203,3.18413063532493,2.51431793479024,3.95844463974524,-0.574839568095273,3.97263259829667,2.41689603685325,5.13630931076727,2.8924027536964,4.16507056473868,2.7336520740528,0.0639727164704835,3.92969239031852,0.281572199803704,1.79614510196652,4.58522084708969,5.26497944253114,4.44938581707473,3.03286870949494,4.86283638175551,1.52600656528766,4.71483039664266,2.13510411840069,6.5315402526574,2.78409603002269,2.56918939930009,5.06306709995399,2.53725312311947,1.5734624414112,5.50973611987681,-1.95819892949664,5.55516479964817,2.7210253823143,1.4832030753609,1.20652279732045,1.17093368196743,0.831130934775622,1.50088783203359,0.325548099957276,5.71274637742947,3.9450977699773,3.2081392936942,1.14150807541316,4.07064642618387,2.85174738340497,2.42849192253941,2.11474651445701,4.53699014715217,5.50687711117996,1.6092786450251,1.86554996602123,1.70692296683278,3.91315278544598,4.01070774853667,-0.135550326699094,-1.31171719186685,-1.71939129551267,-0.954870816905478,0.141852011914831,0.523363261364589,-4.22885175862079,-1.59676609819854,-2.62269679301645,-0.601838170273317,0.280165546270721,-0.41204487058662,0.288775877849092,-0.682244579475988,0.229352078021737,0.237677655769297,-2.18591685444464,0.189167850432078,-0.544578879269819,0.315095374481316,-0.738045006951581,-3.71397073071896,-0.754704554217795,-4.94086594811162,0.183822716799739,1.32884051009963,-4.81630094216188,-4.0577486912803,-3.78547676175047,2.17723819679274,-1.08194427164978,0.206133946412649,1.57541224096543,-0.30737697624147,-2.85842789058608,1.37106936836757,2.30085183071356,-4.23001139147502,-0.0402562279538136,-1.75269396066527,-0.656185498376413,0.315292845162944,-0.723763280680115,-0.197555155476957,-3.96623650772283,1.59333154330979,-0.561276305871164,-2.32285021269029,-2.45890977467866,-1.45737672896236,-5.138210524094,-0.594948800232076,2.81260964865559,0.0480139002758424,0.207726505524976,-1.91940978252092,-2.82147251409009,1.26787077367148,-0.137527558789368,-1.58319474580844,-6.30811687276662,-1.88035048412759,-1.3936050978617,1.38308051005398,-1.40608796575666,-2.98897762523365,-0.336882680246201,0.92559385857444,1.85744855136832,-0.225440960981867,-0.341185796295696,-1.83256902964523,-1.39624012981054,-1.00389141527914,-1.17581273994824,-0.113925676879122,0.204726192660747,0.254374004793423,-0.656824485032484,3.17882405906197,3.71903850412791,0.46333956096629,2.00999115778172,-2.07937015525338,0.259088716991547,-0.480836654319548,-3.38528952966484,-1.08826170096638,-6.0009416295437,-1.37272905824137,-0.53658429333428,-2.69916268965769,-0.363621081655377,-0.266210573905637,-0.0948245818017477,-2.90737518013562,1.4753882534319,-0.368455354474671,-3.72804406844121,-0.922865442964816,-0.410684820095289,-1.0677334407947,-2.45054490105325,-0.21177010514294,-0.588396951149647,0.143376826879722,0.452357316221039,-0.378363839600937,-1.5455336393453,-1.19224922660901,-1.31321375362304,2.42356787788203,-0.834191277918501,0.70347658181013,-1.83353740390916,-3.75171106310772,0.85128781388824,-0.92894247500159,0.422346754463546,-2.447473302927,-1.92761239155571,-1.28635289529401,-3.50331472715779,0.160261367600152,-3.23388353519065,-1.86481804694981,-3.049376542339,-3.30859844304699,-0.0238353615463839,-2.6286757329352,1.01368088341525,0.581980064135327,0.13596272019096,-1.30068738814377,0.1752521712288,-1.35747424242214,-1.51972281682553,-5.4891168046132,-3.22281937121654,1.39820281068186,-3.28886491178931,-1.56761603776397,0.770722708897599,-0.0659052870591189,-1.04701064928091,-0.163604478519802,-4.51318107302831,-2.42627735131047,-2.19356193718662,-0.114550606183387,-3.14407610201168,1.4319511597345,-2.58093040348766,-0.564239441164945,-4.25231033534613,-0.861829905307027,-3.96875547855436,-1.41395000483351,-2.87406548391297,0.849612861685374,1.90173857940478,-1.91766913565911,0.974404303027955,-5.0936218008422,-1.85793964230552,-2.8342060960795,-1.67948791472331,-1.12964632138783,1.15030331234064,-1.11688979593015,0.25519913124655,-1.47331724317609,-2.51282811257946,-4.07984446945412,-5.37478017842638,-3.8246295964828,1.13786378539283,-1.11738359128351,-0.293949852285802,0.277111965424712,-1.32562706969681,-3.50664672783459,0.489273302577238,-0.939627986521954,-4.42208868869694,-2.04576429860597,-2.80190719059645,-1.23790380788476,-2.2635874851905,-3.51317804869875,-1.32090149501553,1.47842349589464,0.685218555847997,-1.5962621682469,-2.01036095862632,-3.22512570694972,1.8910564361525,-0.117337883452299,-0.522791982576655,-0.81445430771178,-3.40463106832214,-4.26012819595248,-4.91720198170155,-5.44358574378015,-0.762899845510164,1.73311630315873,-0.166719059383862,-3.91727773050188,-1.02081363476267,-3.21714390098566,-4.36832329025408,-1.56289720482217,-0.938666104420045,-0.682424152382478,-2.59884920054943,-2.8769234690485,-4.08671618663339,-1.77032532796305,-0.87009271450637,-0.990892087972964,-3.76735408486087,-0.142005386951345,-3.10433463310701,-1.56417180466418,-4.49901363510256,-0.395136998812699,2.41002076862633,-3.26318834418254,-1.86713472912682,-1.59307956708683,-1.24360229873394,-2.42021482194883,0.866990139885497,-0.293873781152174,1.30089543765954,-0.982947259061974,-1.43415498195242,1.57498389573162,-0.147786066943192,-0.817149580877603,1.55947486086775,-4.49615971859997,-4.24889416630596,-2.57379674877092,-1.34708955312572,2.07075510616143,1.02685649996898,-2.66590287158989,0.423035134777126,-2.63217004656946,-0.768780947031122,0.36168128214473,-2.39473767983671,-0.526481314902899,2.5211851237628,-1.59516376726594,-0.788446245433135,-0.266391205009946,-3.72053759765252,-1.3772771997441,-2.69444102060187,-2.35669292545327,-0.792804600807458,3.97061696337344,-1.14842172912984,1.49966994382258,0.361897490700766,0.131351688016871,-2.02871603005235,2.19286661710881,-0.942033311678255,4.3063541679192,-2.27779194909242,-1.21419098587269,0.360467053714843,-1.38689837780896,-3.84833340659981,-3.16006332795916,2.49852916952059,-0.432325089896755,0.651618023175237,-1.37199318792535,-2.30414980179869,-0.499017065719977,-0.978075920501977,-1.93191489556583,0.137448296615166,-2.82420541021306,-0.818747673211335,1.03154325328795,1.90244539056462,-1.00869492917304,-0.840976267278585,-1.48275584261543,0.292809736180614
"12",1.62568902532263,2.40125378576262,3.62767664144258,7.63921061744495,5.37988396120551,6.3172926049407,0.870133617765433,3.0823421689579,6.52744786665788,1.7233366115744,1.98483618041467,2.65858618200503,3.21324730196268,5.16579454520768,1.25771814070173,2.5154209640254,5.59929313418669,2.96293050207586,2.58651436738729,3.28575539210814,2.6290083015111,6.50747383133138,0.540025011893248,4.16655085113847,6.63356438000465,1.94407130929323,1.26148808795463,4.42826548729315,0.155693057111773,3.93497357662586,5.70163270051155,3.60970855869114,-1.5845975575501,3.54924323903611,0.796076545563779,3.18593837752296,2.81075748851373,6.02029441317135,1.35987293759436,2.05181948826804,1.11692745109955,3.09091687503225,3.16852003477084,0.947794438646819,0.333930146113961,5.6447505802255,4.99915875012908,4.38096038045949,4.30297233991751,3.59221888001441,2.78453686734505,0.427304798020413,-1.84254229210218,3.00348956603756,4.49698928876998,2.62720781856911,1.95368222215305,4.84263237304334,4.50617050667827,6.75140835921583,3.05403578509952,2.36195770211005,0.808081648077407,5.89523087543342,1.77468140433797,3.05173778477422,5.17467011814341,5.19837122606606,6.70072455394422,2.03194784873461,2.85522486521484,0.710940225128593,4.08183730210993,4.73693004717075,6.56413345883579,3.50478963063218,2.80433059397432,1.12898320086038,4.72289837274252,5.05242774232385,1.95217620741729,1.63705852023855,-0.487902944038114,7.44486711858938,0.865085878837549,3.11246380637448,3.15088901034573,4.48610011079611,0.995808031132361,4.55223292257634,6.3117651463537,4.55707461593637,2.60523099709964,3.29096079171342,3.15755891534958,4.64349520908899,0.801976834726259,4.43822445383804,5.63738109769854,1.17307590935361,0.844257229423039,3.64852201443111,4.0272732287716,0.2885446453921,3.27279773775888,2.44101144887913,5.36444192929675,2.44709362077005,5.01815583560612,3.24470921347295,0.881803278866645,4.16179598659024,4.36761230263173,4.75932492588812,4.52836700520074,0.43435156148563,2.39429580382321,5.493244916159,3.74043936381329,-1.0610523028678,-0.925391992526313,1.58407297620712,3.93028862475997,4.2667984677887,3.63583081163319,1.35119696277876,5.67162258197488,2.41037192666867,1.56980217925905,0.441961603283324,2.24511330915628,3.86125635565858,5.8471922000009,5.38532303165157,6.30656918544861,2.95396619722474,4.70471837736275,2.36067141318252,3.11888454516974,3.0357097397709,5.76031816962378,2.63522570253983,1.7008735641618,0.215635015872915,2.91468964100037,4.69220114052326,0.0584555255887671,4.27672546499487,6.54346505553618,1.5021239008051,2.23378036524805,4.53201578721569,4.17133076830152,3.48563290487464,1.78808073678163,3.68525696859581,5.94266309245566,1.12255621168992,3.15617167227309,0.981854492278329,5.14901269290223,3.44613366818818,3.60371926186664,3.45258423935978,4.83695384548428,2.58762869485936,2.93623679232201,1.857002337747,3.84657091165431,2.41781949633485,4.64970980807,2.93247967583544,1.54026870526363,1.54817958748971,2.05759830656861,1.17988499664354,3.44751245996489,2.1950942226517,5.22472403092742,6.26203254922136,2.04495292199312,5.38863426856601,2.83983858639971,2.43950951112213,0.513789094042953,3.64618209449552,2.2409433485545,3.14715223898235,4.89410853889832,0.520021740415412,2.48375457642567,4.79932772008384,0.711111310491763,2.96022183021322,-0.510276806448138,3.47174139285574,0.470076267950986,4.80749572669773,3.76839341210529,1.28441027207101,-2.16224515478588,3.01939921143816,5.06101379987364,2.35184969117271,2.91292295760802,2.60043570523052,1.81829891744005,3.37567056289427,4.47707881933088,2.45276293207745,5.24194825042329,1.86317247091505,4.46905406696461,1.68945121238859,1.67754674415252,5.07733645799694,2.38305567555666,3.04722256481915,1.25365399838459,4.53326245749271,1.06710413333229,-0.600059077939517,0.778328130831559,3.24936655844443,3.02286963634653,1.5359036797665,3.26865893433172,5.20105589586171,1.24421398969408,3.21920314951585,1.904674355106,8.10436707339881,0.405853340357729,0.741054792131119,1.72920043888603,-0.518004259731326,-2.06685010508725,2.87202011598681,1.90262852174609,4.711619971813,1.82569723363039,0.628372983729681,3.56788845228328,1.99958339580992,2.02736055905472,2.79537808562649,1.76377920733646,2.22950783276023,3.68998122330281,0.778010647336287,3.44729033415672,4.44183193809514,1.34428705306771,2.95954236843167,4.79979459083593,-1.43906326056492,2.80070322618889,6.09230875495736,8.09173158184963,1.28715117587161,2.18320285401064,2.01464087951616,2.50000262698125,2.00746806125232,1.37876758424209,4.09024570247218,0.850951755697567,1.55715941630747,2.00666638401161,3.32182380066335,1.79763651375803,0.807350055960752,3.00175162447054,3.09109057722642,2.51928031322621,1.68238833286001,3.61074822801683,2.03480226618262,3.38056421440115,3.87246962808114,-0.592306449057673,3.32765045008484,1.23876870721362,3.55888857333592,2.59854598170137,2.65061007662885,-0.413693204938118,1.67944628438049,3.98600037148273,6.43345970624599,3.28015703260836,2.89201164170032,2.01778090304964,2.78270434235966,1.93007248372651,0.834141083671269,2.64665771472783,2.60979625328039,3.4413356956012,0.736992558796488,2.86632850898081,4.04537189268644,1.89746225612371,3.05938756194618,2.77241958078643,4.46136353900931,2.70765819609513,3.05321616320543,4.01124422958546,1.53830165038513,0.747501961817059,-1.32580442570861,3.57986163019321,5.33258196415849,2.05041312038677,2.0308565590477,1.52636096885969,2.90578278044495,3.8367713491142,2.15105301776115,1.70956241421891,4.92652583309002,3.40775597948695,-1.20952445008194,3.59293309607679,1.56834793220216,3.78453639192835,6.19655134048861,4.96999975788959,2.07841271548557,1.1699438495072,4.63999474440934,0.38482640428301,0.363048908118947,2.73023278595,1.00360280436572,-2.0794973084135,-2.92860691516123,-2.09741609744927,0.462383505687782,-1.33138601671074,-0.684688555305023,0.760134746533126,-0.313021572428064,-1.64681904239204,-0.793735170176066,-1.63197107144821,-0.803698567484065,-1.28137066241026,-1.81518786393537,-0.0359088993085348,-4.26217889199457,-1.48261748784684,-1.09444780836955,-4.8056785043581,-0.585603320514129,1.44315849815617,-2.27572173456122,-1.70133566967132,-0.761152097620415,-0.845676982930207,0.639362082597832,0.12445569988375,-3.73966508125628,-3.42355436973336,-2.77665520176433,-2.0765083528794,0.0243818401543641,-3.34575249991106,2.1625142979485,1.44837613080915,0.478670258205551,3.4831929180282,-3.96987574568819,-1.22043133368182,-0.489055178829743,0.474780715680614,-1.08223202694774,0.934312036584861,-0.575577394619688,-2.47855771699325,-2.88361086596017,-2.89205677426566,0.342475408285132,2.21684541950691,1.23914062699968,0.418476308419028,-0.258384873456552,1.6447386794156,1.21120184156597,-1.24298033777899,-0.337027171266796,-1.0065567740991,-2.28571458421555,-0.893943613588673,-0.59346624465614,-2.82133693027441,-2.2848805852108,-1.58181636501885,-1.08261400670876,3.15870918384541,1.19543232022305,-2.07464294368089,0.248986645128158,-1.01915930192006,-0.841962727788774,-2.17162885212649,-0.132531364672349,-1.80612630550807,-0.935023078958133,0.700673388601431,1.89687044983431,0.241992748698594,-0.54387821425152,-2.69281534272933,-0.892848190468347,-1.04393422361713,0.810677650804504,-1.1044110337824,0.959990349711773,-3.85804353124091,1.01308656475776,-4.29287319123055,-3.70071663569015,-0.723772421288534,1.9126453241264,-1.08200653845576,0.615262155286183,-3.01329504697045,0.840548620512504,0.734514261783379,-2.11678036295694,0.0271895593511364,-4.69290205081092,0.105226872558261,-1.06606292340757,-0.384102135681836,-2.54766390854759,-1.11754201800856,-0.316891470049525,0.2059321938867,-2.79999492198643,0.799422357705621,1.85299138289327,-2.048446318241,2.96370088157446,-0.759537436249085,-0.357331743810926,0.635982073512672,1.7170753922212,-0.0705476127010164,-1.2066853369019,-2.28251527999277,-2.93683284798876,1.02667032025923,0.359540300355738,-0.770676734249463,-1.55109495636515,-0.63553159680856,-1.35288419494132,-0.688435769849503,-0.605946095998881,-0.793894881695709,4.61839389424577,1.00808816132383,-0.558081142340463,1.58189890426784,-3.77602084457628,0.461708472434628,1.05967710132511,-3.02301143383272,1.35004641066077,-1.48117688093073,-2.85133542346507,-1.11353023543111,-0.450101451893312,-0.725258084252026,-1.76823289137233,-0.625034172740712,2.61737841099079,-1.6853731559192,2.10880486181963,0.963232260386917,-1.32868326098827,-4.35716781602838,-2.89442399410168,-1.10852643814929,0.51440303222974,-1.95017154938798,0.531823176738687,2.79996970719208,-2.90183657909489,-1.91652988154751,-2.31052426514397,-3.06574321315588,-3.19915513808569,0.103958584551742,-2.42438410955669,-1.67749032587824,-2.31348891502951,-5.98980781364308,-2.60708361816838,1.04649647723882,-2.10293279795359,0.198617928983984,-6.07265919760143,-0.992023941974944,3.64415863940391,-0.0985738214650619,0.899858551557351,-2.25389397821363,-1.09748910943441,-2.45586337269889,-0.854028613075627,-2.03319891809905,1.51399649134271,-0.756679490227836,-1.34664630782709,-3.47693871886574,-0.38319282955349,-0.760702253854091,-0.694074065729141,0.184691027327147,2.26802358887655,-1.71976568364823,-4.30565892974502,-4.35665124538332,-0.146302818312879,1.11904867335459,0.555043365913583,0.00156412316209775,-1.76685512945398,-3.30218241985664,-3.59541720714761,-0.323830982095728,0.507204396667642,-0.974711503528207,1.63848638433403,-0.854806721464457,-0.329244210790057,2.437567520968,0.971697209520838,-2.7680238515243,1.10335253793311,-0.00100666620623069,-2.22617626422899,0.942261056361054,-3.02258159124887,-0.793053632921839,-2.27390796703941,-1.44947785418963,0.23974703198834,-3.12906801024127,-2.04229883944336,0.0821202597589905,0.917538401094947,-1.35208171603955,-0.657557386752578,-1.76806392449444,0.598368163638761,-0.616092831666443,-1.54229621337651,1.42034164750235,-3.63443168302278,-0.940229077105578,-0.172318896955423,-0.40156226489933,-2.65855768004015,-1.64906457992948,-2.50308543460035,-0.63500657750129,-1.4892584861442,2.31771653830744,-3.44389964865447,0.116745875720449,2.22785756531954,0.729322350080952,-0.228171374409144,-1.97320660102708,-1.06206768532656,1.89283884763196,0.180424615893114,0.198853193326165,-3.96278893224871,-0.217438825861871,-1.54534982391084,-2.09208519914086,-4.52123462684449,-1.71914978285814,-0.0570861831770648,-1.09339641371137,1.59268198109184,-1.50249696459526,0.319503760933908,-1.01608818937333,-4.070959111135,0.783355396929701,-0.401401846835483,-0.0301650686960452,-3.79005770128349,-0.487906928817922,0.15157885699077,-1.40720469724533,0.438376413278774,-0.945757150687026,0.77952508652826,-1.84151079454999,-5.12113872282022,2.06742281086786,2.88368966360258,-1.60856217724196,-1.40551132769576,-2.23300776491848,-0.806346518910479,-1.53653578496362,-1.82427021434705,-0.146328744483571,2.38345952935283,-1.77925294393232,-0.120812573109681,1.47280487118391,-4.91180877043893,0.782519942692568,0.716949481564783,-1.49718513772216,-2.12628559052128,-0.41918943093849,-2.3166855883648,-5.27967027711024,-1.97786487273787,-2.55493672891113,-2.15078298546694,1.80322344034736,-2.9532422457071,-2.31332681199468,0.572282865137747,2.52232633923727,1.51476354481181,0.935344711042337,-3.75850236741449,1.04352570573028,0.883451547046646,0.873471171459629,-5.96533292607409,-1.83035791846543,-0.624403931243905,2.03188455569063,-2.61859538139926,-0.396299224745572,-1.91655257298537,0.909052342297745,-2.60666292562001,-0.417453200177685,-0.0251897015879953,-1.65139489986643,2.55185420945894,1.33379540175167,-2.10284422966052,-2.06042495509031,0.838440942606298,-0.307280728180624,0.0339364799326265,-0.775814336729054,-3.53815578699645,0.00530272975440593,-1.83707546820812,-2.61967452353505,-1.73222936062137,-0.970695573634474,-4.47623799312918,0.133734531159184,0.994396834745558,0.307510374966306,0.986763707278235,-5.59641045133194,-4.02619724882884,1.5906158844529,0.889385509472766,-0.20600558899804,0.303724097379655,1.28589615951051,1.65234132939155,-3.14250702597213,0.570852824719598,-2.01004464977328,2.01587972650359,-0.484657592550778,-1.58520757548506,-2.27664378269457,1.50051624426456,-2.06735246271904,-0.413355095300872,-2.32417187006367,3.32227579153132,0.291159744678337,-1.0761390006112,-0.248196264382054,2.0314114074244,-1.1657194072652,-1.09258257005722,1.1761785569695,-1.08913917231473,-1.72127026417702,-1.39994251274827,-3.18198970302209,0.136315069414821,-0.809822535367723,2.38622444468016,-3.7608269234366,0.884018049285224,-1.7984260542368,-0.64193313599019,0.266272272994358,-0.469392923264029,0.371907115106062,-4.30774522641902,-2.15154485020027,3.29469133403368,1.03579893365254,-3.09644648881191
"13",2.40641591794619,0.8425544039274,3.30014166682051,1.9859022037657,6.51074687181615,2.71666608204654,4.05088897042667,3.67713160279569,1.98649158227871,0.562693711106726,3.96208831847628,0.545648098955219,2.87521385934017,1.98367223425326,0.803775959570775,2.69281549335386,-3.14123076248261,-0.974077954965383,2.07129823064557,3.18624090059324,1.38812319259052,4.07608303353034,0.32914062406201,5.99021000603059,2.51945457442287,6.70407700686896,3.95852880306384,5.02629215985206,6.8293784048765,5.84612231929932,3.15845796354306,4.43211925123088,4.6160061619125,4.29017157444391,1.50149442130171,1.4891604017792,3.85582164518426,-0.370059780122438,4.05240740182906,4.37343291086191,0.734242710714619,3.27084019643156,2.37845278174804,0.447196270781617,3.03304081384236,3.02152224762337,0.733310003172625,2.2494197843423,3.90826896893583,2.2251745803038,0.533896327039219,2.2885229244419,6.69435155455306,4.26934706982937,4.93222313533279,6.00486351525993,2.4257728529941,5.19902433450475,1.44807382563848,6.04969581169097,2.88902233845501,5.65734948471387,3.43417823225308,2.12681834464978,2.90893860034726,3.25068441915818,2.66071812956348,-0.0837042699140489,3.86455890286821,4.32334587609229,3.01009206404909,3.9794616281011,6.34059012248585,-1.08347802300206,2.39069358724938,5.62080397130452,2.76155961268397,4.42429209552184,3.30925788484753,4.86439815676803,1.68831342865833,3.2460157227713,0.480394690404119,2.29063701972633,2.4281665566627,1.24744435916003,2.4096436242776,5.16214662105798,1.01717219866884,5.19283462485439,6.58563128934366,3.57487040736502,1.74382961988613,2.36733740019677,5.15177838099722,1.30734164398436,5.29226817762578,6.7380774938841,4.15133027512427,1.97450538576335,2.59480919708696,3.86628294543697,0.685948419083992,3.97788258959985,3.26997040915162,-0.0156469354586459,4.42428500971146,2.34169023354732,4.26351024722895,2.97752244998193,5.55812270923406,2.30001534864138,1.74696696702803,3.95945912309079,4.2418231687374,0.931742784604811,4.890171667845,4.8667588213542,-1.13429104105789,4.14982501151171,-0.606482192589576,5.20311200921387,2.53459786494793,2.36067117701263,5.13059305299132,1.64477306485944,-2.15538541983692,1.77531926106829,1.52112730940641,5.23038430873644,4.52139577581426,1.68050316700896,4.33818790500362,0.694368655283617,4.14469699644036,1.7221228232971,-0.467258248963868,3.29906747432004,5.59925883074227,3.70187618814894,2.70121092796571,4.85653755527351,2.50375038431406,3.16735723577188,0.297240902966703,4.39050522046749,2.80911882053118,0.143773122403941,5.34560487280994,1.88784376433367,3.39395371514507,-0.852671369383448,1.02978988828163,2.74131881213484,4.21503793890997,2.16005830879342,0.526225497535965,0.432099249052557,3.29066633430648,4.4409315921897,5.12267642204451,1.32826318421694,-1.82697023541047,1.87817661506777,3.36823393524233,2.93023960461185,2.33262913092939,6.85355982776326,4.37715637911588,3.68963245351286,0.953607106256069,-1.358983348227,1.30348952526216,3.85959401871267,2.97221573481175,3.96747194838328,5.52657621017312,1.37735878036484,1.95974664521687,7.00050914579742,2.54655109487648,2.96388398889774,1.31077466633862,2.75793665965417,3.06754166424501,1.13961054417439,3.1178109530822,3.00540447533808,4.99022794700704,-0.0780301546042383,5.71002916076974,3.23368336805162,2.84033213602993,2.13956210649082,3.19683881461948,1.66039358968553,1.76777569194356,3.50059511707787,3.44669319175323,-0.0999752539967065,4.06802715136086,4.94243013071197,0.949901994187327,4.62044560276981,4.24206419204862,3.36939621276555,1.18047338565534,2.22704890208176,0.993594914887158,0.730896375171665,2.82101634049008,1.04158841889576,2.06765389054789,3.70395804174046,2.84961721248279,-0.332453284489931,1.41934318832684,2.0147315979131,0.667726505155991,3.37028600331462,1.2974867387331,-0.0504313456423846,0.337950302904293,6.31282051244033,4.71025272213915,3.53798879738554,3.04660057534596,2.98097073665386,4.71068020938644,3.2761247336133,2.36661343517649,2.58038250077048,6.43342619864255,4.11534378478017,6.43758980467327,-1.83305423455305,4.33611971023045,-0.0832776092569376,0.623330831797295,6.05580962165689,0.775504250025093,5.40182877680421,3.56777475723332,3.03411122459653,0.593061258892421,0.523234627389703,3.96747313635928,1.71976846660151,3.56537735745249,3.62067308318543,0.958813476560096,6.51059807684247,2.85828183588117,3.02515203645178,4.26375628493729,4.4873095718975,6.20623836858135,2.84830191240725,4.11850469556009,0.935260531434949,0.977892101459013,0.193759973336227,4.31729521641178,4.27744882625899,2.75556843576577,1.54934680629907,3.28555357215084,2.6790730248353,-1.3516816358467,4.4518186293443,1.65468148947175,1.9590726859559,0.109469222968947,-1.35861862837156,4.78882408393962,2.19952827315912,2.89319078157725,3.40943627271684,-4.07908826864806,3.16918609362595,1.25190202321205,1.40686499717939,2.92462895542885,4.90693637820551,3.44239138605841,1.93572420032726,2.19609502602011,1.27445731853606,0.704946600378688,3.28700880828227,4.7425349212148,6.28765552281813,1.98693241487943,2.30454252655558,4.95300173300008,2.29723177626387,2.38288480265385,3.68328653294301,3.44354234624654,1.73508653136437,2.10443003826112,1.16777366511764,1.14886187286143,5.17397830429806,2.76899961643468,2.70398084000955,2.6169916249335,3.3433657044272,2.04262108201562,4.63108578717178,4.47295230912858,4.73620941672201,6.58992343014151,3.47818416682693,1.78085129485311,1.34559052464026,-0.0100152994421543,3.99150897676984,1.08329214301683,2.31980739546146,6.57450090127038,5.25485856283087,-2.29905761680887,-0.868817818654251,3.82645481455652,4.90648649301451,2.61393520878788,4.45509410923862,5.03002332654504,-0.462475978374194,3.75109887036951,2.75859624949945,0.259832594085506,1.15249931695611,4.40448565489482,2.6585649135355,0.734344171149389,3.0367610003605,2.65791330070273,5.64722320066993,4.00694639936894,2.53928218060978,2.95784703699023,2.56238756830694,3.08003069266861,4.64894396441965,-0.0784799965884648,5.69224948529076,1.60785986493421,3.49004398591254,4.00734670218488,3.68538479871345,0.831481896136918,5.8457543343409,4.4564137641511,4.58665475017345,2.78960511283751,1.19193616630088,3.40384393733112,2.62639237472127,1.43494994227862,3.48009304938443,5.83894520895495,2.64104142770413,0.970372643911982,1.83688901048942,2.34488945436225,1.62450717770755,1.66653914351589,3.5416481796311,0.798764225523664,-0.136027640188924,1.6365866555839,2.37166430487096,1.23987332721004,3.20267168681641,1.12142089505179,7.46197361900483,1.893433391359,4.65050111866635,0.202836633408907,-0.00762692817455823,3.14041799913167,-1.34571418059554,2.7454002565968,4.60421558581661,4.32666143013062,0.171287771656075,2.20632063743618,1.70615674721817,5.40806699560647,5.45073439327097,0.866250998758501,2.51771731968482,1.386319835648,4.95027725497707,2.65786375779091,-0.708835067930413,5.47905913400983,-1.23813077734323,3.10406496332179,-0.965817725547289,2.52170636507145,3.06046226044094,4.51671270567872,5.02563740799692,4.46586526105115,3.15330944875567,5.54581580214694,3.57895117473838,2.08044190897686,0.160240690142064,3.11426212512581,1.83657108697479,5.41688703165318,6.10616453118217,1.08931657510199,6.08860317990605,5.79413772666149,2.45115794588482,3.58434817993742,2.29865522652138,2.55549068487525,1.73372475333891,4.53010002381537,3.67134186850981,3.20212290039207,1.51239851318728,7.5906951945248,5.12772591924956,2.48218076225294,4.2627124825661,3.13672962645473,3.69307602380406,3.4844022633547,-0.138626749193548,2.49462490378744,1.766410724038,0.978824594504949,7.15694121982735,3.01769335910903,2.90702971182075,0.0451790175674032,2.7577480994421,2.19063146980061,5.68184702723831,2.03959138725769,1.28143577706119,4.36429802273827,0.109439886298263,6.12043533609097,1.16190427045844,4.80606204966032,6.22752180580703,4.09600173371157,3.40426468962807,1.42191462547409,-0.585269415489612,0.0347856348859517,0.0663258449215776,4.61538202251176,2.09414965736396,1.43669882072666,6.18706749936426,1.19127919814861,4.19431930660967,1.78651595032102,3.07508701868957,1.69885749301011,2.3407993748998,4.38177650927391,1.06972367027591,2.60844373849358,1.78811331918473,2.74046230666184,2.55350364380704,2.53377449965379,5.32668964677013,2.24398935440834,4.22941465308718,7.20956334321002,1.89418920792395,5.7374318805084,2.12003703180592,3.46726569526113,2.51641227942589,2.99156501287842,0.186273460458523,2.04448397076799,4.54766174604798,2.45097605115454,0.195572254050749,3.75564596979686,4.18737727558891,0.922552269567622,3.83206947570222,6.27945388732153,2.10937837827383,2.13508218922273,3.5564507213949,0.316340053094581,7.16216378202352,3.99299042735061,3.99244465972503,5.5420099405949,4.22123855713414,2.75872496582096,-1.20960659781681,4.49702002954302,7.46394427039393,2.77896823079416,-3.62422222331709,-4.06251339767201,-0.152004146380143,-0.678155606430464,-0.370329784548266,-0.272740338094658,-1.76637762972587,1.76961642045431,-1.83418525635905,-0.510307478175141,-1.1362163198933,1.75783975630893,0.0740494098963544,-0.941543456556204,-1.22279881486109,-3.01075794142735,-2.52158979803677,3.0680292903917,-1.94025554612002,-1.11037547568131,-2.72809501966697,0.434332935451784,0.489874781964407,0.558379558905385,0.797615603482597,-0.921372805808504,-2.66409629336887,1.44612671244896,-0.142973399604184,-3.22733981365343,-1.83612839180178,0.806640946924848,0.212586835090515,-2.28821217062905,-1.76002804294295,-1.38090515695675,-3.22638969252973,2.81423299627863,-4.02420043561497,-3.24257755846824,-4.98725675689075,-0.822540716802968,-2.89063602612232,-1.34545186838247,-0.168764028077061,-1.05073584459082,-0.905279877795235,-1.33425132484593,-0.822400533762572,1.93842670297722,-0.528587124610787,-0.667020843436547,-5.25256974051919,1.79808920108841,-0.869497289089913,-1.28268756259856,0.676559519123352,-0.644936483818907,-3.89654389140174,2.8897378400056,0.360343304055525,1.26549457221755,-1.22558128119688,-3.35502909802607,-1.15113559826437,-1.70569684716829,1.85651366071081,-1.42320763556252,-3.36635935848801,-2.55074168726867,0.106397147234971,0.364727441864387,-0.0703448891014572,-3.04138323314631,0.901598903004772,0.206520594111476,-3.26351745262295,0.8663647815925,3.689332482963,-0.392266207882811,0.224482399168423,1.24995052420582,0.990941028347343,4.1926933544184,-1.5080914137835,-1.81746935626295,-3.75798026177504,-3.18701997158173,0.846529155470311,-0.0130588590901921,0.375590180699785,-0.058064925008337,-2.27960736474442,0.691612076249005,1.35255787232696,-2.59385656360955,-0.323627832548437,2.32929517742241,-0.835327661840012,1.12207985671437,-6.30601371838741,-3.37277968540708,-0.685657573029396,1.97586285438829,1.06008178663169,-0.56544228216092,4.10340353067718,-1.52016698143373,-1.5949063932653,2.70249363130171,1.86688735003752,0.198921431450419,-2.55257562431782,-0.269015942380748,-5.12711902197859,0.486648960550871,-0.50526116263033,-1.04499121290643,-1.208989962413,-1.32255634781355,-1.46973152756613,-2.01568806729212,-0.946365595289201,-0.548884851947097,0.0351167348284005,1.24100166788717,1.2090230310864,-0.546624133533025,-1.63557631081336,-2.72598341933648,-0.638627047239366,-0.579199382305985,-2.38770354085718,0.305412204743889,1.20356468699528,-1.61831259338498,-0.0559161743976242,-1.18028642057632,-1.88520034340263,-1.20969624846731,-1.91217384742785,-4.10513197622979,-0.596667919116783,-2.16903440537124,-0.730717333877427,-1.61957476595183,-0.376199304058753,-0.641042817572672,0.670585984983399,-1.44402627489454,-1.73470022225837,-0.626338661379564,0.547283887366918,0.102095937782963,-1.01974563250632,0.279162819034787,-3.26111609295448,-2.19934773136726,0.66011488180254,0.992429654323807,-4.42358490127779,-1.38016289053445,-0.807198834773624,0.106344366056932,-5.46209104004155,2.75095875844412,-1.31766508987005,-2.04667685467661,0.694315666606805,-1.41412950027328,-3.15069291036033,0.346291863840989,-0.233093016621912,-2.97475060665006,-1.09625140829779,-0.963369749653565,1.779183045768,0.0701177224510035,-1.09908805113328,-1.9815326817315,-0.491585097615592,4.62173034156238,-2.18923191003867,-3.63076106629485,-3.32967968589395,-0.841513764655044,3.40411005424667,-2.30694569135965,-0.137501853297443,-3.59412625589609,-1.44218583130727,-0.187487029081709,-0.898116410417952,0.399557850783072,-1.14181086884202,-2.63838407129324,-2.64092721514211,-1.78456812646154,2.49659813938539,1.31784922624521,-2.55713101997902,-1.61096482045659,2.12504115300556,-0.841183501231435,-3.22542678730622,-2.60648200206779,0.712193053437627,2.86786247744592,1.81598644454261
"14",1.43505294878932,4.06347290298095,1.65726510333711,2.33794823630641,1.08562807370546,3.22790262829669,0.00827263310211857,4.15506888730335,1.68515486202157,4.44684691001832,0.449336044913838,4.73814012604885,4.28337098246844,-2.27776400023441,4.80147244757419,1.5126225926526,3.55629341918678,3.58044347598527,2.10691163581015,5.226537287734,0.556348038793363,0.760781194230093,3.65933561837975,-1.03562942417026,2.840991838478,5.72407123958304,2.87178672305368,0.648831070842559,4.47542206669488,0.0307240447156167,-0.538106746013285,0.523032383507753,3.6961977877445,6.19329138967139,0.875093170186713,0.671524819407759,1.74543862954396,5.30281393921527,4.8360901506012,4.68154825735129,3.29472129814624,7.85284973181766,3.34189825234718,0.922828605777209,4.90787655653254,4.99557956833792,6.04446444529538,4.30706294806634,1.96959563913071,4.18731287776597,2.95909550362114,4.47348451317467,5.42232474047009,2.91275701781727,1.93363528419223,2.09946625059454,4.7225019398475,3.97802136137671,3.70671647629241,2.73530264221316,0.375440367601166,7.54078452438675,2.1392412278185,6.03755192801266,4.8788047582017,6.92750868179295,5.73419000864271,3.97036053257307,-1.83060648385975,-0.32006237204175,0.695016111706358,5.77216444001808,-0.469776606782915,0.2615468464238,0.74690389960019,1.94398829468614,0.8109210328952,0.832490152546953,5.27475440468853,4.91387838825479,5.37382855294149,1.19779767668143,4.04637861818932,2.38972266502042,3.00515358567546,1.1475282555867,2.72249991978567,4.19490489701267,-0.45234869859615,4.99661036430241,3.66218042031633,-0.0500196422862373,0.0426238012451208,4.08755470387813,3.61235139765194,2.91670574809134,2.02987162428076,2.09920647572863,2.72639620281545,6.43106118862744,-0.658761064626074,4.2544321294518,0.734777775283121,5.60382214410352,2.76717357158751,4.16390587492172,2.71395170481081,1.9634721698746,2.62810069756142,2.12604969414756,4.69283361255482,7.10745443822705,-0.468558077606061,2.39590765303546,5.29449214259817,1.80894270860324,3.38940139805478,3.56623003428015,6.60802677172031,3.23137609214914,0.0510535370725389,4.30865101257636,1.49504147214009,3.07677467168392,2.99076746890335,6.01875572833692,4.44161886537359,6.3349630122553,5.51780446512731,0.882964291393553,4.45901350149699,4.18936765602771,-0.530952516994394,2.0272855152528,5.35276395625992,2.20075384525309,4.43030776195145,4.9653152884034,1.77536629456323,3.82198026593226,0.606256926104107,0.40647470590588,2.34860269508703,5.19902075965082,3.82106243567521,1.28827343945733,2.21896478316005,7.35510227507557,3.48753436648153,6.27535273437973,0.165077840701606,1.68962241200306,2.23029095759464,2.8389473328434,-0.743748097415398,3.1160439179105,5.12208396955989,1.4633241409104,6.5870119813156,4.10228701801302,3.31294814096734,4.31782882775007,3.20065047403369,2.17157127506124,1.89232818852338,3.82235877183501,-0.0389572966049365,4.76197059693539,-0.510174233585922,3.47253278396496,3.18715658938536,2.5946846338039,4.70823148745416,5.00706897018765,2.77786211903658,3.4725658987217,3.04162336519761,3.71534181211451,3.30658606042328,1.88154926940445,4.56761347538221,5.78612545147448,8.96990533266222,3.45620462383359,3.82069065436939,0.753020482597355,-0.569261365361259,1.85344756246443,3.07715214273701,1.04398367971049,-0.0176331126704881,2.87406520258082,3.77440102354377,1.53070451218856,-0.646268673850723,1.20502167787442,2.09707726768413,-0.863611048234769,2.96663646244149,2.80917002561181,0.00247357025452777,3.0212353054809,4.2479637527191,3.24869889996272,2.55269223468844,0.684429767782279,1.10624645808204,2.54465362062978,2.17383425856381,2.67929271870854,0.193668775775149,2.50746326301576,2.72038264390502,2.98200642971283,0.951461274439616,5.46752169269358,1.08672638682039,5.10994196907825,2.90258227423295,1.42262290792248,0.0420824019434707,6.03779685006423,1.28223347900978,1.0559120934257,5.36751117227671,5.80482178029837,2.67877377802233,5.57080788559636,2.21405534692197,-0.493281078977934,2.64357037311946,-0.708670533697706,3.38359285138607,5.81802823420037,2.12666022576029,3.01665236513398,1.15614581350271,3.04174961078891,3.13719039549031,0.717158561545871,0.840988575630043,5.84797194279686,0.643564551981918,1.64258073407795,3.51565465954106,2.28428156866832,0.503413471290553,5.55060705934864,4.8736302085062,1.42865282402873,5.74723618682627,3.37026095734393,4.44252153879613,6.35442066471248,3.09238995354295,5.67447165146007,3.0514247293908,4.30688421139469,5.53030221469161,5.17493443470443,5.25586719068116,2.35794532141546,1.21841144607026,1.92275185400777,4.76294220597678,2.20975186486554,4.09173983771275,2.16510311097771,4.58512455502135,3.17950162154007,2.36659291251946,0.0331005306310197,2.47171977665236,3.43227281713827,0.281317112559797,-0.663464172188938,1.19182116359488,5.12788304134287,5.70471828242582,0.718343346380783,2.94689012019637,4.42495840691971,-0.0155673959375671,2.73986317202381,2.82889490140687,3.20328957605443,5.4260694428774,5.67142521581688,2.39621388319449,5.10521777530645,0.990822255907748,0.199194434443247,6.78192932946348,3.57330586261584,7.52520876982041,2.30143742311285,-0.844074969288581,0.815062814563641,2.76675628336669,4.71764155835445,2.99489148724915,1.63686986769707,4.40990511185456,4.39883053584466,0.783695810916745,0.815583122935165,2.95048785961086,1.92642050342909,3.35656758815157,2.32445225661398,3.98679416732816,1.41454217154109,3.90885404214169,2.61418747600127,3.56910724928949,1.20257868427917,2.6016065074997,2.77073776894672,1.74601512902458,2.12897452611273,3.76405727139459,2.62829137360609,2.35950652916663,0.38775076839978,4.30981393624481,2.21091096374321,-0.00116661575820487,4.29589237917472,2.02198029657662,2.3012057948178,4.38072008646501,3.52291504371572,7.10480045380111,0.850044421585407,3.37294821860526,3.10856701348679,4.10681369881291,2.3579275306382,5.17939754700712,3.45886728231522,1.88419724226618,-1.60369301518994,4.94580781272636,5.72746276015758,1.67409628483289,3.87754862905553,5.0896734684489,4.89470028938638,-0.127809381690948,3.04229586249882,1.52774762607729,3.18412981355156,4.07209835932131,3.53443451833767,3.84413989826774,0.673393013244088,3.64768614054488,2.71527766017303,3.59762342191583,1.38856139465519,3.60724065874874,3.81735730758279,4.14248630269626,5.95981488508554,4.95471063964155,2.47923953994857,3.25536325685196,-0.389008816232877,4.2705622703339,0.0240116904390568,2.15995187368813,3.67635309003069,1.35300516069199,3.4587584453107,4.67015465350578,2.49878259177448,6.63567246663708,2.50366734426578,4.11696929394737,5.88082574536337,-0.960210729905196,4.56415093561658,0.363252818683318,4.16332388249475,-1.47506332666769,2.3497187357155,4.28326362924536,5.15679092925037,5.49642139847392,1.50861660901661,1.48866932576049,7.50486921658751,1.78687910572548,1.24291302893687,4.09221533082187,3.60883037942064,0.955890229754673,3.92391365152303,3.84364503588252,2.29485878816572,5.46025376114105,2.6522076310209,2.6670973342889,0.650589364097234,2.18243624186501,3.42610113252329,2.43944450766578,1.31220485430107,2.10912445924701,2.92564896901208,2.02429299444645,3.72236664502849,6.40034679732145,3.54757353252477,3.851035629525,2.73361841904732,3.27589877533789,4.13218851057446,4.73145223325373,1.44454391153356,5.04880576390971,7.23235606743335,1.98646672122504,1.2462645169772,3.71088740717068,-1.01696052255481,-4.02387127093714,-4.09774684676808,-1.32668635005769,-2.50609859482004,-2.59283450530298,0.562626703493421,-1.02671949330124,-4.97132640500407,-2.61600826785286,-1.52128079272064,-1.39894475440401,-1.7171353233562,-1.84901574501374,0.423392521506291,-3.07663710081883,1.92931191694855,0.950731516281236,-1.69387992454827,-0.982944446279378,-1.15506293811481,0.0684895684475315,-1.18208147261044,-0.418624014445826,-0.616834559569679,-2.58847261235333,-4.18588401477004,-2.24907198256362,0.393519380176438,-2.18559129750429,1.13941016244022,-0.584858935914957,-3.34686983658048,0.185647207164756,-0.206909737594908,0.548158486702566,-0.206440863454184,-2.47624554131924,-2.30228558623264,-1.43739107043467,-1.60015141894139,-0.400469165726763,0.629189315492088,-0.678037222933079,-0.0452692578030139,0.237583691105679,-3.03278603112756,-1.43914763506455,-2.39861331321193,0.061700811358157,-2.74410143314139,0.502545155405935,-0.560174508958645,-4.27554099346048,1.34686252712878,-2.10533768211992,2.0832815943489,2.06384089536537,1.12697882712933,-2.57952155079527,-4.84559467535399,-0.360552389407774,-4.59728220035042,0.906732746393123,-4.10808148508927,-0.453299433324887,-3.19330973345907,-2.42819832293131,0.761036391030826,-1.72920118049586,1.89702706247485,1.73810072450515,1.28165363058119,-3.62144253553575,-1.77099567349136,-4.14145505849949,-1.74538802545041,-3.40054802055083,1.46382703823155,-2.21131320235493,0.757589270951592,-3.6359989523563,0.291541383916577,-2.85459818250222,-4.03572923607439,0.655128013439146,-2.0700044847043,-2.3010472494438,-0.693158168032688,0.12382195245349,-1.52693207087412,-1.76288718219471,-1.10943012037272,-1.29254941958225,0.142131162483005,-3.75682362373465,0.547329531611337,1.26411731085794,-0.407957856741939,-0.421002037486002,-3.50834916335319,-0.542393127802481,0.787721558138632,2.06270978089447,-1.90984485553306,-1.37922382944652,-2.80730608623642,-3.26797745043588,1.63885070507739,1.37465704197762,-4.08446342479491,-1.08150326620486,-0.943416299714786,-3.35984281321799,1.13222087245047,0.150294237236943,0.286995844079898,-1.53280026978172,-2.00821097076393,-3.01794804957382,-0.664264036289659,-1.20601610063832,-2.61706562209497,0.423391691215963,-2.60299303296076,-0.184521177736887,-0.142021396667302,-0.0675825647395458,-4.43782484751342,-1.86338351236289,-1.93656839341489,-3.60658272391641,-0.73767152642657,-0.268762282119584,-2.95479297573264,3.0856100980579,-0.416910830835211,1.55377110539777,2.32730074458306,2.77142147911597,-3.93028096485924,1.03341930123635,1.97714448518412,-1.42880306633473,-0.536825363441467,-3.55633672214451,-5.13772527913072,0.615541091036667,-2.49703620989624,-1.52007401219178,-3.77758632768165,0.237815105126472,0.399973093256857,0.0650663438288066,-3.17779583730246,-2.24787647566982,-0.862481955928429,4.75706726115388,-1.61612929479861,-3.0594090617935,2.61228543212638,-1.60539591622311,0.846156630395206,-2.7511554141216,0.794217784376689,-2.67739796850607,0.143726006327953,-0.101380951865757,-2.42390139040958,1.75774192367868,-0.367264486598665,-0.361864556738927,1.84757965882852,-2.54570468710246,-0.692402739464809,2.17885553137857,0.906003759963976,0.766232299402323,-5.40988243903471,-1.27966777181724,0.534870416699723,1.64279985360248,1.26639900352914,0.932428792120965,-3.30914970488151,-1.38189030406598,-1.07623130389146,-0.402863746949552,-2.80803305302618,3.8691663540863,-2.32502465272974,2.10786784856251,-1.6844865498144,0.531111167528351,-1.2840566449171,-5.00415206738798,0.251913443960058,-1.69879102720687,-0.916894137485067,-0.864295632668938,-1.36684644218699,1.30603757207351,0.222701579667479,-2.81508872822609,-2.49085520100734,-3.97682829033388,0.326644495571211,-4.69586621536326,-2.11763558500577,-1.77872022327867,0.507003806563272,-0.647715597808829,-1.81794432384214,-0.150624583739834,-2.42244139734931,-2.01991354791591,-0.176212190497619,3.18487623471621,-0.707509729130221,-1.61668656731684,1.41489184918303,-0.0836648651636875,-1.30948538790096,-2.76426416872324,-3.87353685149595,0.09690576396826,1.46091812407505,2.00099361565445,-2.80344286937485,2.53267336670911,-1.99548177768959,-0.346218995625476,-3.71038486904533,-1.47931924359158,-0.390251908090976,-1.74349156892365,2.69814603156759,-3.62093248614553,0.168385170511334,-0.587342192929065,-2.61292271168372,2.1188229354971,-2.92203445054744,-3.03455290225379,-6.91877678313426,4.40734015816022,-2.343904753592,-2.13702503890721,-2.44965042629141,1.03828803897531,-2.50486051826404,-0.430289029808871,-1.18323270733808,-0.047227052424844,-0.511511166913199,-3.59514811815248,-0.701031099120017,-0.207880460637331,-1.40712965325821,-3.82581466851034,-0.968614278334875,0.602018295805449,-0.192395343136597,-3.93240186821914,0.0387258534578572,1.27946913690852,-3.84063167921985,-4.22904702576923,1.70327912523235,-2.28825123830604,-0.41588888946082,-1.85202135284911,-2.30173783604503,-0.428950361807991,-0.376209014065975,1.32924073933674,1.6270388929304,-4.87046865609405,-0.156006770812346,-2.82796163432103,-1.04149697881463,-2.91374987744933,-2.78372111449406,1.47675556509217,-1.6010129383445,-3.38782222727158,-0.803080931031505,1.43332515229119,-0.708371952565667,0.0729164735986549,-0.304642894535237,-0.38912157704438,1.36550075239938,-3.07056373814366,-0.769870035636214
"15",3.03265993239907,0.170342230757572,7.01197145391198,4.63754402914503,-0.731304521299454,2.70314625816788,1.83753136844159,5.12213776553468,4.24243175087571,4.62308584677215,4.47730821784763,2.40098652638679,3.87569227628741,2.63775776229411,6.41041950175693,2.74681776517063,4.39704215545957,3.8173483063766,2.99014570359959,4.08452031066955,3.75903112920225,3.70821894809237,2.68212627098138,0.32189014418917,2.19697876581589,0.263640297895074,5.55350644021349,2.52703455378217,1.44998610429621,-1.23305508694882,4.74282530955456,-1.11885541642483,4.14413213526169,1.37149126421196,0.550650075949789,5.24649711153369,1.13548653845697,4.79047495409531,0.427159039274743,4.32880958734259,4.94848731489672,3.99100288692605,7.69391969047265,2.3463556666174,3.29785800924751,1.05941918229944,-0.9848321596921,2.78797432013471,0.807126011636874,0.420210794800399,2.91320261768106,1.85761689596645,5.07274113988877,6.59694471822877,3.17250412553857,0.640944560964801,5.66955747406454,2.93814428784822,2.23793383830791,1.06025610879352,3.89339807847039,4.26658378175348,2.66287264353564,0.99712095627681,4.52474296005629,1.87648326413952,3.76853847490574,1.65130177127325,5.45176809870922,6.28295098161141,3.67981722786744,4.91324107326717,0.784894526462717,5.78747018387325,4.00442430122968,2.30707243901712,2.64324866612522,1.82092015000134,3.68605726475298,3.34664833339384,1.93784657411196,4.24213622102781,-2.13359473432654,1.90963525134526,2.75987898608325,3.47436501806733,2.23356006981929,1.73236926810636,2.59519704264973,5.6211040962032,1.78641018895296,3.14866065424701,0.555902010466589,1.60581352810384,1.71088002455453,3.30201244514239,1.08009068617702,4.13559075882093,4.82283325498142,2.27321788308851,2.35656836312264,5.04899916609251,4.51854124217959,2.7179493457001,1.52073864117754,2.3944103277975,6.85613065899514,2.01213664902477,4.54151485743136,2.91803559488199,3.7857869077525,4.41343128319953,4.82001456697576,-1.01363129080673,3.09967670990204,4.8575921607264,3.69179313142992,5.38538424481763,3.53484541763818,2.28181261676267,2.59756786486142,0.85118286366425,6.638174595926,3.28872030746363,1.6738041123046,1.15292629897136,3.81208982831428,4.46749005015813,1.95414479617567,2.26898815117636,4.82088057665272,0.938764006251954,3.98790528953224,4.5320339365946,2.938438780968,2.6536282897216,-0.663371868429173,4.45528429511595,6.36937767203025,1.7536311950873,0.852347884734906,3.83368021707185,-2.39481023554143,1.94579530227267,1.14915072236505,4.19350463694781,5.41509798694895,2.86631339329375,4.67218815646635,1.98797191186682,-0.494852174978115,1.30258590124837,7.43451168911836,3.83408648031354,7.85029095273217,3.20494083297406,2.84321957819564,3.18536324912463,2.69251589628945,1.71176301032758,2.2168155378252,3.44121617593343,4.09093141182504,2.35606029718296,5.24741162219382,3.58338468145518,5.1338726893353,1.67928051980015,1.79816803024785,2.46552606869853,1.7078590085888,1.88271011322029,0.829705597635619,2.97691331730494,0.291761225058493,3.64120682085057,4.62868633446365,3.66503618966815,0.835331199164741,4.72429940819084,2.98968040291548,3.2013653292939,5.12751602668034,1.42616800618642,4.37637372372064,-1.23585088393921,1.80372352756654,5.36671139323969,5.84137086649996,4.238699762271,2.91309258452292,3.86354347182572,4.86473872966573,5.18563841124835,5.15392356769597,2.13215890769811,-0.151814528951495,2.03054544437176,5.16455552708235,1.92632530956546,2.49870804780626,4.69434562252374,1.07412970121515,0.277264309330269,2.51791548062229,1.79643727959267,4.50679241099578,0.352021687133453,-0.955775960346327,1.14843078483424,4.2858095172841,1.82750551803197,3.53467342620008,3.45591825969603,4.77052833486477,3.51869241223986,-0.734182635272212,1.23939984789243,3.19369140849237,0.30370196607472,-0.163261933344383,3.03304655210837,3.77326959565633,1.11921910209127,3.85091479596579,0.90631128936481,2.43880876869319,4.03855430804782,1.98506412649116,2.83813059518083,1.86986894066961,1.4902304139348,6.30014417640022,3.35528411311461,2.4131960376498,3.8095145978988,3.99009245812798,4.24868454977826,3.31602271898721,-0.0568657701948698,0.0127681230527044,2.26247790470273,3.09498978013819,1.50133273690021,5.00350615849869,2.5372233895034,4.09654407342965,0.808630348535316,2.99341844133561,2.36345992919835,3.4692440410612,2.13976521441268,3.24014481089857,2.55706101793245,1.54073563246237,3.68355071439983,0.101155014208334,3.60222730789266,2.15125871744178,4.67129736034009,0.982174451359602,2.79808418182221,1.71336086570468,1.21759264908725,3.80980332583045,0.701453033228956,1.88194733333031,4.44708265858285,3.33060185961609,-1.35248895046551,4.39213709595843,4.47737271651396,8.548882167842,5.60162384597534,-0.47350064920172,2.16815209587591,0.794734732936905,2.38899925651393,5.36594513726641,4.59448550828085,3.27297221122915,5.0043864809608,5.47816587892343,1.30870363193997,3.57454035895568,3.24092315668941,3.89918620838771,3.00467810474231,3.65728517763004,1.56403075763948,4.60658477554469,3.88536353397476,2.23343975555915,0.877718159157722,4.22395966759973,4.12792113308518,3.87977353384225,4.50776035747362,0.578212671163196,4.03275784719108,2.93838864321446,1.7846856853576,0.826506052117606,5.21667660734237,0.562271555211187,2.00017833321516,2.76754356318502,1.60961998049418,2.32993223927682,2.770453888049,1.19673160515151,3.70630014974747,2.08257999549259,5.18637910273604,5.258562931602,3.26039928424975,5.67322102525036,5.7145738156451,6.03983895477786,0.438049253444016,-0.287221373731577,2.76036909237309,6.93789213618619,2.30302398728211,5.19966042271793,5.24149442323754,4.76073135657674,0.897683368799226,5.06091921844672,-0.237659159496941,1.8299354617382,5.28765419296293,0.900619972491485,5.49847899561955,1.60006800850245,2.02320689025861,4.07801242061357,0.00211851078590808,3.51583357162543,2.86170732139809,4.60612892440296,6.67458771150795,4.25565584336673,1.56867400467238,-2.44378403543145,3.44648554355877,3.09875790258083,2.48534866993914,0.342660728250412,2.11999420432048,2.68883174264108,-1.62946171152684,1.96847497596576,7.43427112887496,5.15009795328194,4.00167577669657,2.66741110353228,0.625059164554735,7.31506623603291,1.08449396730819,5.56688041749503,2.13736599443116,3.7176835165477,0.964459603079357,2.8830547624547,2.6973598357243,2.15680218997658,3.21937300233632,3.79331116165787,2.8715479777606,2.13082059809521,4.77980874819777,0.983495525133119,6.94540184092149,2.53510416228087,4.16645976464749,4.4179025881604,5.49246075588338,2.7111227033132,2.21051069062981,4.44937013107306,2.65111688394299,0.0885972671750648,2.59689093084926,0.955459247286153,2.92972425876144,-0.0844756220968566,2.57216284636491,3.25282008108433,3.81329769663742,4.60336910070796,6.39085993295605,8.72457292792275,5.48795098914031,3.17154927646202,4.14913421541657,4.20357562116632,0.379764908719686,3.47493593043598,1.71820693574344,2.21319474128331,5.79754608965921,2.95709377570864,3.7144655763749,4.44889474800041,1.20681798479195,1.67203645074133,1.74737203078604,4.37631516063919,3.34291086847514,3.71167089118027,5.05010419626203,4.63511234422749,3.13227391728208,-2.1254707058912,4.41898884998058,0.383970132432718,5.0690010007596,6.61509010399721,1.2552832989636,2.34424737004079,0.100378751577683,4.17575406848978,1.06260568356254,3.48497386296629,-2.13632546050492,0.827640650836582,0.626407330689799,1.56071783871518,6.06021887096139,-0.809624511800592,5.28722208022709,0.896853219987879,2.54993529197655,4.39128596852182,2.86207754099118,4.09465753867173,3.29061732133384,-0.658090908101639,0.528020198361244,3.40996551338776,1.56605675978585,2.79775793277643,3.04432844609237,-5.86477385612262,0.243902681807374,-1.23923837425895,2.01109966526886,0.117367110682982,-2.56480219182422,-3.19270957046349,0.371343717747981,-1.47671925995339,-0.483402775493692,0.885064085041721,-3.97740601128677,-1.60856568137236,-0.632032560808203,0.217744918934569,-4.43008842922491,-1.54655179664949,0.232833191496561,0.480490712866756,0.00371274299449698,2.49774261796907,-0.556992706380522,-4.502234456404,-3.43683946773689,-4.0063704460555,1.2988279038358,-4.52064305779325,-5.57645857902476,0.601022475049698,0.354280776852681,2.85627710576674,1.39770418748176,-1.01438478895297,-0.673847642911693,-4.85422110732927,-3.55338971356505,-1.83208855843592,-2.89643257974095,-3.43540517910662,-4.69461539534864,-2.21132612376195,-0.00698194766605553,-5.22710252412894,-1.78601861519741,-0.783862258133411,-0.139383633445685,2.04563443207608,-3.20471148150724,-1.22230650299417,-3.05525489493343,0.653624326743605,1.50955737828171,-1.30882593369419,-0.493473598197347,2.89896677108279,1.69343245263322,-6.29593204847647,2.79472078482791,-0.733531483632039,-0.333921984931684,-3.67070072697953,0.754106967790096,-0.490340968863307,-0.699205881035112,-2.79054565908487,-0.14432875233706,-1.54695779832067,-1.32153265824947,1.23958129459803,-1.23255602501448,-0.0153520157097699,-5.33461688470271,-3.30974364318645,2.24242636677076,-1.96777893756632,-0.703499987815033,1.75493341439982,-3.68776428483708,2.2178398263643,-0.70909471486482,-1.36160191522481,-0.309639334222964,-1.29403104764161,-0.413257539406009,-2.39000747255986,0.616865037119463,-0.449210681458549,0.103561344321115,-5.7696541025242,1.00726994532145,-1.01023576557178,1.36799067382117,-2.71439732137507,0.306952156855302,-1.17325985273008,-3.67230808533708,1.54504059353922,0.466787123353255,1.21724129013005,0.516758937999303,-2.95076130495568,-2.53768476930873,0.165633694114809,-3.02275500890516,-2.24508386900461,-3.76720027890196,0.268595266855604,-1.68349381201212,-3.0336344181496,1.96495189411106,-0.965001597339868,-1.77841700070493,0.0887418645482492,2.27185699247574,-2.60665893519182,0.364292358835081,0.213829133705652,-0.594240146940389,-2.90920180932822,-3.365248550751,-0.94541009935009,-1.72662658050136,0.0826017452361199,-2.4928741233868,0.0962568744994272,0.342515740305728,-0.010511774378749,-0.456210449489833,-0.119378223351735,-1.1718512597754,1.68614840291665,-2.50179511565226,-2.19540635715648,0.954853286326167,0.19175399050334,-3.43787397633836,-1.03635224647001,-0.540087494297873,-0.111109325944744,-0.811485425542654,-0.250660060034932,-2.06366794424387,-3.17989772875056,-0.255121352561197,-3.12795819434818,-2.1172500966274,-2.37964527918398,1.12432646173391,0.540989853897706,-2.37607178542537,-0.561774088737207,-0.09688342262009,-0.575561893430011,-0.695796365312441,1.55240006349551,2.14051827258475,0.372826477340671,0.0505715339996051,-2.32948381463614,-1.10753569732789,-2.14692052416727,-3.0595165327174,-4.83060156762004,0.196968383971006,2.40510430525907,0.577615246862368,-3.85899376266495,-2.37538586653653,0.771985230968403,-2.29957547710841,-3.67115659202375,-3.21756657764412,1.56253126083939,-0.74357588938863,0.0975744049275034,-2.18427526711155,-2.97013783291715,-0.370309578196113,-0.346376677236749,-2.30528962012335,-2.52675745129252,-3.52003660533058,1.4150684827417,-3.61509842398516,1.58652698055024,0.506743920520528,-0.287575839819161,0.940706713530703,0.659517829737767,-1.25044028137893,-3.47617579338224,-2.56565143695128,2.54568376338953,-1.01720842897223,-6.59676765469087,-0.228398586881234,-1.42286626772197,0.589366943407018,-0.42981224419024,0.0813985078102215,1.8438220432046,-3.43925137037717,1.03038229789838,2.42766664052415,0.157187419997004,-2.09016157656207,-0.774187882052592,-2.22733742664656,4.50865419071515,-3.00889817122514,1.52928183960292,0.260290409341733,-0.754493934783286,-1.34809038630506,-4.88058211096046,-1.55875626691074,-3.37998347545808,-0.355403229688651,-5.44631124992171,3.95236867101093,-4.87401861956892,-1.11287366894941,-0.647788897543318,0.653542515554467,-0.851109719427796,-4.51118180628213,-2.90417833910733,-0.978119477212828,-3.6231244848989,0.215017126598041,-0.743217370866005,1.13936311410887,-0.257210826298023,1.39572405908287,-3.66955087881355,-1.22882504095847,-1.89865257600052,-3.05886831544274,-0.516589179314219,-1.14929160240098,-2.60357927513605,-0.0642476970465833,-1.55772907226453,-1.94721681959648,-0.744143821553038,-0.829440635664354,-1.36447055003159,4.15959194314911,0.265924265646591,-2.25527442105664,-3.87129241078936,0.367893189738849,-2.62835165460026,-1.42452401649489,-1.34157933509793,-1.83340196356406,0.0601894605787452,-1.01450859923641,-4.31847549369279,-0.199323920816242,-5.23044884936559,-6.92612074030391,0.342547836514473,-1.86832920896637,1.06553835640573,-0.478781519224702,1.02858868634937,1.91637455064585,-2.13947272515676,-3.89711560386375,3.12057363123013,2.85977902457021,-2.6155772649961,1.5986803974614,-0.771502395137071,0.951011103702646
"16",2.06887929837527,4.6541051994596,2.898729368083,3.2284101891114,2.58560007637324,3.74960050604518,1.50638166433977,3.14214474814201,4.39906805061089,3.11244674035583,1.10101790038556,3.79428168011744,-0.496378217162492,-0.01393636472211,5.99566368057938,3.40893927728994,3.97460274316221,1.14001854223362,-0.495035598987812,4.47733339681356,2.8351320453791,3.37562851974468,-0.049534481504486,0.530546587994492,1.19281995172694,6.13427608370353,2.74218310755391,3.06483712576836,3.75332160023385,0.392862461666151,4.06292706940064,6.12236690816183,1.63647947465145,2.33352816442986,2.00030626170901,5.52756978923508,5.46180088833852,4.3063096984136,1.6429629071014,6.16895589428525,2.9867362014133,4.59559920344958,1.52704152707285,-0.335479878158166,3.50871134412423,1.81995595028529,4.76205150070025,3.61924100758577,5.55468792635616,-1.10467734916799,0.912395688776272,1.57776356675466,3.00190438741,1.83512839168039,2.20258065480648,5.36295980745654,2.44633188756799,2.39389016373817,3.51511819253631,0.899420901309672,5.84678877978399,4.76073207224415,1.04182773830675,3.10158436319939,5.67860234912084,3.94585709320097,1.02983275624554,2.68436875972364,0.41439681619759,4.32320593789928,4.21022425654339,4.72947605357999,1.45332112615797,2.7588094147363,3.24349830469923,3.25287866973407,8.83154093051346,2.05961244571507,6.90900063655889,3.54703366372901,0.448049765276438,3.37689110673538,3.08806401929832,3.12749239371767,2.10935673373599,-2.89973238804415,4.53243341505654,0.187276688244105,2.96479683303317,2.38629677587428,0.98851725219828,4.71666402964568,2.02728990401829,5.04403849407455,1.49099075533479,0.890477404598065,4.55917518361856,2.46170744330253,-0.504294114497954,7.55135991056191,5.1853219190876,4.71529403551268,2.199995898193,3.50986827076063,2.07218152178099,2.36389759270216,0.541511100853389,4.44062078702463,1.05241745043763,4.93169126374202,6.21581722878193,2.01603104105989,6.15887724896873,0.0831719677478051,-0.270313837521267,4.74039858015292,6.78778944219236,1.51242350379513,1.98932023445004,2.13170513900601,2.96108047558149,4.42220917199584,4.30188858026755,5.66893069134646,2.07699845230648,3.04334316133027,1.35760359015786,3.83906740852483,-0.48724344113594,4.92017027412491,-1.38242854413631,5.64204098671322,3.86617396405695,2.56392428629621,2.38008364879274,0.352278081217289,3.97751822071412,4.13420726345587,1.09568652491142,3.38942358046949,4.29462601784847,2.79500829073379,3.10197403236582,4.44453012163829,3.25643330523763,5.14879464108665,1.78510111692006,-0.216661597687451,3.55195384628712,0.452637452418744,6.19564165996617,2.9594789316133,2.71398967700867,5.85296159082514,4.77029166291927,3.75271819520116,6.36044516619044,2.20405964272713,2.21554343167687,3.39285643505505,3.6961228777478,2.22583555977756,3.60811820446698,2.8769261639079,1.22343210703617,2.97887541821184,3.00889172125429,4.28381524498619,3.92431855260935,3.40064979823193,3.74816296371471,3.64686420899112,1.75277755048959,3.94629962820091,5.19969094912403,5.77632296116906,2.19062115534627,3.40747933186776,5.61854646290899,3.78128387191973,4.24836510488295,5.53490901242426,3.487923951404,2.84384630900977,0.865462407300229,3.47918792108517,1.02201160267892,4.44333885807472,0.427414625035104,6.16905213713743,3.43330203476788,2.14898596721831,3.07259760586778,4.07478131237335,-2.0499367447613,4.27298663202379,-2.37513047077883,0.705165807188981,4.40473333915061,3.19745367415013,2.19948718338477,7.07457341942695,2.25820435517678,2.73536113863337,0.113875695012018,-1.33783198808207,0.811027156295371,0.651357594716734,-1.6223549496616,-0.26554277829647,7.75512311941429,3.76699547713152,0.275348193154626,4.43135552923819,1.98569175873653,0.316173237249648,5.33634720875581,4.97393111097348,6.97276693545452,0.0982874019695759,-1.21125539776414,1.58257761966296,4.98939015207866,5.52596567887166,4.03845457982291,1.82632143111588,4.07267393193865,3.54195027718631,4.9651129048512,2.59853812831144,0.962268360344309,2.78186827064503,7.05108451960163,3.86934114745284,3.06671027448702,1.24848153954484,0.971403977514858,2.51120949298126,4.64013055061638,1.89973197916645,3.52868779125028,7.40606044518482,6.88461073978375,2.33082587142721,2.20516696804388,1.6691934544602,4.70027634526774,4.33797518748836,1.75915845939601,6.37512064650949,3.48074238105128,0.379436489389658,0.822837322954944,1.33943564876928,5.21653516655787,2.45822603567295,3.27624876947776,1.10276723259044,4.99448123435418,2.21411446311559,2.87422158448904,1.54954676655411,1.3550682881839,7.47208693467074,5.38272339218495,6.29468696637446,2.73233289298773,0.435147724837426,4.80123429354899,5.67245277093516,3.14983419557519,1.84245566014391,3.1377980354873,4.33196864380562,2.02381767734596,3.29043333708474,-0.217133686718714,3.73747570641786,2.62199057607094,2.87493049487824,-0.604012151028442,2.8030270852541,7.04870658721576,4.7378215700831,3.41378001613204,3.32663992856686,-0.704969467287701,0.841570655997781,1.84482989179407,-0.527323886911081,1.18329713181827,2.08728450113458,2.57344869209084,2.69702616494642,9.2887322078314,3.12793536963672,4.26102531027466,2.32275511391063,-1.31348797623896,1.7864224283175,3.90881338709921,6.50842859684062,4.92404311594246,4.06554650573273,3.37654748744243,2.26135738315009,5.77094426965578,-1.05989499260813,3.0604401110717,2.91335798572389,-0.272460585997723,3.04891139874656,4.79734738349676,-0.773056236901227,4.90183835818465,5.31071672801617,-1.94430242324747,0.799664253849731,2.37322471900446,6.48568186082623,1.95662729592093,1.1336195016404,1.3585365471035,2.36484756055083,0.766644331367005,4.33729102120752,2.63386864763351,2.33584735610347,3.01521337897192,0.942840941885829,-0.915039776245086,4.98338781631069,3.07097075232457,4.88912023044918,4.11677861724122,-0.186602114583963,2.98149278234519,0.548203127857008,3.79351351693576,0.811400415037083,4.14895310708897,3.77834807574939,3.73196197639631,1.03008592811127,4.29060098975147,1.89562589035241,2.10549512500365,4.22003114363526,4.40859651922474,-0.52430820752232,0.113092450758968,2.66344869080764,1.3940303847233,2.75900621130342,2.25349854097812,7.65524875853777,2.86762554410882,4.75095361144324,2.67509527712308,2.93663380668749,4.5462492553715,5.164308756187,1.78039857529611,2.80362116405942,3.06479074527846,2.0562223310809,5.67158239192877,7.33045643305285,0.572119592039471,1.13374457042731,2.27113644539933,3.53651504436076,2.16433732168675,1.43014730972157,1.71197456164485,2.68930897679651,3.65026447605305,7.30647185524397,2.31493763172507,2.44752348059497,2.85366927082529,2.99737661149762,2.75657233324063,3.68601016049815,5.8596698269447,0.903620871344414,3.84850602654459,4.10659769939111,3.11334831642817,4.88665125887703,1.5744358954525,1.52170892652834,2.65350444433641,2.74737527609336,4.66374696653681,2.27433676833642,5.64250573556359,2.41723858237271,0.599295237585989,2.15421251712344,4.30143342634109,1.19234678374878,-1.29257489834322,2.74137698614198,2.85283877357382,1.1994087931581,2.01946584029683,0.450271729553011,2.4188747189567,4.50016680275342,4.84969753147387,4.91307940813918,0.276612449181931,4.19204999480472,-3.25920283423189,4.85860006510415,-0.322222279052157,1.42121064477883,0.12475737420178,3.93451554118642,3.57574758519815,4.39908783761896,0.741439041799521,4.18729151162223,2.44219505003693,4.15066649291136,1.24204468597925,0.958772570850088,3.90395228328624,6.16676293657573,4.6778230160465,2.21820617688438,2.83861424289358,2.24243147620418,0.250702417011621,6.01345058447702,2.98944289169582,3.22925671139492,0.317237208312088,2.7944004738876,2.57829670619046,1.86222767347951,4.63367072774654,3.71100409862822,5.87361186714486,3.36373858758148,3.97339123183004,1.25058025698924,2.35000160394327,1.74935935468161,3.05688369851527,2.02658355701809,0.926912998601866,3.89517580699075,0.257958689877315,2.15238297136695,3.55429609221191,1.19045136992921,1.29034285619315,4.40575163324014,5.63411268351799,4.85718616148649,4.43792089233316,3.58519735099803,3.73030186374814,-0.954945547268808,4.70357816265326,6.89359488735209,4.22189832593701,4.18586752182994,2.65725871932861,5.2974605778975,6.04321181617499,1.2828848502187,5.39147487475064,4.6687595711506,-2.61964450828546,0.243378416669061,4.7974818014262,1.8797650632754,0.603527294868484,2.29143511529214,3.45943568656218,2.86067745176931,1.19028161078978,6.41583593857519,2.83028283582137,4.64789980594511,3.96834356109201,2.71008450861178,-1.93192590640437,4.75063214777925,5.11463330171659,5.87227659042071,4.05405505552147,5.57397572900129,2.92108889639482,5.90782511818807,4.42233544131581,1.4271991539781,7.7752482022329,6.50368185467843,1.45887659468366,3.11351637884094,1.11488773517426,2.9612086563046,3.64270947620249,1.69805190054402,1.23361440120831,-2.12313351694805,-1.60443238782328,-2.43318945286232,-1.83792890091377,-4.78570220034848,0.386033915245249,-2.92655829752642,-0.570773491758611,-0.946724401303779,2.59321283434614,-0.00233244442352309,-1.7997408255726,-2.25335239782584,-1.1392476133661,-3.30756371380089,-5.89552289951273,-3.37478954742619,-2.20759300786218,1.29624086685867,-2.96038284782239,-3.40120271510394,-2.40844522027847,1.7583769082757,-1.0718200307897,-4.09568135485473,1.54480794399305,2.13459064144435,-2.85461012972749,-0.456432077422054,-0.119454214865109,-1.25344162487785,-3.27627365239176,-1.35645574418091,-1.17825134395037,2.74382631853017,-0.130560411259973,3.35361895321235,-0.936484824749789,0.72853240665326,-1.91712777870985,-2.89022490296549,-3.07714273468224,0.404595490591498,0.34829211240296,-2.3065234757401,-2.88969497225907,-4.2028647837521,-3.05857187661525,-0.976916561098831,0.893034810601463,-0.160230113254847,0.141436148122819,-0.678083377434251,0.900148856226426,-4.84257171144557,-0.375048872287686,-0.986316262659935,-2.97384394241918,0.79995867248145,-3.39788330137991,0.0586891990325478,0.216830447454499,2.87584859001457,-1.73431603125291,-1.62809827726595,-2.86339183252207,1.03554955859142,-2.56728018356188,-1.09783770481979,-1.27160237985349,-0.843138720853765,-3.40206634629232,-2.83804353050185,-0.98346896872003,0.932244070895528,1.32494743065155,-2.10472947173773,-0.162939099006949,-3.64875704940884,2.50623366798713,-0.893569995223365,-4.0196823104937,-2.98379386727009,-2.43872495541821,-1.35505076063166,-0.205286548685202,-2.36511755204737,-4.99629437107793,-0.967334197197417,-0.725260173279223,1.04221186860541,-1.77343054710138,2.30509404295364,1.14330334692051,-4.84192135986877,-3.18571714000713,-6.4238352232318,0.533388398178835,-1.99424518550109,1.9057083258658,-3.22226628231607,0.00158675311717515,1.23977869628471,1.32965961504941,-3.18860177261038,-0.132669687877455,-1.47669519795988,0.658949010701868,-1.06960869050756,-2.73955103482985,-0.877467176937559,-1.10841054473182,-4.66448654137906,-0.0752417965960054,-5.1980011410657,2.42831889176115,-2.82415853034528,2.55366614695054,-0.432492926895644,-1.83396873851546,-4.10186857011068,-0.433856664375469,-1.08186287350115,-3.51991285630359,-0.8302318753767,-0.460418131479742,-3.17471789924945,0.246456067621036,-0.576588048534362,1.31220026542415,0.836065063639105,-1.67273244588545,-0.324585225335938,0.400133165289781,-3.48078871444391,2.47218799323341,0.969367755688664,-4.66852491356205,-2.65119217920371,-2.94662436720778,-4.11189299344688,-1.79154330245761,-1.66757346363534,-2.94126493706042,-1.31485728523296,-2.14436273108814,0.145070576473553,0.648349507604913,2.97313844477882,-3.63433229058148,0.170640733054095,-0.264773048667743,-0.736140683253728,0.170479622281585,-3.21049355307759,-4.17364710179376,-4.50816652895102,-5.90651526018854,-2.24494465767891,-0.648605884687031,-0.093486160706869,2.64713400730424,0.454191712315875,-5.01248042151032,1.95218568082312,-0.990028366844,1.5836583320231,1.47364781177699,-6.14225123459857,2.6749453682682,-3.12240356396144,-0.355152772749785,5.42473312924977,-5.35184411631645,-0.0244222848737148,1.19515277079729,-1.61226991201309,-3.04738521940749,-2.20062348756057,-0.653261567186441,-1.88183588702193,-2.62089104751642,-3.15563557368535,2.57782350031914,-2.98138782053417,-0.30357159227412,1.05026289199162,-2.44379633344423,-0.743172325698355,2.20763040393178,-4.25488834153983,-1.6604838458309,-1.4628931542492,-1.63586591324519,-4.90457820837096,3.81386684318803,-1.97846086381436,-2.37894159841477,-0.986236984378805,-1.32907435326685,-0.913977305417402,-6.12986838008341,-1.76059220094572,-1.58179351644608,0.71666692305776,-2.56763847844247,-0.882233473545401,1.06293576273281,-1.34283484646143,-2.81571192237038,0.0344047125447495
"17",4.40764804833916,-0.917160267422212,2.012761689635,6.88134973486172,1.76509459017487,3.14800040453178,4.7514464248935,5.0817924612026,3.91481932854293,3.1744321855804,1.40362481212315,0.272852569234934,4.97168682803135,1.73739426814257,0.980657959562711,5.1765466402634,3.37979548203648,1.78199997955333,6.57715526701429,4.48382879131306,2.89675984558277,5.02488870173433,0.828016958212721,2.31578838095843,3.80715087605836,0.946870286727165,4.88670035633008,1.99818201325748,4.53101698843807,1.02123138283256,1.21490552198907,0.655553146240225,4.89108427330488,0.858387362716087,0.411420636354392,4.94955359838956,3.81849184244508,1.04151663286633,3.33359056978384,0.116870670584317,3.32988027251113,3.42934446397866,3.38523679164935,1.69842547758459,3.0642787070788,5.24996540100444,-1.84691030981436,8.3413484518328,0.753462011652933,3.25438268466571,2.72169478960194,2.15087431008497,2.51748496736551,2.49455113664467,6.64146258322734,4.22281322206871,1.6591925045333,1.12476576712104,4.19074079698742,4.69986944017493,4.06352248850506,3.97808257899389,4.86851946260925,4.16024776751002,1.91841421751046,1.46966455450315,-0.21230969547254,2.53638296567609,3.02656311268188,4.63696832967306,4.6842566308422,5.89651616498359,-0.810367343927723,0.528479634448471,1.62374818506747,5.71751841438873,2.94482328701256,2.99361280634482,1.59221539638176,2.68631451047722,5.14151959931248,2.2458839112076,2.84277589736424,3.61731395056221,4.08227045197556,-0.168962234741417,3.03926340629726,4.35405606121573,5.09333136091974,1.41428538993259,1.67625849006149,0.275595647873544,3.12601929085564,4.33062910712003,3.49344156029492,2.1658120349654,-1.25399905082617,4.382194541058,3.99450486401909,4.92786206577299,4.09934663668638,-0.72810167189615,1.27696491999631,1.69949214343871,2.83707800414846,0.814289729023348,3.42174260036247,2.34201085933002,7.59442080887545,2.63993579707851,-0.556452621274178,3.01109770725593,3.68980855042033,2.39911953382379,3.71179735316973,-1.21286758591011,4.5788211797427,6.01073939311459,2.00371408399867,2.53973996108247,5.89076897506874,0.33844398103227,1.7348059759995,4.18532256623502,5.4307410069004,4.0946595227032,3.24515744811848,3.13419295319905,2.94435321045142,0.42952154715109,4.16862030119051,3.37359818656237,2.79789410075939,1.92419144136727,3.89498860339937,4.05281555756234,5.22519326958091,3.33245083125691,2.11899708352908,2.65218293713521,4.94344818076706,3.03549332290066,6.7679332943074,2.04973175374381,0.213177901799133,2.26738422831831,2.89561336041324,3.10601964332928,3.30904384886945,1.74723367876528,5.05307133785626,0.0222850271978641,2.22180488482087,4.74832953915151,5.820554236079,3.9527507999754,5.63346035869963,5.96524885512936,1.61022658110663,1.74367442202066,3.29493684743883,4.52772042250557,4.89487467383289,-0.0987584784568947,-1.02896686564818,0.942381401832958,5.19383110832967,5.13340791499089,1.6346206334843,2.60719971341866,3.94958036218594,1.60618620108732,0.243548403609874,3.39504951241385,2.8711680224409,6.14598951858017,6.10659114022318,3.67129814039563,-0.550497634312862,4.20547519226576,5.70037546348196,5.32195205300001,-0.0887573113569129,0.934596111269371,3.71055032715158,0.679012863539392,3.1636689574748,1.67971808900431,2.26442649603616,4.44827226787857,4.61882969353353,1.47116648466389,4.93553401473258,7.2647029106033,7.19418106176314,7.37262377451827,3.72361145683439,7.69850783371774,3.9930642127861,3.94470989983405,1.30028554118082,6.89100918409203,2.45814040272592,4.05639571272164,1.64984792872272,3.96986945249726,5.33866617789905,1.05860387971974,3.36503941741735,3.77930650198,2.53689724513815,3.76827540370364,5.34760501361022,5.31056121332765,2.4260223767756,3.00906761788486,4.26151409199329,4.26696811324719,1.14656423095613,1.2603173530875,2.07238822110639,2.41376026068928,3.53829120121926,1.96593996457909,2.71521327356665,6.56025492761904,1.97251483487288,2.06293522445612,3.07442571854203,3.74464479691441,5.38518308097421,1.45617295273735,7.45799189907615,5.0318482176611,4.72947513649557,0.462585356387812,0.181370662799483,4.14598094024067,3.44254339357741,1.13010257356629,2.98384226512492,5.37162127553555,2.29438748540612,5.61071336675674,5.28784708375396,1.63811764199618,1.31112598212898,4.10262491304633,1.82346977501649,2.17631174564361,-0.349734506590724,3.33718133881047,3.02277700293947,2.0734803297291,0.308380601253484,3.45377522485494,6.40795869591393,2.7235543059778,3.28923301498052,0.052270600195957,1.99791158491799,2.55861792443966,3.32225579284338,2.01344058983057,0.51240349852308,3.58809853804391,3.95072282994254,1.23768294177006,4.70574526449831,-1.55473492581987,-2.51359264030429,1.4186609126478,-0.332510099045362,4.60033904524024,3.1380701626678,5.43447422821042,5.03348610909275,0.590247284499839,-0.43652845317267,1.4771523405304,6.56235305145071,0.894814591435632,5.01895503583818,4.30554111244535,1.95374830770554,3.96899587173587,1.94501972331288,2.49829207392029,-0.442424422477715,3.26592547350742,5.01829712461263,2.11598696595586,5.0397531981702,2.56496988871148,1.90175945254108,4.39588748948041,1.21637162795886,4.40301371133334,1.04765143104083,1.7138848312818,0.857883291874611,1.11885530939466,0.727737549255113,5.12345514464867,2.7681855989609,1.86280470710123,3.55439242945013,4.97301490815798,3.36192309874307,2.69857092300964,5.76194843968145,2.87301641877284,-1.43645731225414,5.79950558740827,4.09081408141982,2.44759867484385,-0.427720619762195,3.41996289558102,3.67478621335214,0.244472067715332,2.72656851394767,2.79625623603489,5.31284750421418,1.95358148897124,3.76498637175874,2.09948893179461,4.84671043959112,2.25476316433203,5.13517461420514,-0.327489986545543,4.45967599775521,3.68451585481381,3.01549423828144,1.98356001874791,2.94633368001004,5.07736081578984,4.94597910966251,2.37569881127266,0.232214699514675,1.8438833700456,0.00860623786966297,2.08197366681218,5.40831368818346,-0.0867306862076656,4.37447872042886,3.18402377989616,1.89554530080195,1.40382622371832,1.16030943107192,7.54264121422395,1.229426210738,3.09229383876338,4.20020882549298,1.60174259527577,3.71395473471468,3.86919976886824,1.70421438106104,1.23974143471905,-1.01275891846126,1.82839305876112,-0.92962803395075,5.06550121918541,3.15950735539847,2.31082222956792,1.14906041100227,4.22167414343015,2.33316137867812,3.13685188566225,4.03948478703925,4.03958759190003,2.37448610625794,5.35517407096767,2.82019952494008,0.669244706081616,0.347922861113222,1.56881371445913,4.31782679284953,5.40126747812562,5.70174563955631,0.929163364479713,1.66387132233306,7.93303877820293,2.5021560350324,4.55125033055277,0.773231078861297,0.463597336196453,2.75155250522601,5.15283422686772,5.26591381940546,-1.07207822953942,1.6606034366747,2.50508172207766,1.20580286658885,3.09844557766095,2.72490985556737,3.19293169083166,0.726560718368065,4.29209326787953,3.34313058353257,0.0793232342654044,3.00308119973558,4.94151201085924,1.92811138150393,4.36706384654972,4.04855811140508,1.88881170820741,4.17953806513071,1.42694805583789,5.92966468741953,1.80902754887468,5.36901300624644,3.07562172679362,3.04172198602122,0.021909911294113,4.22890594414464,1.39989012057426,5.03499939796586,3.06763886559049,5.4859112150046,4.30501197794057,2.27761186142487,5.9791502904605,3.04048439985537,4.32357945295498,3.06596655730136,2.04660682148162,0.79218715018632,-0.560293415698977,3.73448270379436,3.29625793632875,4.7739478963375,1.31265959692767,4.25231321306008,1.27515647888082,-0.622454825130471,4.58982699979945,4.10751148105444,3.89805371919575,-2.98724197623231,0.815710786139305,1.66429367709292,1.65307835522563,3.19706226158103,5.85994584426017,5.03459294336255,1.81946959594063,4.14667394262309,4.01038366394879,1.76471736474092,0.764082372752076,-0.558289790490443,3.3505774203244,4.00914283117551,0.118523154843238,4.68902685918475,2.82924182159111,2.51809815661405,4.30514210690933,4.74636455279957,1.80423163671182,2.63828859215867,0.981301209595426,1.43791312878788,3.9370309614075,0.764770280191609,1.3242968085644,1.70175867437311,-0.0401560086564396,2.32586795567047,3.91798900308841,4.48429459358281,-0.300126102989287,0.0405909728470646,3.21975994178385,2.74969886463933,4.9478543772617,3.42041817684168,2.48368625093936,3.76708417158313,1.93363623590276,4.87791322183009,0.003223942040949,1.04526596332485,0.138519379210694,1.87231788413928,0.792779881486037,0.842092203129017,3.13485218900515,-1.74370092642534,2.28455817480097,3.93664970360846,6.95395540907021,2.3067531592394,3.8239021909966,1.15232465416592,2.0994457641117,2.46072495400106,1.99765520507634,1.72868814540346,4.42608568508948,0.36597082447608,1.58990748060322,1.7454853824799,4.45549411650854,1.88178352326565,4.15433121528426,5.43583210566828,-0.668790260253997,3.54920012906608,3.89261795493692,3.6509147541729,5.81550312895965,2.80239205596483,3.64635889782335,3.54871403772988,3.64771235590628,1.56779622366868,2.48784551979783,0.964002502598023,3.1006617326774,3.73451860772164,5.11291905998218,-4.65012891497152,-0.451246689231156,0.836294047362299,-2.38216473878925,-0.102886156064182,-1.20954125426722,-0.557453307534417,1.93204549378218,-1.75640406484438,1.85740950898511,1.88711329239264,-0.644838939717738,-1.18106357659955,0.705291685118118,-1.57036833495148,2.58436385869127,-2.31709967884449,4.96645779107869,0.0466479888107301,3.28171301476326,2.54137129012777,-0.439878759299798,-0.886477949748945,-6.86630139271481,-1.37634890778881,-0.60761651719061,0.826980256644713,-0.816126783855721,3.21516355793357,1.08275157953939,-1.78910030919147,-3.61398198367981,0.0550317058856735,-1.17331175801509,-0.999559278917306,-1.86715218456625,-4.57178788421327,-5.74032322645194,-0.680865271593536,-2.22973043080664,-1.77946704010522,-1.08205232978696,-5.75078121287238,-1.04698423760048,-0.139905783807085,-4.73362448072604,-1.9019217577666,-2.12825753350423,-2.34776286206486,-0.252506373656067,-4.28899986844614,-3.26031433637435,-0.918633181784851,-0.479495078349051,-2.36732153646425,-2.69692557385269,1.47198307585908,-1.35843052908695,-0.797028760216393,-0.199189062126283,1.07460230049372,-2.88452764654155,-4.11418683283201,-0.128225571801445,-0.0435139822428673,-1.87480417392587,0.420873778333592,2.10555392189262,-1.22580832057563,3.44903055935472,-0.428231540881068,0.103113677017218,-2.82678551050793,1.36199453371464,-2.03030748756658,2.52045622640362,-1.88600694990831,-1.00626246460364,-3.82964965839407,-4.06989843059074,-5.01633402385054,-0.654873290104601,1.60147877822478,-5.36698243487604,-1.6438519737481,-1.94757033339528,-0.141376363186005,-2.7774585254092,1.97798197287103,0.41856503171986,1.51737089621842,-3.72173320211518,-2.07565590554824,-3.57634439672348,0.397816339948533,-2.5286650889535,0.978924877850845,-4.87015672583158,0.298296554436058,-0.398413954460706,2.71055875326823,-1.0306833997292,0.661907711090616,0.320146921429697,-0.191476106669947,-3.58463157077924,-2.67737459279546,-3.41181715644305,-2.11120526109499,-1.24710199591491,-0.573653047859894,-1.72097689675268,0.432194626091916,-0.550005504259689,-0.0520750749764469,-3.44928375101609,-3.71517049824091,-3.42442781132984,-2.66493413112472,-1.89485787530397,0.827998323523521,-0.337172030637109,-0.461765413473267,3.52753800589047,-4.83960937742854,-0.632973682173111,-0.402475783946104,3.95115801758199,-0.513971563765758,-1.46152681973524,-3.3610117811971,2.03764851766986,-2.88646360356027,-2.58144842620306,-1.7820408951255,0.25412684338387,-2.21885462139341,2.7529927891769,-5.65837648257647,-2.05332763068236,-2.16490409836115,0.5212915982561,-0.389363308103021,0.182543734352916,0.558447191910012,-5.06429114470061,-1.76113659988867,-0.235915017437024,-2.7315231316166,0.226756654477636,0.13260070625366,-0.570247972815606,-3.18660449571301,0.160726261337509,-1.69223979955006,-0.11261846037316,-2.69270177275465,-2.6535861408346,1.60691280945368,-2.07642886143293,0.670625593515011,-1.21692165070921,-0.439174420263277,-2.33989744325958,-0.716713783844161,-0.272451370876201,-0.104708283945193,-2.74467129569248,-0.632030039181864,1.04801551946006,0.169987791782948,-3.12471517647537,-0.896089468848463,2.8056520007348,0.274389970578559,2.3022347523852,1.5365823506869,-0.225750255743618,0.451503846797216,-0.525558769975663,-0.110834340832816,-0.68009024752853,2.47017688499243,0.933474179602631,-1.51513324894536,-1.98623909246462,-1.46472325739824,-0.529276935885596,3.25818680262566,0.99298779924498,-2.98649272784181,1.17067564753579,-0.35699915079005,-0.140506712558357,0.42582485075318,0.229226020162273,-3.64097757241156,-6.44340185871016
"18",3.0171540591316,2.52376187667779,-0.52605932928833,5.20864120102221,2.67901135402439,2.22528378051215,4.01647665876093,2.95751122335214,4.92374637456375,6.64837296783442,6.06654419081025,5.91222993890073,2.95925896724607,6.41826056376422,-0.0884565157772004,6.96339359120254,2.57713137597242,1.37651452268879,5.76253564653767,5.04592609109629,0.831678407759272,3.69678635102203,5.75165012638282,3.81892394440491,3.9617196796509,0.511412583691639,1.84503377567343,1.30804988509167,5.07802346201733,5.45144007797907,5.04266676011598,5.79459824267009,2.05117782122002,2.58973132258367,2.79952134871708,2.26163568472469,0.833622408588699,3.35379302031692,4.15667245071375,-1.16374055662088,3.84341834005282,6.31788772232387,2.62043823394013,3.36108024810345,3.45323103727278,6.3778727461389,5.5021376006449,3.73495649658741,0.854480230500606,1.4286502360368,2.06062287620317,0.117495643217893,5.59516429872253,0.677760038925863,2.49908900069607,3.81191710257779,2.93956631102773,2.84447485615005,5.43740750332716,2.46845088808795,5.88237375811763,5.28944041350818,2.7245312135311,4.7286993637636,2.84748130485483,5.57276712696411,3.59596394492862,4.28001560765283,3.40822293764897,2.75733014528785,1.35674774410662,3.95200774937244,3.80359952671614,1.31257565195445,5.23939994077249,6.86476173071705,3.04109167707981,2.88412299003786,2.61288525862416,1.15009504935665,4.27802175202423,0.784353325417407,2.20908046897243,3.64402733978208,3.79019519437861,4.14105388467042,3.84800586145278,1.14553099804804,3.81598476121308,6.35960223645107,3.12328337655889,1.82049307945409,2.45858895823632,1.41264916533349,3.39301145669884,5.37858349076711,0.058905024247303,6.02213953004184,5.59325528431595,4.41129892649684,1.98389135234243,1.10098547911409,4.8743636926274,5.10111195511115,-0.00435057971075592,0.834405639343141,3.37153855741741,1.2753461611523,1.00636833866049,2.23393150527473,6.07909236543746,3.98953135902983,1.55933619784709,6.99243036210809,4.02237829297905,2.01177743291971,0.595152218703325,1.34836436393562,2.29796694454378,3.77127681046313,-2.41855400196782,4.21420106466886,4.77375010223955,4.85076113200998,4.33429009295692,-0.792923754477623,3.56555743460809,2.28574282879362,4.87244278007346,1.3890632689574,3.45480147432509,2.46301595805251,1.42830762285633,3.52041215402291,5.69062405886736,4.36516971064779,3.61109637328806,2.68819705408523,2.00783338135343,3.95260165174355,0.36420722901241,1.77504354492298,0.428975269481159,1.7175447177519,0.175551650504508,6.99278522864181,0.967643942826309,3.84728347319646,2.47088492343125,-0.709528493759315,2.96783440275006,1.26377494950495,6.71198308600626,5.30305713382913,5.48246745065056,4.32168455386883,3.04718440958587,2.92470151252153,6.49342349864719,3.185652652183,2.32753058784708,3.58023726082931,7.0461020230481,6.92959366777982,1.82054993756079,2.37297420479791,1.80818733388031,1.9040894298831,4.11060869868791,0.723020325238729,0.723999638402633,1.94104297888481,2.62188420729631,2.89555711328007,4.50684297858763,4.34668591766201,4.71599833558394,0.412367778188477,0.447380551631853,1.35389206654141,1.00036220546394,2.82991697605859,4.0022990508284,2.30606791454007,1.32607496291419,-0.0292951389467713,0.730312917626998,4.97194216216093,3.14169460917168,1.61822231541838,4.82829224246464,0.206942510854821,2.98612248463661,7.86862990057791,1.962852978557,-0.044928522851206,6.07772501679947,5.97455347828749,3.45030197361036,3.88221951108223,6.0753372345945,1.20107210766456,-1.08753690531301,4.93058703956954,2.59731836629432,5.15997080735469,3.22350477773314,2.05447541079803,5.14192511545301,-0.260293176192395,5.94168003765901,1.76244377981918,3.17011991250845,0.572528313528626,2.13684156055878,5.63870706732668,5.25345827503217,1.08100238977028,0.311387209390296,2.97101377586902,0.0538520444741137,0.121707924838662,5.87229876075631,1.0015893378915,3.02828600666299,2.0070142971273,1.72846985058495,4.57894472024434,2.70198000595221,1.3958567426062,2.33570692456233,5.10427938292411,3.95313887572703,2.06552171953665,2.82375652080529,2.59665379511668,-0.453135617933012,4.21695652261535,2.2591951902156,1.4930622748788,4.1340023714513,6.57739082134907,0.286680016681935,2.15976833760103,-2.16407275676493,4.2006978167405,5.27497384112496,4.04020662561072,6.10797689855834,3.18140843190486,3.31938697969318,5.8853485339541,2.26438749450995,1.46539500934958,1.43797099142915,0.0249210543671801,1.97113857326177,5.7773987125575,6.75775911760658,1.71840378344502,3.76651603996486,1.62910755000167,3.36938468306254,2.94592606580576,5.99061204269349,2.65575906658239,3.00741979371636,4.46274863029599,2.51096330441015,1.50087137896353,1.49274121207443,5.11793610652408,0.477631633192822,4.37253746813237,2.22183921719023,3.55230563268205,1.24787101013479,2.52849901879645,2.28951914954578,2.90981728016979,3.81179765356136,0.57111618090111,0.647551231901797,2.51688386084794,1.57694588211656,5.5814216662558,3.30173800071684,2.8304483508197,4.51739829071466,0.990720713014366,5.7168424935614,2.67538969640713,2.1379125072748,4.63928183611384,2.5069218583524,0.904770033946497,8.55229976970553,1.21344409992479,3.07124584507439,3.54905573374462,-0.833204150286047,1.84146792145781,-0.782959355745964,6.3194322173657,2.12932105345124,4.84467450600872,4.96274665932941,1.72886472450378,4.73240099328802,1.91005442222171,3.30735173000927,4.05813140323035,7.13321477370526,4.10786901692676,4.38353469293611,6.11400047761633,5.12351768311031,2.99523063611639,4.46517711659076,2.44181942360617,4.76147081828007,2.27585284202382,3.69525660756467,0.238381853523326,-0.687849164480518,3.83076697740643,5.02996892459655,2.48589989690972,8.43727033056807,4.67763331557609,-1.34740525886679,5.1440803404678,5.42218748570776,4.11765462028502,3.8567627254743,4.42403620474477,2.86332004045623,3.10453641756276,5.25737095737661,-0.203358225609371,-4.36797372608619,-1.07135576906169,1.39518594997191,0.62300677147406,-0.929346797918818,-2.86000903793371,-1.69395614627089,-1.18229389011799,0.916599199253509,-0.784822225310782,-0.406991728610195,2.30838404026683,-1.88286644669192,1.89330972101192,-0.253581070587231,-2.20153204831182,-3.85200975906263,0.909641664112453,-2.7490888206292,-4.69633495541077,1.86092945462983,-2.33500851159834,-3.18538445002059,-0.450900304928423,0.200904203361233,-2.46684884734964,-1.20639907466714,-4.12474141401774,1.16319621261023,0.552266326215499,1.96074676977519,2.15729018774087,-4.64017423446402,0.494910305104372,1.39963404644446,-1.62087629239255,-2.31661235733997,3.10026237840702,-1.12909812172067,1.52952634575537,-0.637718578279774,2.01228781857212,-2.05422200547365,-0.598458583847192,0.994339486730841,-0.974181098011899,2.10870309361964,-1.82187750058215,-0.0716959401322881,-4.63349019686373,-0.660144273708099,0.420163057454972,3.43547001910872,-4.38926375741514,-2.16668484511096,0.0263910716181199,-3.1255195988843,1.1441842252891,-0.675810236056632,-1.43696005371187,-3.44981701192659,-1.63095010423458,-0.131208544212246,-1.8272042980243,1.5155739324978,-1.55537801341241,-0.923762162798752,-2.4169424031231,-2.7429828544127,0.158078964849897,0.677333845490537,2.41567900675653,-0.57397215385643,-0.537369467084133,1.54616511629415,-1.37166190723998,-0.0112627040983176,0.81770224779244,-2.14782682154848,0.725814000058313,-1.18388539853821,-0.244203710950147,-2.46533560332056,-1.42626971744676,4.02194221009468,-2.45665123598107,-3.58568552988722,1.99091524784729,-0.904013701475815,-0.577243179604099,1.10222773108451,-1.44654064537996,1.47110206690187,0.75502497367922,-3.7643377076756,-5.8401401846428,1.00873197063009,-0.0883316192616395,-7.43467833185804,-0.899173247858185,-2.98842756942995,-5.55074651352051,-0.132928444864534,-1.06381851062339,-1.00260687667311,-0.0510137636982263,-0.0624680329204683,0.17034989603665,-2.91269737629998,-3.70164621765495,-6.44260110941074,-2.70993816786547,-2.00191655207623,-2.85614889292602,-2.0604310590663,-2.20355965876334,3.18116433655868,1.75019566426452,-0.460908885661036,0.461925495648117,-4.87721144703589,-0.788223070736942,-0.963998499710045,-1.51459514783379,-3.73753956956925,-3.2123702519308,0.157763468281052,-3.28637486091309,-0.382402988881385,4.12860209486368,-3.18028155985824,-1.68083093016773,-2.79075206292946,0.281105327617096,1.07961700450791,-0.355233906236921,0.979310693787336,0.195151715869743,-1.05712145652749,-2.45185716667455,1.50754924033185,-2.99685182258477,1.1039933859094,-3.70567905324107,-1.30056582050667,1.20670637041314,-0.155957095180921,-1.4777138337153,-1.51988303604065,0.791250742295076,-3.22661022751295,-0.707222299295685,-3.439685486909,-1.30676704675019,-1.24574797700565,0.571155229988224,0.143597417162811,0.312059803781481,-0.786401365486772,-0.224277864264251,-2.48623513853729,-0.527259039206722,-1.35918687845793,-3.07935453426988,-1.33350860997271,2.25959780001566,-0.253014240468334,-3.17869390466256,0.615589055145442,-1.21923566541186,-1.72603531773584,-2.67662195324036,-0.885899807648191,-0.103857871653986,-1.99473433499268,-0.66098264533472,-0.779518590476409,-0.862622965123414,0.0948550556213912,-1.06070683561436,-0.945286257118893,1.66605784962165,0.0187608574385028,-2.405550376884,1.9370521065361,-0.909401232802919,-0.149068405065731,-3.82962855767392,0.209061997533748,-1.43712844818027,-1.80342324403013,-1.9019821548883,-4.29737402328739,-0.633582134659178,0.68519692992384,-1.01469840780413,-5.25002903708849,-0.598240101270316,-3.18297494527798,-3.92416495587631,-3.5179767635812,-1.82370097796338,-1.11033681298664,-2.27103979951826,-0.657887156898452,-2.10067545864206,-1.30794363831183,-2.51358695059969,-0.641893288210297,-0.501960975551333,0.70721161615914,-2.1454717194747,1.03609311704523,-3.3058301603731,-1.24808925863027,-1.84692471738763,-0.180451578693635,-3.36100946125449,-3.74135682993068,3.62089700741088,-6.23825047759366,-0.0713118934104275,0.463114187565291,-1.18061861622182,-1.3212514418105,-2.05564806729052,-3.05328146316651,-2.63474108140475,-1.75634096807529,-1.94105022676229,-1.1326854244022,0.0109622479284228,0.376671043387934,-1.02826492669905,-0.812088746255696,-0.45099690829908,0.238788859655015,-1.49383952016706,0.718875040482672,0.682024272147079,-1.0145640104601,-0.655602685884946,-2.63727100555737,-1.71823911618958,2.72956707253044,3.42551974927195,0.29756972135083,-1.5142559308561,-0.660191828067038,-1.78139987908466,-0.267412045613172,0.580528205174624,-1.79505031060011,-1.23119536088283,1.31350901967481,-0.0319205384467809,-1.77570191350798,1.80345434816836,-2.68749014152721,-1.13054712283053,-0.996711759487614,-2.00742299709178,-3.45327979703533,-1.69471275450757,-0.718321364203653,-2.28951443324608,-3.47280501700629,1.51396034726071,-1.55526473725582,-3.41532793896895,-3.51703123498967,-4.92895284305264,-0.113524852788098,-0.800959164760153,-3.19458039273821,-4.51421288837289,-0.414681545133728,-4.81689774360375,-4.5751963597807,1.81804366057867,-0.113461602685107,-2.33683179070436,-0.365258153710619,-2.93580481870676,0.0213068591554901,-2.45506629799082,-0.962920672428333,-0.089901345704087,1.54102742230015,-1.47604255432059,0.29260591238744,-0.57616371698476,-1.3733206937565,1.11740064210543,-0.874853696073031,-0.110298451960143,-1.39941660707995,0.323690230137354,1.2467391093026,0.222328774345241,-0.454329655558903,-4.31238854273763,-0.664162953348053,0.149528418885441,-2.14108383633948,-1.57167688936661,-2.32322496656359,-4.35205549248993,-1.13843033283031,-0.770475150179782,-2.35336072429128,-5.55453778169824,-2.61990619219537,0.23079857762444,-1.05066157027039,2.02774595162181,-0.868222994255437,2.75952354764083,-2.55293432610878,-0.83509473588973,0.0674579621217695,0.174927604801731,1.3478501403865,0.270465071301197,-1.77948548941203,-2.75385039772737,-0.148498260685644,-3.68153469116197,-1.18898608440286,-0.0593158644150833,-0.283629185603813,-1.76171184127591,-1.92562836846166,-1.23169463521615,-2.06259645719493,-2.1039090143394,-1.87956450731281,-0.947664692125805,-2.17157163064907,0.562279228791965,-3.22787714239768,-0.735296580847989,0.322659225301649,-2.85097471619194,-5.90951918001071,2.13095569575469,-1.91933502037421,1.19710156030223,2.19472640788437,-2.10856303129724,-2.16244893190795,-2.45294940936232,-2.64776946866478,-1.53130912081747,-1.02197599108479,-2.72586248116406,0.526593432337517,-4.07007887329637,0.283681319854739,2.59071295299404,2.34075793817248,0.530647286609917,-5.2480192500732,-0.223383799276642,1.08294292308511,-1.74475636241213,-0.948449368216441,-4.55519023322299,0.211826827635331,-0.455086430473709,-0.857940004333708,-0.147771066026975,0.818192603607165,0.516766791245634,1.85796311684909,-1.38480655173155,-1.58848505359246,-0.718822346850416,-4.38241547208062,0.0823726864937966
"19",-0.22588677634083,0.338511731277769,-0.464625996506983,2.50068419466743,0.544910803584296,3.80377205912497,1.31734298719016,2.31197005742723,0.709292628205016,2.38226729337244,1.43388423811584,3.33781430725271,1.65874463130264,2.259224977637,0.899372690079418,2.24269252459249,4.23537485616157,1.15921099911347,5.26861261271951,5.26904725701215,3.75497009583701,3.16326439169229,1.48323568399153,5.78184191813771,4.47700326577087,0.318239649963781,1.55429019420126,1.60577015452295,-0.804417926208294,4.29830978671197,1.84445558245255,4.14299678119301,2.66622950702721,0.516108192140281,5.57165772818427,3.03481859262571,2.95811559531022,2.94689952300516,1.11514091141517,5.5621577315676,3.11450503076967,2.23100977697164,3.30624492021763,-2.02555965627906,4.31603060834806,3.30336213499993,4.95012999359429,3.9538719714588,4.33058962327685,1.59018299553682,5.34719168737644,4.8859031368373,7.67733968751461,1.87189563401852,5.70848484600473,2.93846304558683,4.97351150045666,5.88661799542002,3.20007548352942,3.19609367929661,1.79290258314161,2.4548142980709,-1.22651149781845,2.52290678831254,6.63367107012165,0.0497347520629501,3.09934168515728,4.99616041627654,4.2991960388021,6.82471819299109,2.6540674255743,4.06811669551199,5.21578760885663,-1.35480400634831,5.38495982576086,5.68120238342036,3.68002982591828,1.68600813413773,3.33501846721378,3.07813943083537,-1.09757756112459,3.29380896935131,3.41172415466208,3.99036167705828,3.01792576745586,2.79959309019808,1.3881350059488,5.10057637582966,5.28706293952114,-0.172269794890787,1.54819274280195,1.498197447195,3.07010999636944,1.85659156820539,2.87586661488155,2.7444689688243,5.40010434040076,3.16571576797119,0.517969240525559,-0.356849381015193,1.67015796522408,2.18259892505561,4.56557280771288,6.18682949329078,-1.65003453435395,4.7562735175845,3.10169036423013,4.89802133199593,1.65821921710994,3.8659300473034,5.19895211221299,6.35785430500315,4.68943673107487,2.31762539478001,2.12878714508983,2.6022161123279,6.15133045651275,7.06144105810959,1.77390010647144,5.78848462119879,3.50843504056197,5.32935043977512,2.39881578345867,1.34745284293387,2.89554062781822,2.41443572900005,4.82755654144662,-0.505462219176016,8.07841481636516,0.564412594619091,1.79638743217255,2.32467945519475,0.965716432731492,1.41196688236793,2.58888416873062,2.42444171195749,1.6973351613347,6.28212531486321,3.12393865909328,0.6593853474374,5.41124309641643,3.22756724891239,4.20853936057708,5.88602276071142,5.11031105848258,0.509771711202096,-0.831908981437716,3.27420852187638,4.34964386137809,2.73020616887113,3.12773861277539,3.50273471193271,1.75863645789127,6.26129300470183,2.87810823590136,2.10674129415287,1.09378653844279,4.0432271113243,1.40444759881085,4.79839544804334,5.14287704721708,0.43822232535767,2.21638805170643,-1.60715004014549,6.80524269237387,1.04359216658091,0.670052457119596,6.77848375184422,7.11353232314368,4.95786134536124,3.87905293489717,4.54871588950575,4.00402561583892,0.633934804665727,5.2707715961318,3.02419987998726,0.23184149336724,1.60720987781391,2.44288046700527,3.48872171434104,3.4385233777804,1.06580029132586,4.06634822707608,2.85896734496043,2.76211683333054,4.22270662091043,2.17964531635421,4.47876137182302,2.49212285712224,4.16273102636357,5.26156404127187,1.44475372097492,2.16324602028137,4.91982283215679,6.25441828300724,7.72648208187173,3.75177632963251,6.26529735506819,5.14851393894615,3.75809541532731,2.61209859321402,2.36313139723572,0.278984259785682,1.25301097848847,4.70203496193636,5.56443151029516,1.8261306394292,5.35516603428457,2.9876651616358,2.05045940086065,3.4569626415114,3.74280873483589,3.37655403182103,1.91109794172656,2.90272497016017,2.50299463001934,2.41868989994366,1.26187553892012,0.176198141012184,6.88182191329606,2.63309522875877,-0.291104343531811,6.5609603307321,1.65804432681487,1.66001955333698,-0.119356961889909,2.54595675334388,3.12778299887876,3.02559534389518,1.89316291746667,1.31857871777014,2.77840909403079,-0.181949836633461,3.54275369288864,0.645988329967621,3.21627796985581,4.73552254835657,2.27356920170651,6.94486296502535,3.29290239668231,1.24888960805355,0.5561338767168,5.92633445895968,3.64204643559293,3.57731475783323,5.77126643919647,7.49877285495056,4.82923082093668,3.91773339268257,2.08948362605855,6.32707559712787,3.56903501523924,5.0648622054758,0.396942803138999,1.58074592698287,1.83768438361582,1.20259670366691,2.55549025239556,2.08727532434844,3.06769332015302,3.85888665831179,2.64267953430577,3.4209542745122,2.80263278608444,2.57413364278967,4.55742739817034,4.20260883968106,1.15643602866379,3.89033791888068,3.5902745297818,0.25916403138563,5.36743302000561,2.59773889111563,1.54499662366606,5.98104378882484,1.58584749193216,2.85795428243669,2.34945838688931,1.86975819021731,3.24679279912105,0.874641151513431,-0.436854514938292,1.63671407768091,-1.01661693686228,9.67164792889629,5.14472985902157,3.65950048341683,5.16398138422791,2.22819297594468,4.81328877688491,0.357351914159807,1.89439599784614,1.75687867635344,4.00673093994077,4.46721145716972,5.27091610811616,3.39595297785811,0.919685552208606,1.22864745918385,2.11268357975568,2.29861820865816,6.27184867525486,-0.625777193361242,7.58964442051165,3.46031237922806,3.20753176973613,4.26872144078669,4.4790354856244,4.61704734269325,5.60287171121039,5.31010263028342,1.73120826899783,4.51872564465129,2.61769513017027,2.86507314074536,4.5773990669487,-0.76087022701171,0.477850192441647,0.916564503281111,1.10902676233544,0.339315231386545,5.89603815879081,3.88137752158996,2.95226997855809,3.28157869167539,3.06222747781282,3.17602242493948,3.38663452551326,1.92334565276841,2.15704484091937,3.64880912460739,-0.0481256637295258,-0.879707289717253,1.38744084284747,6.34216845253886,1.97730125673219,4.20995525495083,4.93770647288245,4.69650388597262,2.96023296919341,3.39142146143453,2.0778181980374,2.7363649533798,1.75038966103015,5.98147902765071,1.89916790893718,5.06648122860331,7.11167284509568,3.60053332654067,2.54576271287172,3.10930415840556,4.59794811636294,3.9700421166473,4.72989756399249,3.28270260594921,4.58583106438948,3.72015232330694,4.12022008523893,5.15025218887009,4.33291147964137,3.10515282031637,2.11155512693076,2.4499488913558,3.98762609226466,6.53924975388328,4.41185818031698,3.63322696269532,-1.55221236560672,-0.453746257037399,1.44724825765403,0.277837777533303,4.58515090300223,-1.15606813158994,3.2378595678961,5.36080888873687,-0.0867270875851589,0.406891559961131,4.44782384120008,2.02769858641856,5.38923691247858,6.11612107669208,0.107346876101178,1.58730821187635,1.61023600754656,4.33495192790533,-1.08856087941709,5.81044557778489,4.49411583956607,0.741888042408225,5.73595628524111,3.4463583935568,3.1979130041075,5.26725165936294,4.1708196099621,2.75064597977055,5.04819988698027,2.50497432914651,-1.14186696334247,7.42623572362332,3.69117311733395,5.46045775337628,3.56296540298751,4.74269834567447,3.34225854915632,0.989665095011786,3.75506868087371,-1.92573493026832,5.39415040952925,2.13283122810044,2.37461427537559,3.91861386706109,2.35953922989519,2.642803481715,3.57490167773426,2.66036738553367,2.14902522110791,3.19807857299877,4.68027137973468,1.58108680704088,1.61351392512764,0.775140394455077,0.705474204461072,4.11037277632452,2.17295429369987,-1.04477386480622,1.35375779853003,6.7441348981434,2.6809244459118,3.44608469499741,1.75878597275846,2.157565026406,0.541421664541661,1.48010100771898,3.31027647268097,0.0827266687191894,3.02778691457038,7.39941332638298,3.44343177584369,4.21022964407795,3.57432800010106,-0.410579707437124,2.69875994487989,4.52790688573195,1.17327277868183,1.03373465044519,3.47727224719673,3.26538936920328,2.7371399944546,2.36461128608606,4.50562893525906,3.20678843214302,1.4187061534963,0.871476287330823,-0.45091944956621,1.48559831406361,2.96206990117743,2.40637831266288,0.138321935303008,0.148516382430943,4.8284234651148,2.13335120180397,6.98066245783497,4.33410273385151,-0.309212220522173,3.77917603413109,-1.78989081794453,3.79308447238019,4.66745145361201,0.856550281213433,4.78560711768916,1.13164250022823,1.00821129140514,5.14894995550876,1.22287478705758,0.979308533551818,2.61996050904373,1.33201190409856,2.50962738344017,5.14100611770592,6.00126750742782,2.35562148616647,5.95401169558748,3.42322056529675,1.43429691947525,0.0411640876942796,3.90816754988432,1.66003160996834,2.37262056906915,4.5489749042252,1.81087985121291,6.29058173333685,5.7725387929918,6.58005732785447,2.34023088460288,2.81476191566118,1.28648078963815,2.86313516687931,3.16062524420273,2.64760900257212,1.86312223436488,4.13863090843501,5.99407978612962,1.62053891127417,4.56377535234733,-1.07477153357523,1.11246374819092,6.77529842166001,2.02603066198959,4.36646386818931,1.87646184095714,1.72264803439031,4.18058631155431,3.50384848601049,-0.203865447477094,3.24311069537997,1.48595021567836,1.88196460192604,8.45363421911539,2.68471740884844,2.40742659743236,3.52491483795643,2.10286558651973,6.00618126083844,2.70925198236886,6.35325610799084,3.1345538396377,5.45097163469605,1.83352844189365,3.9908887265287,3.83815275536168,1.63973182041527,4.26798202682543,1.29500680868318,6.3083476143742,8.00602877325579,4.23547126111284,2.92224820445158,3.12151996388589,6.44452972399388,1.95677724343506,0.38337004323558,4.0605157187342,3.21790249655659,1.32784258308254,6.1672203891176,2.14903919348959,1.86621838578434,0.148374021286121,3.42722212413911,2.86061559296276,2.03278372684591,-0.093023063960838,4.00777703398021,5.10811052027248,1.3027190682259,2.01479474009982,2.75989718082537,-0.817505243397805,4.83049463037915,5.06562407266851,6.46738702389334,1.83056488079749,2.83421854659509,5.36679012587112,6.29127157808576,-0.809028181145974,3.52660544039911,0.54957395491792,2.32920204492278,4.42156623473131,1.04910329055091,1.98396116453868,1.67666216806457,4.032909285199,1.65765053795807,2.20191516961041,3.17436840208143,3.83082133931312,3.60220454783451,3.26245778078988,3.31470238451885,5.0617429434314,2.68382594773106,4.50376011872767,2.25766310783622,3.48192981334466,0.0793211955055018,2.85143500732914,5.66193381797053,3.58080700623617,-1.6350780198687,-3.32161081251713,-3.15426815895842,-3.34646318527069,-1.03371128724691,-2.02060874382188,-0.558140808192935,-1.28510276566472,-2.45684647816301,-2.45696812785845,-4.41732246089198,-0.000232973194150277,-3.87357865489364,-1.80583000560142,-0.922203300695219,-3.4380500459986,-1.39510389314148,0.774780414635883,0.320163036593951,0.339684077285227,-0.167062166520041,1.14156945195034,-3.3680488322686,0.0608324105256877,2.79717392843611,-2.11775398235106,-4.46202659219226,-3.79273906193355,1.66806470888051,-4.23030780361575,1.59439849482775,0.366991552036989,-1.35962324884175,0.805934010087557,-1.71298114657786,-1.85890257655341,-1.29713824434126,-0.373374502547761,-3.12996023203895,-1.70006378027649,-1.29453897269854,1.81972631119918,-2.25592667193995,0.407583793815376,-0.600590970110182,-2.06825979148758,-2.86195069318625,-2.37094367698176,-1.80018009334806,-3.06715972140504,-5.47941025600426,0.524634753541252,-0.238752476454849,-4.44271045619206,1.73128909909901,0.621392276975884,-1.70617096702955,-6.73572067066328,1.28142139328664,-1.98574366930011,-0.412087457348479,-1.79983822103755,-3.49040130943915,0.554280393583244,-1.33983269574474,-1.26197125360834,0.648679108829681,-1.56960935068136,-2.05251971895923,-3.92383554668498,-1.59570968661114,-4.65769937147728,-5.67528173674774,-0.0159625827129967,-0.646333905465443,-2.98036233713443,0.53484978272345,-4.6244602407968,-2.1954905994903,2.06431361025863,-2.73245844489416,2.58771302976469,-1.83323172396387,-2.98024930863415,1.29807684528861,-3.11169176814518,-1.9503210971133,-2.00659782541146,-3.14363701271991,-2.14168236303108,-1.88078760471022,-1.37545130828818,-4.276118352116,3.6995699292311,-4.6542195579419,-2.17711318972613,1.32609016917827,-0.920892803171955,-0.0961585655238002,-4.72947195173174,0.115041744625506,-0.466656251408265,-0.99537576819213,0.227512922578841,-0.0622651757579843,-2.31258940009007,2.06892578720424,-1.54298533267581,-0.285962010462149,-2.87774654515215,-0.640745491313838,0.455054228310563,-2.05964826966381,-2.67937426483406,1.87939633654863,-2.68178849244962,-1.36683838810644,-0.533940764862467,-1.11950860181344,2.04907944001638,1.3011036463739,0.149950909056516,-1.34781224719203,1.0343747045523,0.650135786046559,-0.331955574788148,0.16101855234299,-0.563104263153468,-1.85702773815142,0.54102563788296
"20",4.67119924117708,1.39706273956932,1.75201962878714,3.045918628019,5.58377441553984,4.23390903605935,4.87924732085213,2.27091175758548,3.68292913865085,4.60449448276795,3.51007178630847,1.74422534351412,2.82534863485681,2.0349183271537,3.4640974299498,3.7513495393507,5.41843437150529,5.34341078170084,2.47400392668715,-1.05974785378363,4.48997358409915,3.89245748029462,0.324475605871503,0.00877745413106057,5.10038731193611,3.60709075391234,5.13553311530589,2.69815319075787,4.73503190920859,3.56703297194689,1.77640036614502,1.84993762283701,0.349022208207709,-2.38528576708941,1.5559850594495,6.03094377529337,3.82696104417244,1.44394780609389,4.91192514787869,5.36385688171231,3.04519306446226,0.366386485251043,4.00713189079372,4.26748696476578,2.27872645279352,4.71057639501563,1.32468261687473,-1.90665298195487,4.83337587373361,2.8409526653796,1.67941928687997,4.92779101618636,0.414996514013707,5.2088977592741,3.72689851602755,2.25008436348069,1.63605276556528,3.86516239409353,0.955326411989892,1.06499824570567,8.93850330480505,2.42665807825989,4.84265737463507,4.2891606715118,3.34926503324526,1.52378644587575,-1.20566743532282,-0.830700140136913,2.01936235813056,2.42566900289721,7.92048598806618,3.86254275359383,3.8013899810252,3.18089838967209,1.34609045444599,5.14795092064049,4.12250581501139,6.03372338284425,4.02286347024143,3.1086868426518,5.12127770730033,1.67206826563221,0.255685205618258,4.26992323245469,2.7995599876057,4.57588511975055,2.91504173089481,4.31985264932342,1.50453203945991,4.82550101696779,3.72705161192368,0.839994517258045,2.66843810567256,4.82124737884497,-0.795097667420697,6.89549478316451,4.72382613169094,1.73140593056848,3.20397045962475,2.13078522665944,5.64031500468494,-0.093615607850464,3.34541473096229,1.13070122682655,7.76062872894375,4.23880182821334,2.33854731245312,3.31051414506991,1.94597411556181,3.4629116296924,2.50855488504915,-1.08001774867128,-0.0292602102974584,2.11943846654189,1.98970343003536,3.05541594327109,-0.363454995755673,2.41477153063754,1.49211737246193,-1.4384129380001,5.47586540633717,2.54835213018973,3.65251641586235,1.65161507702201,2.23565512446421,3.77315263142457,5.70589392236486,2.41423770217444,1.98698125751768,5.97400406691637,1.37877167134104,2.16742694521241,2.51761095780858,2.73720634119507,1.0532046620416,3.01207249557915,0.87580549246822,3.13178282368323,1.53172173370819,4.86446726812103,2.90883381586144,3.34883019603542,2.84415022569005,5.00516574102601,0.264812182632089,2.33714581482917,3.36546402288867,3.61719643249481,0.472821657089345,0.555296936143314,0.58189407855834,5.45136828008102,2.56734454984005,6.64212028864419,-0.562885156512688,3.85487908436317,7.70650590131227,3.67834691486902,6.37733600817858,2.09537923380135,-0.0878560963987409,6.34981919894142,1.66177554496665,4.42197234981522,2.58044879349332,3.6580816330853,3.40915343898054,2.81954275865335,0.970916776581575,3.95771436516043,1.28997994123984,2.07459248153895,3.42318032728041,4.19571812806046,0.312190869270367,4.56780025690512,4.71643543761261,0.291914702427528,3.27016949481384,2.89063902032191,1.28013818774767,3.80148468485867,2.66059628118695,3.87328500579631,5.45369575269313,2.13102193762678,1.72733943044122,1.4111264528026,1.04537479399077,-0.204035341331709,1.61836988612959,3.61084048685123,0.773476202000411,-0.0238639910625005,4.76185185774814,0.736759510030919,2.75809431838304,-2.0932128665453,0.873007136757462,4.92063275250997,2.81775966000354,2.38953582370612,4.15264987797181,4.00728396755464,2.11489237997604,3.16651655199465,4.93394651635331,-0.296680739292989,2.01825887229188,5.20792977527363,1.55836272802657,3.24823991757454,1.25741873602471,3.02576330996545,0.664710668523021,3.87301353679108,3.87003314300756,0.964000585603735,6.56674846927109,1.37753227208427,1.61358705030163,0.949399722399325,0.583259732340092,3.46710406717757,3.03166384797075,2.96496452797429,2.95041797090693,2.15119942849407,4.45141042562413,7.79507067069112,-2.45660827036637,2.69054059521557,4.45759484070103,-0.292089799029305,4.8015498648144,-0.5866964474387,-2.60281438664816,1.38518264367745,5.51620183545405,6.28483777432454,4.26704421830768,3.51327076145754,1.52887835651253,1.464273298442,1.43815985485273,3.66134893653547,3.12256342954066,5.34186536456215,4.91489836641693,0.434925158910467,0.163304494617346,3.27500427501706,2.30474234645333,3.71905413676151,0.826607591380044,1.66362255171159,3.93625864805783,4.67939701999711,4.13737498051184,2.75949286668551,5.96679368382148,-1.29560568340344,0.307762883221537,-0.666209808346235,3.32757876019613,5.5319436786228,6.15862349045418,0.958136087140368,3.41839216273973,5.27301147108243,4.31080853783196,6.10090906111345,5.71690109871302,7.43822540838438,4.14268163766068,2.65221212387006,4.16777254130857,2.43715315737474,2.04709992394864,-0.876947982740909,1.62639956625373,1.48013651672717,3.72227484650869,4.9866225438549,-0.334917334693105,0.130184484396668,3.30042845452061,4.68856270166223,3.98236009924494,3.71143212211712,0.890400358599673,7.72711177547049,1.26067195182299,2.38207587676164,2.06167351499142,5.81424493774408,4.74705487438983,1.0641056192468,4.85822921848229,1.49882606610129,5.3112464371073,0.941607340306233,1.5316975271461,5.16495009889695,1.11752207420015,5.8075447321742,2.60202286222568,4.8878487460031,5.68898946914499,4.40096059341153,2.16009406235969,1.66520168937863,0.98214102698078,6.05709877507414,3.50690239450276,4.47593911126035,4.74590029571672,3.3947263777395,-0.778398545871772,1.37112887440362,0.455999175967126,3.59166538970053,2.44421490544871,2.27987736053131,4.2639306788731,-0.274398701411844,-0.0361257992955011,8.0803753447046,4.61970048835327,3.23068817691963,3.81279197762275,0.209482280454889,4.54079792899154,5.20708715029287,4.30428561160362,-0.361182155616332,2.70255823335373,1.04430502875257,2.91775372050131,2.89107819685949,4.01303119340787,3.47033321734406,2.56063117175976,4.85739885837822,2.42961519715967,4.37433215466428,3.66361772528922,6.65341867353858,5.64269052788336,4.42632755764801,2.7580518451792,2.81897345737088,3.0000871526403,5.42426880862056,4.49161438965715,2.74314540833381,4.46957909353343,3.84606211339997,1.76154771593249,1.43457102523896,5.42732584252341,1.01744700104848,4.86497533751544,5.20352174519605,1.75803288012794,4.23333185956413,3.05844491472324,3.28118952262167,4.66687481311532,-1.00560536779332,6.78713231114267,1.78762438479036,5.0180408066131,2.12098508753461,2.34594425210676,4.59887580058375,2.0617529769488,5.96323449993356,0.154765296163574,3.72177664971093,1.40574966874945,3.48270165423965,1.98180340421327,8.50953810122194,2.67328090419793,2.89239551661389,-1.93569056316911,4.7694698269168,5.54222225192998,5.27114673694704,3.14821141492815,0.849259964655858,2.14700473182291,6.2054878316315,1.31359080739256,0.757604829691359,3.54851110348071,1.97036325440944,4.02474796541762,2.4210602573204,3.80779323264662,-0.423230278514643,2.32516356546063,-2.26035506198095,4.01524346068752,3.35415287893473,1.34317787108429,1.776785465462,2.82565838576087,1.27548601691305,4.7420716086522,0.491581239176837,-1.50388958249703,7.59830507136785,1.70371567546089,3.1227574203312,2.3001141963124,6.84844701428893,5.57812344781754,2.9026849840078,0.362032754935867,3.26900745005673,-0.196656118558245,3.10400262723075,2.80127036032145,2.46237232571888,1.89266118822934,3.70178405914337,-0.224237902086819,-3.84219138677828,4.77164417932857,-1.94534161098817,2.45903897505273,-1.13822745095234,-0.0811242570473447,-3.1065530895216,-0.882087650836487,-1.79218679406154,0.947603621665514,-4.46878436335588,-1.78785328327251,-0.0251284388991722,-3.12977961374856,-2.56183315032326,1.97301243976959,0.775601319882042,-0.500771081686146,0.197114065211408,1.51597391009705,-1.11823603109488,0.189310864620516,-0.604942621665513,-1.43034983121623,1.51830507641863,-2.11065796797379,-4.75846420790225,-1.10605434061194,-1.21080611502582,-1.57202037197044,-2.13031602856272,-1.37507536906953,-1.31551655670887,-3.95455276028389,-0.793403946946357,1.00680021965454,0.897577225053646,-0.529935821654541,0.549619631211688,-1.66522320020362,-0.567125207339173,-1.61157221632135,-0.576297477963009,-4.47836719800893,1.17271885760748,-0.237633572119822,-3.82906639441801,2.13550445723343,-2.53976605261612,-0.242186107418759,-6.01882498520357,-2.52032542400065,1.99487869943778,0.96384424181934,-1.6854910645939,1.81419887152889,-4.92727568462936,-3.6663522788457,-1.36424649951383,-4.48906125964706,-4.61212105490324,1.0573319761263,-1.83785008865065,-4.40939641165331,-1.42815072088041,-0.352697173976234,-1.94833615482074,-1.72360003787332,-3.32860197441552,1.21764056380466,-2.59140081996659,-1.98125464140519,1.10184527472191,-6.87292906130751,1.34691631325445,2.76044688686216,1.24488457896239,-3.88987222255427,-1.59481935988688,-3.99076095233365,-1.67479411312019,-2.24980095703495,0.743512042433191,0.73700166806463,1.60704080343601,-0.871177653329735,1.35952540947716,-3.70376515960223,-3.71013470308002,-3.20248084504274,-2.79801486161334,-0.552589719578263,-0.854311262293275,-2.51670307286006,1.05776141739866,-1.29109268509587,-3.87936568135519,0.752494903772684,2.8199954330683,-5.08711498503041,-4.72768376814625,-1.26630493259165,-0.826148483815194,-0.170147691996947,-2.0071885134936,-1.71627815722319,-2.01784243927659,2.90643580878539,0.716217877774953,-0.168100122872635,2.76298847648567,-2.19979255471652,-2.22564721794786,-1.10183802703591,-1.65017315734779,-1.42816026336719,-0.87074845556663,1.10675279546576,-1.57681875898847,0.0963543354602461,-5.88074207231519,-2.10728998286517,-3.01507740735338,-2.45658392823019,-2.39384919090433,1.29741624972002,-0.779307752069919,-3.14343429329097,2.75716795514539,1.34274232857562,-0.160266778707334,-1.76545114656865,-2.372178963726,-3.55494142091562,4.1201226440528,1.74853084970821,-0.815062353905964,0.470037639008304,0.836763332632558,-6.89525686124,-1.12158316429696,-1.61771704042916,-0.459488176924269,-2.28634973410072,0.681539219419612,-1.65905783466609,-0.060725051743203,0.83312084947068,-2.97500017518353,0.331782922319962,-2.38988329972121,0.710321987167349,-0.120931599131085,-2.74438275048082,4.52079852119292,3.58542893105966,3.82889057920624,-3.84036153348907,-3.99523091794676,0.71968496858728,-4.45641158266021,-1.41895669501463,-5.79051788875085,-0.068541638223906,-1.75182304686634,-0.476254893741122,-1.69945429847728,-2.5026252293914,-0.913161345113445,-1.51613818268687,1.58864778850247,2.47044782357939,-1.6711179288556,2.89252179169593,1.93690999019678,1.14424456388598,-2.64021223871809,-2.89020375317718,-2.7118314098147,0.534138178310082,-0.573010641539607,-2.98345160575659,-0.35370241807169,-3.06367273207072,-0.670158291145967,-0.517409148881851,2.91260991390473,2.22834713710628,1.77863980503397,-1.38715289927712,-2.9455365252288,-1.82952728364859,-6.02663203493616,2.96029052460258,-3.97793060086336,-3.43530102545851,-1.37231280310379,-0.978439936719608,-2.16616495432918,0.677010907377233,-0.0959547028967225,-0.3038366333723,4.22601984649576,-1.67791587920536,0.960031898431901,-0.606830568021695,-1.45713340167863,0.764081517010839,-0.805204539853116,-3.80563257710233,-1.82254698737982,-2.58375412056263,1.84469934759272,-1.57529903974476,-0.240411599475021,-0.747643161410655,-3.45313303076931,1.46486690629236,-2.88087759132454,-0.693635667369852,-1.07688916581791,-0.561655412926365,-1.17713619551789,-3.78476880542794,-1.59528570768059,-2.07957835390241,-2.81895500606429,-1.51642009685517,-2.55822713195152,0.109429513831163,1.39158109080857,-0.779214405183739,0.481161150964136,-2.88155986449494,-0.891459493086889,0.339660174764368,-1.82520124889399,-1.24146036573996,1.28840408868179,3.34586053928786,-2.09939493103165,2.82630193215372,1.62446173942534,-0.312122104831369,-0.0055707223026944,1.45228126048293,-2.8881739512976,-2.60166884720382,-3.01952415500418,-1.7129576048248,0.908355316591945,-1.70885633979385,-3.52272136303669,0.626358828674571,-0.0871762021299843,-0.209438488468243,2.03612679984921,0.809883444928571,-1.30178618642507,0.4905468834509,1.25529321933505,-3.50116570705891,-2.26447992843963,-3.76591027365482,1.92755003949273,0.695885460354071,-3.87606639324514,2.26841656448549,1.03290419999672,-0.486662378780469,-2.02981479453503,-1.24036063804023,-0.387437403161287,-1.5460552963733,-4.64952662662895,0.356490182610883,-1.61044044218549,-1.86957601739381,1.10045538813597,-1.83493881986628,-3.85694960990395,0.314530609023897,-2.01053730703357,-6.05283742395974,-0.597106934617979,-2.63661596529069,-1.91883318909731,-0.0838170174861664,-3.8109086453403,-0.907084801337513,-0.304353275461581
"21",-3.45499641973392,0.406178564775588,-0.408233837684005,1.39129966482882,-0.983510368954823,-2.11741744808866,1.51524723097527,-2.16874139579787,-1.56547320049192,0.143546497274935,0.354539585978862,-3.25340296957457,1.04029917064231,-0.223099219549248,-0.871895410408276,0.775854522058812,2.35102604412634,-2.96160889120734,-2.15297097970739,-0.844167659733561,0.449187956200594,-2.91178463717287,-1.02929433763773,-2.44996107520537,2.51799301054004,-2.68024737287281,2.66299029611191,-1.66133504187717,-4.19368586955571,-0.0427214693359662,2.53434337660349,-2.92179976308203,-1.9515088912004,-0.485982944481692,-1.404031511779,-1.08083773886738,-0.454791618835637,-0.949766212085523,2.43835754483569,0.319908289891484,-6.7089641718074,-3.95464251812932,-1.80048604645439,-0.887646121817087,-1.3432239867188,1.9830861610234,-0.659947638668049,-1.95821885555259,-0.682137657822471,-1.10298698030199,-0.841456108085932,-2.13138670445751,-6.41828026548933,1.56906575667477,-0.062236852995629,-2.29886430623159,1.34364456073629,1.25163977611633,-0.778062446681291,-1.08844711725671,-3.83119774346682,-3.673427525806,-3.17364089240135,-0.149378378488931,-1.38921099578619,-4.01616140346001,-3.53807181056583,2.68738197274719,0.712019754712285,-1.41561259454334,1.24723100480568,-0.28154037771223,1.24678418281975,0.879271175270925,-1.7678819579444,-1.34142319732426,2.51503390025712,-1.30195522862373,1.32680851369817,0.620413406274011,1.09383816266626,0.789773820526563,1.03563346234821,1.99531807148853,-1.09780472838796,-1.16247162922145,-0.0697562656059537,-1.06955743423919,-0.417360075551033,1.66864257320392,3.6190224585268,-0.927389979546685,-0.177629855988124,2.11888229007438,-1.20613602952826,2.02317241802675,-6.20525103692194,-0.00318215548934775,-1.57560885367397,-4.53610924146413,-2.48624378186036,-0.635497324692226,-0.219303612456599,0.795260696603791,1.82373722217044,-4.54823665962833,-1.94893729999521,-1.36866099575205,-2.29478651065076,3.53774141109036,-2.0181916632914,-2.45177859634056,0.000127463423923668,0.930069633731159,1.50315498448241,-1.53949846598317,1.37809984278313,3.32837917723211,1.87276262560395,-1.14591329114454,-3.68771848195786,-3.60306415836053,-0.0551341271172858,2.08968951326092,3.59929903179692,-5.52350666804013,-0.675081990718152,-2.22917078438887,-2.22202825578036,1.48645746502656,-2.17390029089132,0.0271639530385632,-0.69363631740092,-0.501334158716301,1.14512171973437,-0.894909948054077,-0.352533604631424,0.207859168971854,-0.775356465537382,-2.47105077708751,-1.82712223582435,-0.147358351427588,2.42384054753076,-1.84660359261613,0.254601713620408,-2.19125952840592,0.371167312965519,-4.22447140751094,0.174170175465746,-0.0428250959645149,-0.803866417627695,0.612645665428733,3.26806356666255,2.50552118507153,-0.300358184206175,-3.53712840569614,0.831551592319362,-1.00449294464598,2.60614122480915,-2.62256601308683,-0.936116003053995,1.19503122972169,1.17149689432472,-1.1880621204325,-1.80611242894137,-3.42462883111954,-1.88386683305211,0.238383190619722,-0.335000567700353,-2.39329041859683,1.94865930019683,-3.68501346044265,-1.81391275331069,-0.3605208284209,0.330889326242356,-0.869003893525657,-3.57628799158793,-2.92964162846184,0.0509320058773755,2.58555386453109,-0.290003611152024,-1.04417752518361,-1.26502130455923,-4.74515349881061,-1.76729158235747,-4.5575540682918,-4.5372628630518,-2.18913265676693,-3.18868880207251,-0.695412781998158,-0.309551626835889,0.737325186359163,-4.41932924917231,-0.0768270435856789,-0.346761219491926,-4.2742404720767,0.0522432210252171,0.237249860871392,-1.3308370854334,-2.01363969496865,0.13434073866093,-4.92115785327301,-1.57853988360123,-0.317114014552759,-0.59712277735444,0.344624490371781,0.177387902856144,0.068702677956566,-0.526944563406803,0.865778804652483,1.66782084010609,1.29706995365133,-1.71581707576198,-1.84651574296705,-0.3755906132142,-0.235667175403597,2.15313321468685,0.301345157671193,0.872816048830614,-1.31890454562429,-0.656815446465004,-1.81664673996681,-2.19269715387881,-0.17369273969034,-0.649158336597794,-0.252185494234748,0.876632993877911,0.0232108597734495,-1.55872234648507,-4.06860878200166,-1.03551165343736,-0.126569201776794,-0.64866434575735,2.69389538780712,0.074152012778482,-4.38142542611175,2.6738584544635,1.18299010059045,-5.01895431027429,0.475096903177443,0.113114962463034,-6.65222388680587,0.555405644801021,1.33756667726335,-5.58823258339072,-3.85231008103991,0.0503566097942112,-1.37451587872481,-1.34110156318405,0.276315320001051,2.2693401383004,2.81800245965583,-0.0589216584459873,-1.41582156440216,-1.59982037569014,1.51480264619073,-0.832224119065316,1.19031578115318,2.26210065304305,-1.77002697413118,-0.599625545305456,-2.93927925626101,3.5876721822693,3.09105495808223,-2.13249030021408,-4.62809131904472,-0.124586161654836,-2.86025208431119,-2.17494269562379,1.51876504466045,-4.47817810986094,-2.576711570964,-0.940413632197821,-2.72752414979875,2.17556840454267,-0.0430516021241401,-3.05335910858007,-0.48903097946293,-1.18875096899234,-0.472275650719474,-0.653574396619403,-1.41584816767019,0.107857112963001,-0.45407021394154,-2.36009332891022,1.28889338364142,-0.585921684365221,2.69520002349765,1.2612181195516,1.51283843542373,-0.480819611266599,-1.63523449837867,-0.937661108720762,2.16778613500649,0.577788091084551,-1.4545433740552,-2.73088688547485,-3.99538896223911,-2.88044576118348,2.76235781421974,-3.52331500307997,0.0776029167110432,0.92935542220386,-2.40031476898307,-0.0870584059611202,-0.662745100341248,1.74814688173705,-0.219348912243899,-1.46375576701954,-5.6565799822818,-0.523565076262418,1.5402953090486,0.0724387053295392,-2.18160752845731,-0.989260985122375,-2.24650701491834,1.15756090381977,0.289028474612253,-2.41779001698375,0.602416676597157,-2.31146828222379,1.60201824135258,-4.31145353473134,-0.861129825491635,0.500509678136378,2.49451473121765,-1.2377380116678,0.837002617630275,0.446771176335115,-2.42676712219059,-2.27258738449725,-2.04101434423014,0.525608547691084,-1.12813914074767,-2.13637816724383,-0.7151592215507,-0.0314583446173978,-1.05783932089687,0.311421014834744,-0.977090178228457,-0.388402859177006,-0.110322393963904,2.46488960299345,-3.91139639120018,2.71751014767938,-3.48962582576574,0.101979984572944,4.61652394669208,-4.50901676270293,-1.17471562151275,0.679525956633382,-1.51848305228546,-0.488311991572667,-1.91025988640538,-1.68870555948122,-0.902308135335803,0.848944256066861,-1.38842854230233,0.823776819703657,0.443820887153312,-1.05198363465915,-0.452037051313971,-1.15741367444459,-3.24426360660726,2.52041429221593,-4.87041105310182,-0.505209992803929,-0.433012491407256,-0.797615673487958,-3.61299310473971,5.10202894463434,1.14614271419365,1.18796992672975,-3.91924646989633,-0.207066507465037,-2.24997223527333,-2.25498674557939,3.71196896358068,-3.69261518887487,-1.2815864003685,-3.05291264634724,1.60599324910025,-0.0594209538335893,-1.91892867793487,0.37458107405754,-4.81555319639525,0.661923363221631,2.70941905923028,-1.61096079974006,-1.25996684124185,0.338390358524632,-1.60778235051085,-2.1450186375092,-0.690928224619376,-4.65047380873736,0.146737348879051,0.21099658030962,-0.236733925988107,0.044866394754657,0.738031654372851,1.10687085986338,-0.626272534582296,-0.664292037510295,-3.84660294796501,-1.738776433654,3.34794009795039,-3.42797543106813,-0.823531456848122,-3.1279086247432,0.28258829013717,0.373470267903897,-2.07971958768627,-2.09361805211215,-3.8658369561624,-0.781590724661681,-2.39061852135138,-0.676313468594136,-0.395333103832197,-1.12160928534724,1.56143216250865,1.43429778430997,-3.1525404640363,-0.527147761929571,-2.4434395269439,1.63762978689607,1.09857317794763,-0.835387031134112,1.37856027056439,-2.06216726464256,-2.49560399822197,0.77200315534427,-1.83064328307875,1.85455259830308,1.11859752808212,-1.72800438333952,-1.7267291393509,-3.41382002713794,-1.72642801329853,3.05114829696023,-3.71305433802126,0.917242864416747,-3.8465727841679,0.433701773001397,0.839529072675389,-1.40610131821659,-0.010044352890839,-3.64340625536832,1.63656256729677,2.51864712248321,1.23170783623982,-3.08782143150569,0.626619230540536,0.128083308592552,-2.08705487680227,0.710839038545613,-3.8894397307082,1.12316507634807,1.07509913105966,-0.963642879587214,-0.819831011477288,-2.12139915584901,-4.82244815040939,-1.92856724612944,-2.82844391237985,-1.60165676078838,-0.441309611226206,-5.60661464263333,-3.11825396690068,-0.911563647830847,-0.198412597653084,0.220101866188314,-1.53277196837681,-1.80716725275099,-1.52826625880488,-0.471542601769361,-1.19082836814369,-1.43695903379111,-3.23909185879589,2.08943112455591,-5.90361434893427,-0.349931280818617,-2.91917434330498,-0.0370569235226598,-0.107594985978048,0.448825339826069,-3.77462711949598,-0.559944816548809,-2.18481401181831,0.969108363975131,-2.49348619930473,-1.64146368875534,1.93800936411147,-1.28860794831014,-4.73890634167683,-1.95519302003648,-1.41459930840235,-0.158777450311409,0.334723151407758,1.91886538324573,5.29918048638586,-1.22566439364098,-1.25520344849483,-3.75565576187205,-3.43745900115541,1.49090431622614,-0.541116267521773,1.65993045490509,-3.75422917383686,-3.72017252500664,3.2674141972015,-1.72547891080748,-0.743298807045749,-1.06651666294634,0.149372696712399,4.20442728704771,-2.65790098613797,0.686762733153567,-0.0649184121894367,-0.0212057978159923,-2.7371373223254,-1.81505020000258,-1.55426698049143,1.93453539156706,-0.040341965167964,-3.79264813061199,-5.47832649530881,-0.773219025438242,-3.45254402283387,0.0208093406863354,0.142467036850308,-2.8044274601772,0.0950404196056298,1.91173985079282,1.76930513457314,1.73076963205146,-1.0681048047643,-0.528794246984889,-2.78321717589548,-1.4779189323159,-1.23026722513264,-2.56081690169861,1.11229126843872,1.94388243675386,0.78497645748681,2.56869605763059,-0.655931939479615,-4.69253387916773,-1.98551000901273,-2.87992409756393,-1.16138232874285,-2.493055309252,-3.33942290275192,-0.702384399440418,3.40175669697905,-2.05574779167984,-2.65380670235608,-1.94007302822527,-4.22352927829623,0.0915078180055666,-0.540053642261837,-1.79441731763536,-1.21382664799766,-4.30290566412738,-0.636772542849971,-0.488216197383698,-4.2141558098376,-2.96774767957541,-2.53981499134483,-3.72727614998821,1.98382452345198,-2.71542181794833,1.87416595227665,-4.68507058256022,-4.57573469553209,-4.32522931336586,-2.20964700063929,2.41667631079524,-0.669882391099088,0.822175848627715,-0.0306814541436194,1.6117566525301,2.48733561541669,-3.697789365257,-1.08017715150939,-0.834059840406626,-1.29871256615115,-0.145066640855024,-2.2319890288471,-2.44838487033,0.939247411652981,-0.290864714632353,0.875602603177296,2.30107870761279,2.28199032925175,-3.64794302921139,-2.47572815618483,-4.11702608618781,-1.48321370060658,-5.22421300879651,-1.02719462273269,0.605094449570102,-4.00384235515522,2.00865834593871,1.41176656660771,-0.452923898532408,0.146012295781749,-2.87092255501291,-0.0567732846832761,-1.47849937217638,-0.696174538480469,2.0930780286497,-2.75276448492221,-2.44163138707361,-1.61411438990901,-2.14455260274422,-4.01716643226918,3.17385062224278,1.84439655415153,-4.38575182974346,3.57592236798803,-0.336574005102311,-1.99873942271353,-2.86215928884737,-0.377553178392564,-2.29020072195832,0.748731893391872,-0.0744793324450382,-1.67677065407953,-1.4204628758803,-0.131884126773901,-2.91695462024593,2.91113380081134,-3.81834111396219,1.56511091187729,-1.03139935652817,-0.0966877344483574,0.968310091971253,-2.27051836765575,0.627733663496668,-2.6762476477171,-1.88125472581409,0.209148995032616,-0.0214074408719518,1.59507556343037,0.362124918823474,-0.174658033403121,-0.51390852685114,-3.36754304284551,-1.61052539926912,-2.04424382982549,0.670927677742135,1.01992034646905,-2.99070181303601,-2.12109130438318,3.02982685274491,-2.72602075009874,-1.97913014578264,-4.49286453573882,-2.89652779603173,1.27574351669853,-5.12234082776375,-2.24479871873011,-0.400811306196121,-1.53892844088878,-1.71353833977043,-3.77065703589391,-3.46522233396494,-3.53273593716145,0.325074973134397,0.85183717863292,-0.152582799588148,-1.27851784232018,4.00277827094821,-5.75772323531456,2.15500484460113,-0.734010198630952,1.07342737117362,-0.376432700391338,-0.948421939068329,-2.94443540974595,-0.791623546155174,0.651657668147469,-1.37567346031052,-2.80413447379267,-0.393459650368465,-1.24024943793094,-1.70887481204173,0.448206694109012,-3.20773171570982,-3.35840665872533,-2.74141164775716,-0.875520676281781,-3.7109637791637,-0.238286955209742,1.31468208666995,-2.1356357138194,-0.631291770849365,-0.339869665159636,-0.252747620360411,0.139368701198017,1.92897341371521,-0.572104745170277,2.67309330394636,-1.11382582467566,-3.74208025881538,-0.322214724887639,-2.16572361016464,-1.58230120462561,-2.65652197087328,-1.57914836936441,-0.421596669875607,-2.79441555558827,-2.04922637067824,-2.42557396101539,0.297394518568072,-2.21392806514438,-2.39875437131002,-1.97700512840161,0.563870434611015,-0.461174027062632
"22",3.8955989121921,4.24897746897464,-1.83286864663057,2.83865754807156,4.62942684462373,4.01386290243494,2.00471886893823,0.685933872613123,9.4878650789786,1.70050626219383,6.56230032058762,6.1679318338609,3.55966259652826,3.26182367534736,3.88055030782618,3.67341854296287,6.66469977105336,1.79236684890825,2.02687103837808,2.48639548475081,2.34587360940984,3.55403008565241,2.59688574685701,2.70341499366089,3.77684190372443,0.428978582602113,3.33799909578903,3.20467916688041,-1.61789674686206,2.48160760082884,3.52356939728672,3.94334850657614,2.24712427214976,1.30993186039369,1.54423306282946,-0.383828317760147,2.8511252758373,3.45139731045468,0.146806739181931,5.50550326821065,1.40239251908322,0.973438681664034,2.82292060695407,0.89456803494887,0.694258216862535,1.44414429802127,4.83518102301997,3.13914931562677,3.83469492441879,6.79810849906809,2.29165203982292,4.67628102710056,1.31575494679005,0.230885673380179,-0.0122680384546365,6.8594562421371,2.30898104095112,0.875726907800793,2.95102725562792,1.20076746597853,2.71165699458369,4.68256771171475,3.15171533297265,2.61402288885974,1.76052847863107,1.35101547741224,2.60865405607086,6.75015271570587,-0.372688634608056,5.43165649837162,4.08419198960947,3.45848957302467,5.01528135570458,5.79610563807352,0.804836415073066,-0.35692465298725,0.681716285791305,3.94885750250692,1.95720164573532,7.14998363980163,5.64144772002113,2.49758936339319,4.44616570725953,4.3172418067398,2.78444745937297,5.42599326270263,5.5490093436333,1.39476705890379,1.55566556278846,1.29616314550212,2.9980302183724,3.16337016207066,3.09737007772988,1.55497195581305,6.23442027835046,1.43981302696654,1.27603104194582,3.23720879394246,2.72507770864194,3.81521115102353,5.96134380626631,4.58701284671748,2.72611697558085,2.13375668752241,3.79454138864062,2.64729929736194,2.47376389275113,2.226035140075,4.63287499388138,1.05848998342955,3.13644754512954,3.97132337428997,6.16371680548304,1.21438544439865,-0.604585406399932,1.04246602439097,5.23275485542045,-0.118834582822252,3.50134951972926,3.11735226168429,3.75927727376162,5.81958208102344,4.94782211128745,4.18927050232174,6.42569091651485,4.5941835711832,5.55828833762482,4.46508537974456,4.01719505815503,2.75434471319607,2.30937665293022,4.50259055482517,2.6050722091117,6.39936688319091,2.09217113997716,1.85075099806988,0.882722363717559,-0.0596123614750295,2.53321372327284,2.86717953710104,3.59699553830029,3.23323381429918,2.53780141069682,1.02526614187308,2.6814904863542,3.28883707219413,3.92989784600397,3.65546184849814,0.301416837570454,4.77994160164556,1.26923178905126,5.25556712708701,3.62126674381708,2.21562812760917,5.66183632097586,2.20584051402353,1.62132888920418,0.532857405340058,7.80469308771889,4.33969433170115,1.91596954855059,4.98413001885668,3.11900784359928,2.05516572216522,2.84791662261607,4.49011174307831,4.36672787350646,3.41761668387262,4.29255932018851,4.52586583989221,5.41820672148242,3.35491103913008,0.655584204221696,4.76472902156838,-0.964846082474636,1.73514983560871,5.03523393333468,5.49911803928392,5.19490257843316,3.15491093565645,1.74988416970433,1.2178291209647,1.40363660115245,1.94866320339359,4.67014250772259,2.35837791108244,3.69788769236221,1.55370405623768,3.40197359963689,-4.78747652308387,3.28951994130226,1.18178715599143,4.09856104621786,5.86753175825847,1.48491889095351,0.401741824830762,2.35426470560169,2.23912789670261,2.5596916138269,0.0422797392193242,0.754274587474,1.38663669073664,1.24114429457148,4.61975291939711,2.22805090992763,2.18679327456855,2.7701739631845,1.31967130984149,3.80424089995138,2.87649122168806,2.31741268638483,3.65251482375326,1.41017123479285,1.974160671281,2.57854979182934,6.02305169388456,3.93992246842299,-0.867813243111545,1.97704575125414,2.95780082973391,1.45614668736651,3.47608441422113,4.57798283908404,1.42808361233264,2.72544403069401,-0.369285955639442,1.84541015131252,1.23741859795435,3.24335615554153,5.85936367870795,1.77814277354557,3.29217649369549,1.96428479097705,4.74956220416211,1.79204887939322,3.62341850235573,-0.639098788235009,4.46264023855869,2.96370262881562,3.72804141503135,2.77650890259816,3.75514848170862,4.4796225537042,2.2563006506788,0.396606027658829,3.57257456436656,4.06727613076381,5.5155223442689,0.972346373615387,-0.0169916677654274,2.99174846864987,1.88212489467897,1.0613524053554,1.34037348805535,4.79531722965249,5.28887651804664,5.3955052565434,2.90345773428125,0.528640171568416,-1.09939800288679,3.71068592358088,3.08030730114301,3.22029151117704,2.47504588001934,-0.183229726120254,3.39220103007748,-0.848311903698312,-0.242693523562941,4.01937679975574,3.21294494536204,3.96141935529949,2.81682319058402,0.727912941691596,1.4119776725428,4.60301274787404,2.8405152075275,5.53490686881674,2.89409135720274,3.10570432067921,3.37408588504082,-0.635434339685149,3.89609800247795,2.53396581197306,2.8166169906295,3.67545365391997,6.02168336025433,3.94027640446952,3.09027023417886,2.53497495942116,-0.123573483061449,3.651166937886,3.47484552081938,3.51407797793761,2.78679453869703,3.78749611866869,3.19046642291938,4.59467216491042,-0.160712122515257,1.95903184317697,2.47191452324111,4.87774682952826,-2.36411304027599,3.19425349090437,6.43408590050472,2.67133804230423,3.1752336465854,-1.11160611471175,1.07748066073739,4.88909285585975,4.30807569964784,2.1478678729773,3.291336466357,4.15671919107927,1.58577422064091,3.78559205770608,3.83375790013842,4.66857164337934,1.90357780798455,1.04896684369995,0.897584584584194,-2.3261770982203,5.0283063764558,5.49215931808702,2.77285658596453,4.0887812192408,3.56420266250101,4.0262459860554,3.74227628940981,1.84765156667037,3.10797290880595,1.80697648071146,3.1254010976951,5.25627735113561,8.27279785423503,4.9608646962432,0.690909151958696,7.41539862890605,-0.715562066295968,0.678322277688624,0.121330218993467,3.34275410832431,5.32831463962691,-0.82430425251314,3.94993012357482,1.59140861615112,1.03660949653676,5.92559976559922,1.52512583930331,5.21226313021133,2.62659942671282,5.95707031986404,1.88467324561911,2.03201272750129,1.61062353767212,4.87643637555758,2.87269685774654,1.83870143931222,2.91899455872833,5.93870833571297,2.83698039624057,1.43098607022112,4.74957814609242,4.97851824450146,4.54467005743167,2.27368994996667,3.73841130891979,2.54776894521098,2.41990789506016,5.72269151312992,5.68863300598247,1.33293106212398,3.47853800512789,4.36876610383332,2.77354242684797,1.81246982642391,4.55682500077965,3.43810537003425,3.2447695255493,3.26235727107089,2.39730929359021,-1.02763418162866,1.31360410898616,1.00883388402592,5.08157694481816,0.473016940741357,5.48058381117878,2.68251915661393,3.14830586759732,0.426234367794362,1.23128862628906,3.31663218845864,2.28687369597756,8.77952583178661,3.82862876291848,0.393342634232582,1.59884596595602,4.23611499891722,1.31912367038704,4.82383964490917,1.09436606870621,5.86233274537547,3.27350497530365,4.46296587439757,5.26721995731666,3.59292362496847,7.24927528480271,3.23243100448911,-1.13151207881862,4.44511425236726,2.86649663308617,2.94810303960239,8.47135941566081,2.23653405740569,0.806961716010934,1.58957824186373,4.77655635507563,3.31843542591023,3.64324432687548,7.55181743048972,4.54387996005291,3.08955520036506,8.10859818964994,1.94835272450289,3.30270696111954,4.00518296533213,2.39124684370418,0.73406064627742,1.30242101987603,4.81111425797392,4.640939171304,1.75544352092009,3.42958441043635,4.8144496272035,3.35577987771758,3.35336782061013,4.2722596833286,3.22484857048259,4.41770413386351,3.51081429582875,5.36683212646756,0.756735772651551,2.45179407767888,2.12729286122183,4.09302749958104,3.57216687275123,1.15227781561191,4.01178411726397,1.73456659968265,3.92588338536846,4.06766619478775,6.44017927821605,2.88306926639804,0.742641354598603,5.3052910708248,0.981504086313616,7.5289225102149,3.69956666539026,1.43436362111213,5.57930732553578,2.52432018640522,3.06034396366089,5.44190967962461,5.45622515745474,2.92025757203496,5.46246342023836,2.72624949159823,1.24755174494197,3.09922342866057,6.8205532055224,1.87473258361201,5.32462214161437,2.34448201373347,0.563068820417865,1.99667657425748,4.3481783985961,4.1309679856035,2.07821800836333,0.246070761730337,2.41414439667235,1.65591172115904,5.82221082757333,2.43133199870492,0.963705117712304,2.06037061279465,2.07367727552599,2.96863791645076,3.48812026516546,3.31258995390764,1.38649857529892,4.06372768128018,6.43387203975998,4.85255600051521,1.95258299732907,2.10560658702434,0.673363232444482,2.93387413252029,4.63702350111,2.23084617874532,6.8915291863727,4.55658688637028,4.05243182890531,2.40433585285759,6.02494199445577,3.83646235522124,3.84605606796347,3.01886943094111,3.09353263787816,5.49416315549116,0.280038164455803,0.30229335012341,0.801329475614998,0.717212239088975,4.11507455320042,1.03756712493033,2.31858577116241,2.07959910419199,-1.54086228528827,-0.82276174545499,2.12263666625563,-2.68609078579393,0.198331181410438,2.40473859121831,-0.338416443464511,-1.6989327997562,-2.43400729834543,-1.47803811508309,-4.82368175009389,-2.24426844389569,-2.04909552364376,-1.89393604568109,-0.903726529464229,-2.03158738637637,1.27685655249945,-1.56386090717576,-3.66406032116204,-0.371827289170508,-1.85135730243703,-0.458787681697864,-1.24754690250903,-4.30893724178032,-1.57366845739933,-2.05997967891139,0.602868748602865,0.339402155395702,-1.97863309193836,-4.0348729866874,-5.46990296571684,-3.27902630953592,-1.80009971157968,1.17904970427607,-1.61683571822002,-3.02104525995729,-3.81967304394394,-0.471929147098508,1.04877701313251,-3.9520759668601,-0.242329566694953,-1.45360459426645,2.82751536755983,1.42026298355774,4.88024054704098,-2.65005040658698,-2.26414276727912,0.495031525425395,-3.08217306194226,-0.724760594660589,-3.78777297949595,0.173011557699357,0.769424063103676,-1.73479849240763,0.130272733208717,-0.199733309196975,1.09533671572999,-2.39006095772541,-0.38417354634996,0.332883999884489,0.33163572943445,0.621975867483791,-1.67933346102795,-0.374640745293511,-1.13065748847448,0.237290730464689,-1.10438471428088,0.280259162291077,-2.00935759792426,-2.75596753205059,2.5273527599845,-1.58602295663063,-2.73021190208656,0.112245556551993,-4.02233498461209,-1.98760674787563,1.89496804230019,-2.04015767546294,-1.59888200351636,-3.21730233751205,0.185238661702149,2.28696354494824,-1.93696836623685,-1.07537006908675,-1.31263547144808,-0.74967832254434,0.988312761476135,1.34635693819483,-1.35166461073148,-1.58709311334813,0.0754468238010397,-2.01060929474094,-1.08714649374654,-1.06501688185245,1.88255061646819,-1.40754794379666,2.75202559761934,-0.938991264772019,-2.09111613420654,1.24180074121183,-0.637188743227557,-0.727178409838235,-1.71325507437021,2.60556367622734,0.949836492383596,-4.14937144358611,-2.33301548196417,2.74143303292804,-0.645768280735288,2.06163783989631,-1.79071904061277,-0.0477956549943274,-0.0865731314894937,0.484732049510359,-4.5365583738028,1.71038279033056,-1.96570003177075,-2.61673939381214,-0.164332146533239,-1.43834445758345,1.09814985927625,0.444776921403305,0.303562020949017,-5.42314321957458,-1.99230952524185,-1.15186199882771,2.29552057213367,-0.345593506494131,0.122132425671617,-4.9237179286162,0.570445402412975,-1.90283443908908,-1.44129378510919,-3.16108832558734,-1.49488965016446,-0.654266048249586,-0.103267354610579,0.804623041608514,-1.65051163909684,-1.42957431957915,3.03958914700818,-2.1981942527556,-0.649463103606615,2.03309840170215,-2.34631766326144,-1.57378157309697,2.57987235391115,-1.92843633733156,0.23237003999353,-1.95170423144504,-1.61396786601082,-2.32729822801316,-0.0697728505231232,-1.09661389048166,-4.90426276126218,-2.15453939915187,-2.06432366763583,-2.02221180768533,-1.14357360051844,-3.15911006575787,0.842027425238328,-0.210073764013685,0.956309304814789,1.20787663392771,0.0841684876287032,1.52951631025851,1.84417189839573,1.32257645918097,-2.45934743312751,-2.80866257105702,0.196516994516766,0.170897326017609,-2.18716621520076,-0.673720454684233,-3.23839443901612,1.09211074715046,-2.17149466684612,1.20106162895586,-0.634434330547069,-0.647015932162647,1.71762007564636,0.457418118272546,0.0387204603109841,-2.68281309946425,-3.72076042986324,-0.916317038481442,-0.567939104883233,-0.625788154843268,-1.5345163477353,-2.61205451559061,0.147894508131269,-2.88457362754598,-0.562334769176221,-1.80764858338434,-4.46893681130227,-1.2986841440829,-3.23799535639073,3.14244913989866,-1.49457062902045,-2.73913229885731,-3.02696081780223,0.228000846493712,0.965934648856075,-5.0929666632885
"23",2.25104636657072,4.45931333005925,3.08651778854976,2.41402759344128,3.32943900814885,1.99042467901219,0.381630518491519,1.87087582211427,1.50832214680736,5.48243763453283,1.28101071118555,2.18063915238861,4.28316688388383,3.76541129841144,1.51188977897988,1.73326147691208,3.29441786811356,4.83022754937114,1.26302064693497,2.51038863730395,-2.21945912141857,0.638417784101491,2.50846637200055,3.21317164584908,3.8135302517009,4.15304316903631,4.68569430932009,-0.867997631072996,2.13040246833049,4.17235734584679,3.17439892342872,2.78864287372628,1.49325204610986,2.58202983991056,1.27712305649048,4.23923828462361,4.03224919441838,1.05578555020528,4.92868826549276,5.41480740999019,5.06928343849956,0.965148820336381,-0.450487463241418,2.97107370335354,2.81682080623862,6.27597235554699,6.63319651051683,4.42505656228672,3.90477014050718,2.68746143402213,5.13686217607882,4.76646920220823,1.2505630840037,3.69390383984048,4.16596848702858,3.7128987633445,2.93298684216982,1.27736913114523,1.90212345763571,3.04164942485689,2.00951862767231,6.62631599949211,4.89444881433243,5.01159784912887,3.07324226219691,5.93682499647479,6.13228888309396,2.60733414540176,3.70913961212625,2.83605491486168,2.08134859733901,1.23115550124676,3.43499731581148,3.24323127913147,2.74638196419567,5.52300295720867,1.92152700355995,3.1182263372904,2.74225539130621,1.97922630095658,0.628586268318414,2.91619776275696,4.31810218696397,-0.536403054070204,2.26200267206421,2.45752596282002,3.11927416849669,3.62671577559785,3.2962067205338,6.21784981165263,4.9984486411507,5.54845116447209,3.37141707627769,0.709116845422868,4.04720745881656,3.73081328524028,2.45802646298353,-1.41268620547622,1.61741952853911,0.861360425113282,3.89062506456945,2.3130018686556,2.24736886884348,-0.0737962876041172,-1.60326945475093,-0.242388595855191,6.28934957240886,2.0049697754122,5.45856481019787,4.40884179459132,5.35002345910196,2.43934828037956,-1.55690253129734,4.19932960440946,3.40488239663472,-1.57182258337625,4.93684582230012,2.76027425184361,2.8030510301361,-0.70485005830834,6.52696318109484,3.48352109116241,1.4237440912812,4.75645462887525,1.99262817713607,4.0009519857882,2.88329581003891,0.286143313485913,3.1503652262623,3.7058022392143,5.7192985412319,5.79139777876569,3.36491800059298,3.07362893134879,2.9316056565736,2.03009586462969,-1.6669009762268,5.26547791101684,3.5955889693748,1.29343647494083,5.09604012165869,3.90232765789795,1.83556160143258,4.0830245476615,5.25207955839472,1.00719715521243,4.09284195418898,5.90957925207702,-1.09116053276952,3.12707225533053,4.67062873167403,5.22622981021348,3.7688503290442,2.98439049601222,0.355329550241848,1.47457465676223,4.41729626200659,4.00811346420939,2.63219936530643,1.8973570202195,4.3527003049604,3.87807313254255,3.02935286485044,4.01744971433968,3.75871750798525,3.1848918259869,1.22537714500589,0.567130918036016,4.5634133886851,-0.264631090568809,4.24818453008052,3.10660876436158,3.00006298471266,2.52127211151445,0.899249678352951,3.53287828748571,2.76215697264083,1.13733265554363,2.66475234485362,0.3863776484531,5.04529027122965,0.608118976309559,3.34350354194439,1.64243576244899,4.18423016465639,4.11430956462702,4.06161736229297,3.07943735179067,3.37543593286854,4.37323029406206,2.06796633201655,4.3418734215414,4.25029218434908,1.76961535173408,4.50482920520878,-1.38345207812668,-2.78573145157306,3.07455515018938,-0.0262606652987483,3.75678618033639,1.18652374605735,0.814212904136322,0.755875394137679,3.25241317503913,5.53291742237556,4.86298539206483,2.69278256590593,5.17887854369082,1.81071696263979,3.24408968508571,2.5534271919232,5.96854218892751,1.5467243684154,5.70951201583342,4.66825096286653,1.63720902744576,7.07704796275343,3.96978714549566,3.28340456466712,6.14253134680103,2.6948046984079,2.185132277805,0.654377240547438,2.5205107684819,3.84812850459414,3.40712974221277,4.20904104457363,1.87882476734376,2.70577501393292,4.24689795247428,4.07941719525632,0.779158226712396,1.22569309147517,5.73966066939708,2.0333556036664,1.16630509621763,3.81296539405276,2.44157193314719,-1.84420710379801,1.49923120280953,5.09645484601517,-1.11994519425724,2.65062223736552,0.95295200577958,8.18394279134599,4.89202252435072,2.25711397325855,5.53223800202968,4.87588573383178,2.17607089861492,5.93734127167479,5.31450018847796,1.7273364197254,7.16795845925812,1.08841490932753,2.34065451810249,5.12440204874966,2.11983397435933,4.7822401070436,2.16545110444784,2.35107100233403,6.76167829249457,2.77745525409936,5.49609688200416,3.89991617891654,0.399452202781702,0.504475801410565,4.08504145223187,3.5467198264716,2.23689330191223,6.6325887585178,0.304949802015795,5.21980595871769,5.68812061063317,2.59513228004611,1.39742229415406,0.921588279366238,3.15156682603312,1.54631031845727,4.30441397927591,5.21087745756144,3.86359088488613,1.51851911411629,3.96005757171479,1.8095403976484,2.76503453129609,4.20121657756746,2.7610927656718,5.60909959601824,-0.801333127234031,3.31616644727586,4.49618161153619,4.43362940893881,1.01866710806729,0.51206848604419,3.75713994845242,1.26195994371266,3.40297807942449,3.18792124966503,0.464086979006846,1.92251346386164,1.52353653879322,3.07847552494737,3.34018212740917,3.39613892692655,1.64278554466965,1.31643575427286,4.2721716796574,6.83906000041957,1.71699901464864,4.44952163553637,2.39206179858907,4.62329636964882,0.982877397023164,0.0788251706175216,0.876914756203169,4.75504586391481,6.51224595469188,-0.527060620152991,3.7758055353295,6.43566245579061,2.6571618928717,3.31396120474419,4.20740428131065,1.71100620631532,3.94122241047722,1.93779546320896,3.75597304715712,1.06158252664992,4.1902732729041,7.35073974399166,4.5536963197718,1.69865116656165,2.80409808923834,5.64374727310572,5.84004688188955,6.02985734503532,2.05913623344072,-3.41122245185028,1.15360211740544,1.63235417192097,3.57895919981766,2.32118483357971,0.999263359224267,3.95678699810511,-1.25064807723786,-0.0348567142111915,-0.416790478606951,-2.71258665356326,1.3632698855772,-0.279010768776506,-1.86127226286478,-3.33120980751414,0.613234699919408,0.633352646214108,2.83298292076857,-0.674872811407452,-1.22696699574064,0.73711158341162,-2.53372714848082,-3.24294966957453,1.42479769810636,1.34920175921691,-0.70466931560042,-0.324602013518811,-0.155672049142739,-0.846030538334864,-3.83966442567803,2.54164229908117,5.17518775156902,-0.538043305111083,-3.93519404100999,-3.54847080548547,-2.92424693583288,1.25259227277177,-5.17153236204707,1.88220924706173,0.408826293099807,-0.612275854846983,1.80247777497645,-0.781673328555613,1.72757014837992,-0.237420627157797,-1.36798507836478,-1.56431857121543,-2.70357553921358,-1.67199599156863,0.815249602686872,0.498196653182228,-3.37601348198924,-0.48826521550589,1.75615583449315,-4.21374500336349,-3.40450018082402,0.208669309982667,-1.41762967526735,-0.854276448817566,0.1478566507521,-0.477862912841947,-1.87657279940002,2.9840736709652,0.36528560321059,-0.836965906375526,-4.02828826702348,-4.01308143342984,1.58341962479717,-1.64606911887696,-2.66142216633973,-0.607836194571929,1.52387273956415,-0.140367276612265,0.408773193406642,-2.6727907372132,0.0531404791103907,-0.397206800094316,2.29902836690693,-1.65237447411773,-3.03985474322818,1.78455861427768,2.04798538185654,-2.44246764570415,0.810188256457068,-1.26762434291785,1.12870952773131,-4.36786757266949,-4.08524719754244,-2.37924255757716,-2.84313646173992,-3.14092806873667,2.30695246036809,-0.755155789539952,0.103665773926073,-2.49334733216019,-1.22000695478481,-3.06509478481139,-1.40624759558505,1.19367728331755,-1.76416501637402,-0.990799068848943,1.74039825605949,-2.02139207096516,-1.1567087451569,-5.04975494716485,2.18576759331184,0.458781986872283,-3.83368687926379,2.05421429437284,-1.75418664574935,-3.3134078499726,-3.49162562665808,0.138331707925827,0.0526923341891481,-3.03306846337588,-2.50533572032852,0.0782386803477617,-2.9174316789241,-1.08028500234745,-1.38969113384579,-2.88984256330187,-2.62871036082746,0.68018951929029,-0.494621596482251,-1.20897842208088,2.16796746607021,-2.45308436579684,-1.92652198470428,-0.865961778499039,-0.149055850744499,0.791606160620894,-1.97259921584705,-1.02514666504746,-0.962418396735562,-0.896033857010723,-2.50834663406259,-1.8223625600044,-2.27138656711283,-3.44825736384265,-1.20749223274103,-1.06258123371946,0.613836633412027,-3.37089950123769,-2.0872893287157,-4.93742408965771,-0.815403402535106,0.929734778129357,-4.06800475839474,-1.8738816188677,-2.26125495933214,0.589546989871971,-1.61535248062761,-3.611014792571,-0.0136245291415166,-1.64507344605176,1.05391394699253,1.61284499610426,-0.30932596247412,1.47036369349794,-0.506692748829977,-0.659916125548823,-3.2352471070971,-0.369604542577126,1.17657168357182,-1.31745350539799,2.16424966656527,-0.0222071130669431,1.8296843107713,1.68469191613524,-1.590328413403,-2.65000608319428,-2.05594586336373,1.59573049455313,-1.17053993735199,-1.54550945163692,0.904807463135014,1.11642223394457,-0.0526052851915005,-2.46466066072424,-5.49021881960523,0.725809616232807,-0.851625499814364,-0.248762864663452,0.524052138587211,-0.667076871958356,-1.10306617802505,-0.63648931280901,0.193215279524582,-0.386141027440132,-2.7332443022373,-1.83399344053344,-0.00498705781089348,-1.0002327059582,-0.407738895207543,1.452280821986,-2.53532323183123,-0.194775355981491,-0.143843916584825,-4.35746585780648,-3.30695976016886,0.97512975594954,-3.24893911066827,1.06580894935546,-0.282617770296628,-3.91532229470209,2.61032702433048,-2.7896810550449,0.648924228721724,-0.0916995422589437,0.0536941375807343,-1.99438741981991,0.559039093478761,-2.20520380644893,-1.35258556051335,-0.55398172896545,3.27512529662904,2.22562889458353,-0.859182378052502,3.29793446138737,-1.71040273203728,-2.1457053220632,-3.01822697529878,2.74971896590803,1.20681350522484,-0.506561616663687,-2.22540283872977,0.358733977319103,-0.336799607486831,-0.937576982821025,2.87033166743312,1.02602120371215,1.91594890430053,-0.464654210313873,-2.5476638704551,-2.91326994491717,-2.5830201103575,-1.0589213740574,-0.470550571902107,-0.79794112592979,2.85344727398977,-2.27188619508159,-0.262502555779333,-1.10412132547783,-0.677810739060654,-2.01372219320472,0.989991282390435,0.579397820639023,-0.38828189812201,-3.30242063926549,-0.658512124526426,-2.01105909912526,-2.82654775023037,-1.77179940710515,-1.45416962612656,-0.647205800725512,0.946351780020032,0.230310975975492,-0.246844748500284,0.148471600601166,-3.43083923418366,-3.74517926809858,0.106284684408757,-1.81841051777078,-0.124406585587529,1.49474288790787,0.547763738594313,-1.01452199750643,-1.11487124797527,0.528572419576238,-2.96801900518154,1.65782279518425,-0.641606941743643,-4.96278479287944,0.855171847917092,-0.0536196864448926,-3.54274356196995,0.827248473229177,-2.20755718251699,1.00742312896057,-5.17064335102505,-6.17766888251114,1.07371539135821,0.226511980940316,2.16319980294502,-4.41392019787739,-3.46054547708764,-4.44547330261031,-1.21802569577504,-0.801299790375409,2.01075191627199,0.856138171256421,-0.545226524298945,-1.75225030192019,-0.392955987114311,-1.6340589513167,-3.89894107514576,-0.411334244934341,-2.50578153076084,-3.73276762886417,-2.08929031724853,-0.849906045150474,-4.20667500888397,-0.806421147128371,-2.56990675281113,2.48113491780554,-0.573733733067034,0.895168362593865,-3.01382730255176,-3.78572150682712,1.63968415373508,1.11087180582616,1.99302644559881,-3.09420872250113,-0.712286427862407,1.83769431729122,-1.64716309300848,-0.569649596356978,1.90716675289459,-0.339742502484735,0.767807793383525,0.807811994903176,-3.05682618614446,-0.919495440993457,0.960919507919967,4.60016633241684,-2.55828748314723,-1.02793747781105,-0.334972892108402,-0.845052336598166,1.84014713165189,0.830304854597649,0.260756071429741,-1.37478144959211,-4.93138078373312,0.923411208500141,-0.64632340512053,0.0967295824247798,1.38519113420964,2.65636067281182,-0.122137829644726,-2.41757468491661,-0.508132939400029,1.44551036673453,1.2060452513888,-4.51558160525403,-1.1263340337126,-2.69386599117071,2.57502352187539,-3.71959509851059,0.755410643985035,-0.226432370851639,-4.95592948161059,-0.599067136518461,-0.776141727274983,3.6688127367189,-0.865921191018791,2.07156274176662,-5.17627347655386,-1.19237540939808,0.328893684202879,-2.67914286162109,-3.41533047441995,2.50280655628221,1.04547735059426,0.256585563700615,-2.68651880935556,0.253613359354701,-0.933294279140831,0.276214225417636,-2.60075402395044,-2.30157181993374,-2.91321179935296,2.1158871113489,-0.273991586290949,-3.79040336937236,-1.82541186952289,-3.06831193111593,-4.72183607724002,-1.56007394398316,-1.50966301939064,-0.0659724003994667,2.8126879103778
"24",-3.71541221580295,-1.46780852845402,-2.26246420112325,-0.823254021881831,-3.1300253242237,-3.07827247363663,-1.21489702023869,-3.05030208232095,-1.63187830671288,-4.32829381587435,-2.01259854994674,-2.17740442107831,-4.7848390218896,-0.274656862010288,-4.13159943037342,-0.244846266091678,0.118951410489759,-0.72304087354453,0.680867581882574,-0.536660880094395,-3.33239253521333,-0.802447676945212,-0.0489900002504577,-1.32321752010363,0.725988843761373,-1.52044951232899,2.43173140445955,-2.05359880262018,2.30190165752946,-4.594263693017,0.454484017160607,-2.47652879428541,1.42223450855648,0.838849144800383,1.73554425772882,-2.87161076087993,-2.59410696353277,1.01440172933391,-1.01163850654778,-1.57054485552666,-2.75726818057238,1.6336484062912,-4.02775532751211,0.0847194413423886,-3.34730759926479,-1.40710707721575,1.39265573730504,-1.69346509251281,-3.89543870474731,3.69713178419901,0.0378951537156123,0.337732255476046,-0.665864364836492,-4.40626987196981,-8.64211164294289,-2.12227333906205,1.09354458791286,0.894386878048412,-3.89856348978441,-0.174749297677391,-1.70195062506754,-3.70436002281567,0.497765302028598,-2.93906720803967,-0.381719413452734,0.857002661437427,-0.0682780384751356,2.72725271232847,-0.781893512452298,-0.71011033229537,1.3651601920222,-0.788880876522599,-2.53117241365976,2.23920847169885,0.0614052350878631,-2.02508409636699,-3.79102639821417,-1.6210356438035,-0.668283037716685,-0.359539869919181,1.72865583645818,-1.62623162244643,-3.69997014098279,-3.90719326477942,-0.477401709448486,5.02962713073946,-1.99088528346935,-2.59042954438198,-5.03726575655966,-2.28442336976232,3.66056646521799,-2.15794474599789,-0.282108127465269,-2.51528688798927,0.61489244182405,-3.53482666694406,3.62231127526625,-2.69148910043706,1.2736785003885,-1.17777996294519,1.74994341140717,-1.76547909694432,2.18186024085121,0.654092108708964,-1.16988051321015,0.725556162322598,-0.116916772090068,0.253418105309362,1.47997513150149,-0.997847314161544,-0.652930033663844,-1.78048425326025,0.735175368364796,-4.81042902139202,0.78072934980972,1.35052931366476,-5.46380964215289,0.998020157010548,0.0131041029695285,1.17409041814407,-2.09919461368561,-3.12674112115205,-0.892350346539012,3.64891297799619,-0.428667668008693,1.0396897617485,2.05404478911702,-2.8583625447224,-4.22465727209755,-2.90615990806503,-0.549469210081502,0.354444902131958,-3.45231778778857,-2.26471190474158,-3.56061946977379,-2.42573357454465,-2.47025120527105,-0.507232605958758,2.87023839083362,2.20555247489083,-1.15642556371418,-3.69531906138051,0.613716250642575,-1.88826725769084,0.547282682222459,-2.27719093479297,-2.0639581038689,0.0247745597967537,-1.75991444827166,2.54141661663488,-3.07682408095708,-2.17149488238227,-2.89542418246149,-1.93640360391923,-1.4058400284875,-1.12323313859794,-0.862963105083725,0.248458443359735,0.655163819279778,-0.628309277219064,0.68359289743477,1.64972463249191,1.17572114906422,1.06934411391444,-3.15475387261705,-1.74263258423606,-1.256005537814,1.30849111458568,1.28835072303221,-0.229503939701683,-1.85168064908027,0.610134447958953,-2.09422561672176,-0.724498726427193,-4.37807012214837,2.39809190396499,0.73167209624237,-2.1456813761945,-3.19029628371455,-1.04509624362314,-2.09942416748998,-1.51069171045602,0.594344559454423,-2.21054083120056,1.44996353236726,-1.49459192699394,-1.92372835490612,-1.08181335591022,-1.63824364904692,-2.84487048867641,-4.87002378785074,-3.27364418877712,1.82052841373442,-2.88428303138286,-2.60601866675014,-1.66213591214419,-3.98850019194833,1.39254091627824,0.62363616441894,-2.30854185741092,-2.26723154704667,-3.13422002493927,0.128498875687148,1.18042658823275,1.27217185941868,-1.24366287300294,-5.32027433277138,1.7724307962513,0.703329420836717,1.25469516950139,1.36993432871035,-2.3272499217016,-0.270047176368491,1.1480838619148,-1.59314184075685,0.774024439424658,1.17602477513611,1.08738359202221,-0.338774594497937,-0.828265119693021,-0.244520279303997,-2.07222762215352,-3.37541426655865,-1.46238356047894,-0.728178832740788,-0.590142117786258,0.716239397353382,-1.68882729331252,-2.28175273120004,-2.62838817950655,-1.88036298414923,-3.3030233808647,-1.4082662856817,0.751835089772197,0.167498603303274,-0.537254384469104,1.41366696471825,-1.73264267578895,1.66259802476937,-0.93199464823053,-0.739576825430644,-2.87712064901476,0.511156757670574,0.989975216219936,0.341492401985258,-0.721594880201671,-4.9749185678066,-1.69441440384923,-1.45117035073801,-0.634104038438194,-1.75167105001434,-2.65151389798778,-0.309694914869955,-4.07567907428077,-0.793697122296121,-4.00922288136322,-0.18383741760929,-4.14455364728822,-0.987649344739834,2.51707512557364,2.65504766956568,0.506827325915695,2.6207077702267,-0.526968309137866,-0.927517672348933,-0.440742428247819,-1.93050374618233,-0.913827447889553,-2.27531089212484,-4.77966285029384,-3.04895315457115,0.463401563568684,0.00562740732861289,0.786111486204777,-3.1340042074437,0.418609187968003,-0.435230288770697,0.696310564259822,-0.862858541321866,0.767625256626485,0.922504880656285,-3.65304581891452,-0.653764312092378,2.34120019350374,-0.928713722159242,-6.21016167526424,-3.24387704658379,0.29360411143399,0.509270632516398,-1.03584452347654,1.1133613219427,-4.03563827584599,1.89796430623271,-3.34221916519244,-4.09587269227639,0.215477954142807,1.81199214459411,-3.88675005238023,-0.98213228969602,1.28915471691916,-3.44497989173809,-0.122604875442323,-0.218937732753619,-1.32322183788859,-4.07828358024076,0.676288661422388,0.444686792138324,-0.0744828450400997,-0.444209911791586,1.07587431986079,-1.7828588589028,-0.586713046386384,-3.31523780666466,1.14494155041534,-4.08153823218826,2.65936919270495,-3.17133073101459,-4.30693507538014,4.18008158903869,-2.95707169892745,-1.04143827944993,-3.82793392442693,-0.0011913883282666,0.856572855080593,1.44734598799597,-3.02803449914179,1.58095842241256,-4.29550677614355,-2.5562572959118,-2.86518114111508,-2.66486028929961,-2.10350356696366,-0.811853255098019,-1.64166128883587,-1.00213593795876,-1.74213969879113,1.46842988438564,-0.927267368599917,-2.16515618118968,-0.30060149799724,1.16065322366658,-0.429929480302085,4.28249590729862,-2.10149195480104,-0.0997482123169985,-3.09123736311197,0.880353140979069,1.90370843669028,-2.93735549133716,1.35378950119734,1.23751368720476,-4.05864930278934,-5.31497882528721,-2.0995711204716,1.42881145667293,-4.30478383853545,1.75275032323417,-2.04890837105125,-1.9127450656574,-1.11413487815567,2.11044868438241,1.22159806844113,-0.538425524333059,-3.26074766347376,-3.08132656973534,-0.262320815414684,-1.82048616629728,1.30541243791729,-0.650450083041016,0.172518367164677,-2.61058360865785,0.155605425791346,-0.885008083578007,0.322889709364373,-4.32868773010139,1.04856324349425,-1.32718958261948,-1.4307440945459,-2.01694319489707,0.63654601782079,-3.5913090607424,-2.24042735246276,-1.28869915752459,-6.60458558930924,1.41227403901416,-2.36630085843094,1.25934552837698,-0.316719440397554,-0.617633560114919,-2.07205905532374,-3.93071793255368,-1.81495087846894,1.5805388689542,-2.06412188874643,-2.06457908709322,-1.39321126836677,-2.81937097218203,-2.10609290160894,-0.146182624694069,-0.183352867580198,-3.80120537017517,-3.87310714987496,0.327293801804019,-1.44777944239501,-3.81725795745194,-4.20018747487733,1.67229526191082,-1.0191171792684,-0.636237897878405,-1.46867430334078,-1.19963817621839,-2.37201341400067,-2.27298849496884,-0.997245624718817,-5.36681644989984,1.78619097138697,-4.93147196285945,1.21757798369677,-1.9581495659453,-1.12368007350633,-2.34988701870015,-2.0503649096739,-2.28787189603607,-3.0386432181512,-1.00325584521932,-1.45733323670616,-2.47500303583459,-1.8391099677035,0.288469915546866,-0.258699491042601,-4.64536774221949,5.31098285212636,-4.25007894205448,-1.46357832359475,-0.477785913537267,0.13867361715172,2.63926695679127,-2.74736004443999,-1.91882207914966,1.33094876845111,1.29229111489839,-3.1247819256727,-1.23178604849387,0.520242053422832,-0.870930027838781,-3.98985696936807,2.4358859181214,2.10954108463127,-0.0671564542526402,0.0974306555075948,-0.116172870881103,-2.78558929726749,-2.40838529458824,-0.359685942477554,-2.46364710343511,1.10164617876553,0.515369577142132,-3.24048057254011,-0.632256662530072,-0.993620113288042,-2.25067181900766,-2.42929123955219,1.89656146927262,-0.319112974812385,-1.92902837838131,-0.182744894264044,0.787955180479071,-0.274242007991533,-1.54072971264076,-0.0435585448866451,-0.203319475546044,0.183057264687858,-4.24322013058447,-2.50786113741467,-2.03023917440759,-1.38446014724461,-1.20763448664508,-3.4598469797951,-1.32810019220327,0.43640550260383,-1.72127243432741,-0.94198770376187,0.345957134735443,1.93658792834743,-2.63681815636456,-0.300249353941687,1.20764930030429,-1.66616152263493,-0.778674565837318,-0.761646487014024,-5.26111714665439,-2.84314269178449,-2.16421877949883,-1.5039292632421,0.925027480206006,-1.22783583696836,-5.17786533697915,-1.4576173040941,0.369054371986017,-2.0203514584906,1.79272379675077,-2.07819714699383,-1.09852244743576,-1.97902109399788,-2.63538499863663,-1.4175826170829,1.32468555632815,-2.43827769231103,1.35566562649907,-0.716373300489298,2.76276357898361,-0.706169905497642,-1.56571499963426,-1.02560101997302,-1.81151177942056,0.383052531895715,1.74902904478714,0.0718109433892058,-3.06013852848118,-3.42608489789324,-3.83055472924883,-2.60980537859676,-3.02513137118292,-1.69520327239801,-0.546180693190957,-0.257351301981118,-4.56604946716797,-0.616510596943116,-1.68622888643181,-3.192827717474,-1.36734500869656,-3.37478879320681,-2.94571567254419,-3.05291666739992,-2.66266607033446,0.243421075905086,0.136607819738368,-2.82745683585117,-0.521183753883038,-1.41789645508397,-3.74379562716716,-1.30478441507495,-3.27903724675852,1.66287893588985,-1.10282526006065,-0.624303626140268,-0.0810738552934134,-1.37094321312719,-2.25521845977148,-2.28043575093491,-2.1640946254448,0.551931172013997,-3.61013775891931,2.41830090625892,-3.03180037013426,1.57565026301448,0.239208279284404,-0.17029242611124,-5.34190495234431,0.9510165392444,-2.56157418519823,-1.73904222798449,-4.67585052898762,1.26069531087641,-1.47367959021318,0.522691602951636,1.3140234452469,-1.6214435336808,-1.39659036291722,0.100576245164154,-2.01802517741914,-1.0841404963853,-2.33505573037881,3.3683971964603,-1.25919910016379,-0.255086637871656,-0.155516858548705,-0.771173679724784,0.0120011936194151,-1.93132778889462,3.30641152242937,-1.13242465668611,-4.08475954603134,-2.5552774898429,3.63508504260001,-0.904811175335258,1.11313272962657,-2.30579008641255,-2.5512121845679,-0.662257411254208,-3.30707885799373,-2.37361763553437,1.55501102160913,-0.345919739767753,0.452523863531085,-4.86507569745854,-2.64094097133097,4.37651229873886,-0.595918255060899,-2.82728666622739,-1.00437303658014,0.112163045163012,-0.900172524891544,0.580384439756088,-1.84298560478034,-1.87609835256589,1.10586691366474,0.225634347503268,-0.788834568030727,-2.23723610771519,-2.60944543188532,-1.38155829309592,-2.96312939067986,2.44666153631754,-0.685711685103923,-2.55251613649653,-2.25651176035863,-4.00258061229025,-1.02438286908479,-3.80834863825988,-0.908533707028127,-1.22310047073821,-1.47779869920773,1.83389937427436,-1.04479811376521,-2.6386560193482,0.443907358376607,1.43788707264466,-1.75642072844416,-5.80204094558142,2.06332624964213,-1.71071476783216,-1.6097028537842,-0.0988330562585438,0.567274513097042,-0.358270565216802,0.555211648039976,1.87207267146903,-2.04130645370988,-1.93438084677684,-1.36493832339393,-1.08528178018186,-3.25985301586484,3.36846110868329,-1.03858309621563,4.25135980363995,-1.32164169526262,-4.03576361194279,-2.86638249331942,1.34874288981809,-2.66671135866238,0.8816871338042,0.792617508551286,-0.539465772978666,-2.23812154165812,-1.78886974094682,1.75053327251104,0.458321429434284,-1.74655482404427,-1.5026786709239,0.42864177585416,2.07559839270691,-2.56017945236798,-0.758221251125931,0.0131770778971239,1.66435164445978,-0.849131209254829,-5.80104640199764,-2.76253813603482,-2.75585422417684,-3.48607037548696,-0.944688816483078,1.6287668989397,0.282797534832368,-2.14376906585896,-1.71832158958218,1.29211530188369,-2.28151747763788,-2.36786819476041,-0.672439439904652,-1.4553460954736,-2.18460230068746,2.76800699148943,-0.127669121240309,-1.53838507024214,-3.25230641666628,-2.03705162437607,1.73307562030642,-2.66900925119703,0.0664155395868424,-4.60859013317455,1.07468282998111,-0.187986146605231,-5.25433072039505,-1.84683362918398,-0.57966978625567,-2.24792881801082,-0.707231496022122,-1.1333106661873,-0.810027598659558,-2.19144321122983,-0.528955652929278,-2.24680215192186,-0.361186504080948,-0.997914734207151,-0.0343164808643144,-4.46966784363121,0.584510266171129,-4.97125083885057,-2.84635541634347,1.65995359722141,-0.957999284434941,2.5005982003317,-0.608497414628385,0.288080835145498,-3.14488550983545,1.53669411006664,-1.8423397394268,0.987293758538924,-4.75178433878129
"25",5.30062062264331,3.9109650769234,2.33543084765789,-0.0146558133017352,0.295123341921409,-0.225849541692543,0.551176167025925,5.34181364683713,3.65895727694302,3.49268707801705,1.07338197041747,3.1219741934565,7.7231272917439,1.10506230489575,2.10497395561571,3.05519107639248,4.75417033614041,5.10713630570355,2.03626431738681,2.29058029617163,3.41220377941197,3.66462590259541,7.11928988334894,2.93315995687603,1.84985766920055,3.79799345084522,0.032608793567718,4.15746921829167,0.494927964765813,1.56927936420549,-1.09312061423937,-2.06522751324531,2.65371830321977,1.21123632371176,5.04182824237173,2.15994928179369,2.28765917795937,1.55063716675796,2.52572791489505,4.88542667091788,3.04685615794152,5.55012710418529,1.84019158268787,2.3902405471744,3.89061779679239,4.48312816721603,3.44636319538872,-0.212670464340896,1.87556703345379,0.35776194503701,2.09705907745195,-0.107844985207151,3.81158810734931,4.34067848945648,3.06389175017089,-2.6271395336719,3.04566643099259,2.38151154091666,2.93067870594657,0.374586431539823,2.26011581788184,3.54919600771936,5.58784668514017,0.735236711702451,2.10015258789468,1.43582232229116,2.61096919150467,2.89703494143755,3.50921797711527,1.48773934862432,2.37428104289845,1.20252020355159,3.19245173369525,5.82141352895008,3.97222968140119,4.72526811952312,1.38327322641403,4.88121423339178,2.63809863685882,3.36090042995583,0.0816275697142137,-1.55772866711826,2.325987668418,2.37247479007882,3.25102649615379,2.49292346935128,1.50316830203335,6.68498836788083,-0.0209473356867833,4.88382069966387,3.84825180428387,-0.0846336664481075,5.49222446600461,2.76844535049789,-0.694289157971434,3.4100332501455,4.26420181599548,7.1348496804655,4.42704431900549,2.60141166498063,1.91009747568704,4.68509725716173,1.17476339713613,3.21973895189189,5.28970591047078,1.60222460422715,0.298497209908824,3.79050916570479,0.826409121980924,0.931397061478876,2.81112581328882,4.3482839221505,7.21659128338715,6.76181661456285,4.90906030793769,-0.236670044348978,1.5815571101847,4.60906712464015,3.16617127029692,3.22433292991143,2.37625844873623,1.21241619500336,2.51155436860239,-0.727572464272832,4.37075015694452,3.37973251084279,1.34164537044408,1.56221078744374,4.97462246691793,5.5020608310526,-0.336477799196833,-2.59459284901505,2.30642203965913,3.13355825193084,1.25666669987121,-2.16641216795444,5.92463376293297,5.50434510980567,2.63700534903764,-1.61143804744603,3.88531053083085,1.31106792258914,2.33543158450924,2.015375290394,3.59556452992769,3.88784743444175,3.44781912914433,2.37242797440229,1.80623532128809,2.1969725184207,4.38116018595042,1.05799596245416,2.30966979822282,0.983788290741258,6.564917412505,1.82286196125914,0.432457768337998,3.63270060316554,0.652412574366216,2.50671550182633,-1.41504777953879,4.69446204052683,2.64537300186498,3.23225607336908,1.30853456243076,4.56884598992841,3.06985417745985,3.00719955016099,3.96974224616712,4.03139240454128,4.67791839975762,-0.216590760500008,0.703016908858383,0.31243948619638,5.49547626128989,3.69324476089374,-0.227416250198267,3.25046431928017,1.59289528835159,1.66793605936184,5.29500231191771,2.11272830744783,3.92508943334956,2.66598131141462,8.85261186998871,4.77113198887513,0.471799256317116,3.24435358848918,-1.3952127511934,5.68536001339057,3.09766208150072,3.0132794082715,2.11933614296052,0.250445740090586,3.16202938347973,3.82202949801334,2.76812624966904,2.39074252563913,6.85694563930611,7.41125400755048,5.85087311792771,2.69846899126768,6.03691323770902,-0.110517777703286,2.44409449539699,4.09135326805506,3.49105540754715,3.31037039006019,3.83195041870724,5.81021031036861,0.336814020562111,0.777353348471438,7.03031437716795,1.51941445397502,2.76589340892438,2.38954492933527,0.446144103920024,1.90166900567199,4.84598022166737,0.9365587329138,2.46497613055246,3.60248030667915,4.5076761835734,1.86822072210549,2.7790093343815,0.79723096047028,4.3566639166834,0.897585312865557,3.62597992373332,4.13602969500144,3.97472993990009,1.90267096567272,0.236752402669318,2.55472289944481,0.283083513637081,4.48738681483721,2.37342832559342,5.68142686639428,1.20623527095782,4.43312087034961,1.94744661870257,0.460622802873717,2.36783227921297,0.320919776028483,5.10056120562069,3.54365979930279,1.64271180812062,1.24972215392524,1.87703590793389,0.227299232576176,3.60450687610829,2.55425981489725,4.13447942789893,1.67833043700187,3.04489024965603,7.68940514374034,4.79807487791643,3.06840781614832,2.85649400799493,-1.43266929764838,4.38171537560346,0.96591939603367,2.1170739260794,2.73718785154536,3.43120690215223,4.21227576319127,2.95610359763838,4.72703948539335,3.00943298325139,6.08501119505141,3.99193099039596,-0.429164824910768,1.70239241197191,4.31095317783228,2.23646795610129,9.22813444412288,3.67707423856785,1.12484315280626,-2.89027468759444,1.16817847225386,3.26005104221955,4.72469153100768,5.04211601096192,5.25300499202568,2.61923506492415,1.59345869173259,1.93374654030293,0.044413282641814,9.14236632307675,2.45650471030778,7.25779470034345,2.18002551551841,5.07198731220398,1.77174031392924,4.67786581691199,1.37724578199811,7.1633064890099,6.45759425681634,7.03405131335632,5.38369342544306,4.33669809164612,2.52446452446124,-0.053338427133538,4.19507339759086,1.14618863449265,2.42575323299949,3.48541545252698,-0.828842806871595,6.20045761028166,2.81295654635202,5.83826535992501,3.00175849029071,4.15884875543876,6.52896474180375,4.16640992653709,-2.84242922441968,1.68938092822649,4.5575517777232,5.15631295590233,0.575147895744566,-1.03512409074658,1.43840862087834,1.47523279045442,4.59425486098948,0.494737081748023,2.08645218411656,0.668615308297317,2.95985848379363,4.52059391271506,2.63992221482197,0.513418369363579,4.94752426828639,2.90699805360135,0.00509370035045587,0.840384979574206,2.60297196433364,0.673318084196504,5.08824002440524,1.08298804794523,0.154009673661282,5.52204062873635,4.0574716958493,3.99073639330855,2.16085122794899,2.85311716803228,1.603585801259,0.0893820827810798,3.29403637251202,6.58233687178935,2.15586007343712,6.86633069109441,5.53126978781633,2.12177784703728,-0.165008101980303,1.97804964819717,-0.334957003806205,3.22090155747229,2.10337127996222,4.73549146453921,1.52846133688703,5.95377563603231,1.98305668533543,3.89191210587036,-0.280659998099895,5.86080379699322,-1.25396638359653,4.98445268294389,1.85025397606838,-0.44327341460738,1.51651349326579,-0.557376750435819,5.55679681394703,4.67711275352806,1.50061518460541,1.49900830095963,4.29475475658535,2.39990097594895,4.38004052600581,-0.504122497923722,0.292275131454189,4.65435087964987,4.44365504556492,2.68282568833846,1.36522925902427,6.6191757650965,-1.99188356484069,4.2392323969231,1.94249273057742,3.683788879462,3.62339359031727,3.45511619772142,3.74980229301975,4.29147320570674,0.592358080937658,7.76643091196335,5.37373083629554,0.770355201404661,1.70635314256079,5.98020856914575,3.41399186420907,0.674790598377104,2.7153902497427,3.10347969009262,4.27038109828474,7.66119938179457,4.51248226110225,4.79117290247819,1.9691197332701,6.30225357602575,2.03237082081983,2.71591447592868,4.47187633873979,2.72348132000596,-0.446718205222602,5.38088668446181,0.0151423528071524,0.775851758834962,0.465290933473938,2.33018912646667,4.23579873879137,2.79277881893999,3.75802167631898,3.95091735627515,3.79979967160425,0.417850307301143,4.94313477861,1.68612287215789,2.46483372160346,2.29325120328968,3.14741967682241,3.95723971567788,0.632500281272681,5.44379611044153,4.73471634088721,1.02510741971701,1.75973934746641,3.77222050340172,3.33690455774707,-1.61243280008367,0.242495700496052,6.05804786500751,6.88411704559355,3.95149668010564,4.17676197799399,2.56217509971652,4.65922760533652,3.99539341548674,-1.09235270554903,0.121898088420752,7.46363548796024,1.68313545078359,4.14392743135723,6.67711504583704,6.29137118673332,2.28963333747343,3.0678420976817,2.99182175826103,2.89655705297324,3.63234880592779,-0.629108770535161,3.37517899106717,4.05915647856547,7.29757136051524,5.81789683347111,1.68006468077649,1.35172947807835,3.93468904745917,5.00532914984544,2.56003794531319,4.73306922268066,5.1779019646361,4.50323267081958,1.13095802110224,0.773428474276268,-0.871339203215224,3.53527752405087,4.88768257530508,5.06818088011104,2.5717856079155,5.15775952647041,0.51485126490426,3.7720073851006,-0.0654553599135168,-0.924940336786541,3.40318112588283,4.670842665891,3.66181441446343,2.12537692371327,4.70528098711709,-1.10013576542626,-0.544965569817673,3.55612444135029,1.81798862163757,-1.00950235825785,0.974674095068401,3.06468335510488,3.08779132628562,2.73550060281816,0.272362828778451,8.12301044140372,2.25847862326223,6.81561932171051,0.84210736432231,4.68361935119987,-0.0929338178706258,4.96384392096385,1.77437740804661,1.84330521023293,5.670656951634,4.25068148907324,3.9663491762949,2.36923493077416,1.78971886696025,5.68630179505031,2.85781317140245,4.39308527266379,3.71693738923629,6.98278374001085,1.10799622529417,6.10397913093256,-0.356070246817235,9.46852662076487,1.32916418966156,2.01004176077911,3.26519997427576,0.997492635484945,1.1793571134571,0.574082439378812,2.99679537424408,3.07134519479935,3.29735219153972,2.05991189808984,-0.0921851396804771,0.426311790664093,0.86017215037905,2.38791932304812,4.3685555586965,5.77732781671809,6.48202793762551,0.289816121260254,3.11458092268651,1.71123871417771,4.96136188442636,6.4107090907971,5.14208436227224,5.27275396435547,4.51189936782256,2.35144034657196,2.08295174851664,0.195532931610284,5.09147839817786,1.59450784689097,1.38423028875806,2.33914774702016,5.42290705894556,5.95063737794104,0.882376178649348,-0.125909047402946,5.251182593304,4.59384215294661,0.17434489794331,2.72019128906829,-1.10532974643583,1.54236120761579,3.41230519874021,3.70350710289049,1.72383973861867,5.53384247931261,1.21261567857254,3.1600635254356,2.43954312980054,5.68135009322856,6.97865081585859,3.30567774310323,3.06131048269236,2.38612813190581,3.9435538595221,1.61246014902364,5.83137071580738,3.82403141729977,4.97073329094045,5.61774256132984,-0.923799893255552,2.99519839388696,4.56134735377206,1.79373988987792,0.975063230097009,0.787983758751234,3.12606299545318,-1.13770312863232,6.31289698121702,0.911539153733202,3.20109982150352,1.98400394089074,5.76881818238763,1.3878102678461,6.637349039918,0.356047158002996,-1.99239814183347,-2.10272977790929,-2.29524305132665,-1.12143705425316,-0.152718665591843,-1.69283258873286,-1.08761582233178,-0.587323373437906,1.06857209554227,-3.07808251447462,-0.909387909253431,3.38456875223172,-2.07579041603125,-3.03989665688021,-0.842467173973021,1.20870948176572,-1.76339147586532,-2.87612094798378,-2.41680983246149,2.49093680176363,-1.9122708925752,-0.555702894797265,-0.660674837540017,-1.00834692912304,-0.103522347223012,-0.962465542122464,-0.713909713295873,-2.30308098545145,-0.272686595675308,0.0312503378842302,3.27828766438282,1.14140420609781,-0.310379202802921,0.631125912036919,1.44361438268911,-3.86150527905358,-0.20277459983937,3.27136644443795,-2.56178487413042,-1.21971290410501,-3.38860920363792,-1.9443015907042,-2.32093122966905,-0.464677605934849,2.66802875419629,-1.93016395889404,-3.66200033242921,-2.54985113390514,-2.79754851071044,-0.613228910311121,0.143187123017853,2.53471863911481,-0.671110833179155,-3.26974984348028,-1.86548407536756,-0.0775139687021553,-0.254705440875655,-2.35902832746756,0.930970164789433,-2.33653762483202,-3.30415957695772,-1.78517148864695,-1.14403665586473,-1.03738265496813,1.2891817182759,-2.68573117276809,-0.708846002888066,-0.191765494388345,-0.167821876370863,-2.36678024957407,1.90940098879753,1.99057057652909,0.516393657483287,-1.87122766367202,-3.13029794364692,0.150675177954091,-4.25434324177269,-2.42499990912284,-0.579423062015875,3.53353355914159,-0.118599121601025,0.956670637474198,-1.24258091697194,-0.574428387438603,-2.01613840654517,-0.852045869246087,1.44071173439734,0.459178234238074,-0.957243171546991,-4.56116469512374,-0.280891456429408,0.109383431091116,-1.08827981042017,-2.18144778613335,-2.75444771390669,-1.9086018160931,1.32288389990713,-2.77309758629336,2.35077090955812,1.60803597757283,-0.217939570421165,-0.562368481394345,-1.56856360877063,0.519651538792673,0.470503468006582,-4.4248212785336,-0.986836513849362,-3.02459692019646,-1.55352279112722,1.8112413124538,-0.705610892392879,-3.06282544182902,-2.93398361632337,0.0438379642593592,-3.83984454811152,1.14882548085263,-2.5451255441562,-2.93569331359215,-0.21270845850795,0.220357589375272,-0.605847189826864,-0.158293919750236
"26",0.915127903862582,5.59814961149229,2.78817147140219,4.41302567853536,3.08480358446779,0.085598467441768,0.540252649233603,3.93786365611581,5.60139103993814,1.18171447435942,3.78876612908015,0.432126688944887,1.23999359540066,7.0999578268087,2.56383469155877,3.37506423462957,-0.0845734490788121,2.55347417443686,6.05965430142733,0.809261021828643,4.15241403763422,5.53481405386007,3.92825271955989,4.6229249847552,1.73760252044765,4.8234831010328,3.38368344034759,1.26319527809309,5.22970334263536,2.19598071193217,1.81674972946116,2.37118305135977,3.0389052692591,1.86806195818408,3.43787013148011,5.15805000722764,5.51074245314262,4.46883759185575,2.0787790706981,1.27444757684822,6.44896051086296,1.76604816571508,5.38732361063003,0.704120652936282,-0.418353420996573,4.31153246099803,2.88829417621214,5.12560319855033,-0.633941911273515,1.70757673138183,2.50126409559432,6.72704384160736,-0.650532119684938,3.21760596606596,3.15990944157676,1.43568629563899,3.25455362801151,3.34713864226146,6.53527921375632,3.92155387601197,1.5111071746557,5.06799728159477,2.95177076640684,5.31851011505544,3.19937859769454,6.75580522781337,0.709406990318552,2.9055016008758,0.609733717288619,0.446645733947802,4.68959985578844,2.88485124331372,2.07678091871649,2.84755699060744,3.83790967633359,1.88894880187692,5.40618604154814,4.94942062231423,1.71347090162587,-0.844250938965164,4.76685319562911,4.15998166803349,0.237912383719983,2.25389762190093,-2.35057482936142,3.02120946253059,1.78498416866382,4.32666866648232,3.78550867510082,7.04828849414221,3.8922277750051,0.483953745478679,2.37835434034762,1.44651450303377,2.48239292144201,3.05307516504368,3.86848935162875,7.3511908539477,4.47376182178388,5.34760111152857,0.56338294401107,2.46889945880913,4.03448154735042,4.22287236401532,1.97388668251265,4.82766168110127,4.02298048684978,2.82935036994268,2.27567919312768,2.08873319682445,4.05422362803822,7.42029341236671,3.68667581506694,4.3141192341858,3.61889526423524,5.35542807495011,-2.19291308187029,5.39019789220036,0.990590174861266,-0.079597463524788,1.47047317294922,2.15839460795109,4.2052984497778,2.28125224722741,0.17339997542615,1.00682988215045,2.54066527108971,1.87041764009081,4.80242669055833,3.29381150925858,3.50745694918935,4.25228150666162,5.22763578573546,3.95250217347697,2.19442054088446,3.37018313432337,4.63686676369479,1.93333588281623,3.52923035409372,5.31719265567871,2.2397040868723,1.4154442115542,3.72675559917098,2.19719298916024,3.8399299798223,4.8178521412269,4.65503373692229,3.93284114863708,-0.443950679951199,0.471240823825458,4.6482087718459,0.494950776404866,2.94312550232577,4.50844875785826,3.14764678783116,0.50762330243064,3.52851089155689,2.65815092878312,2.95809993918496,4.87351933919449,5.05668219873456,5.05634046573055,2.19915329300591,2.69149576332776,3.37224607861935,3.08413228835304,5.94672356345995,4.36753714495436,1.00198460734118,6.42193151713827,3.20996476089092,3.20996272306278,3.21096699383744,2.86268108667242,1.14679138623456,-0.305304174333926,3.43415726507418,1.3014622786389,4.76193080984957,5.40439948495034,3.07813956066008,1.52531135139803,1.13701846772029,0.739762891231707,2.52707574602637,0.230707740829343,5.08254766393189,-0.328981844499815,3.077004871114,2.96257548079249,6.90283418071309,5.00894290185027,2.58867030773228,1.62130756897806,1.05430470422238,1.66453334761686,1.67872045655031,4.36366210845646,3.60980558936273,1.85332239305843,5.36174905258315,4.20584958914995,1.04179198857528,3.87667677856032,4.62259734584696,4.33070385285417,1.26669385787633,4.15940376739278,4.27790160569759,4.02098935205068,1.66471419423485,1.12470145133704,-0.57442041339613,5.14158164831609,0.726122696862354,5.34414782273658,4.49015937425107,3.86223121288137,6.99690454577174,3.86302423708124,4.63724331871856,2.66313998629807,5.91222201463576,1.29891402879955,2.28550809758468,4.25174557051321,1.51277240353051,0.932612099918551,1.21885194532414,0.556123929276314,6.77865585566085,3.91494978907248,3.33249493901013,3.45679881025602,1.39816305770896,0.119331602028081,3.81276113848237,6.48131821573063,3.75513649827736,1.92308097933814,6.00569125002501,4.09360150600289,1.55493260184464,2.22234958813088,3.7368189314101,0.816019488449986,7.17306330307945,0.731419208556587,0.711928931813207,5.73700957941458,5.93074843293409,-0.542075783727782,-1.60744048171752,3.47074865674345,5.37552929589477,3.70760241936816,3.87288802347757,3.63686564177991,2.026926076614,2.53032039836957,3.03857848959666,6.27671228100378,1.58066600748391,4.13884827645439,5.94190197520995,2.05348498964896,3.61014048673723,3.84623318068535,2.31496611369968,3.46649917509989,-4.27387009282139,0.730779727605832,2.11247187919491,3.7604566792175,2.29391162246144,4.92557329529551,-0.311670598618151,1.93431999637424,3.64137140647766,-0.364858799746941,3.19219911249837,4.01897171348704,0.722151963554697,4.44915010842399,1.55142052058692,3.45794642849269,3.39466711610647,2.39547425390592,0.896173808077126,3.161040372555,1.63927906189111,4.53876775382933,-1.69869632429051,3.24402274749885,-0.232775032373432,0.799157208936126,0.964432007434352,5.13442938471001,-1.54935589373286,1.21448824720881,1.82447817450463,3.26305129220763,-2.38166388125647,3.48346428211443,4.41350981393578,4.09634821949286,2.59186958956464,5.72699359638323,0.956110374914179,3.42098705660713,3.41153761981294,0.683491168094069,1.80519714125501,3.853877730598,3.12565418129034,2.63929706539188,2.57177092246514,4.62731603785334,6.9749859657665,4.35032991776907,3.4308112832916,3.49728300264322,5.93334419716883,0.484624791346346,1.30795563489992,2.18009468148878,1.03849855553951,3.57223269517064,5.29473167966816,5.00834726655114,5.38861113424476,3.05208623983223,3.6477423290272,1.99740303633433,1.55812066137478,2.62932785123809,5.57963621873684,2.45760473098928,2.59757138808411,-2.35000173953798,4.24623218945762,-0.788192425592209,3.64554229383277,2.58172485200663,5.25398641094371,0.926685124660334,3.79643446949049,2.00329519943175,4.79338630060492,2.53409523383648,3.6469998591057,2.37196296953143,-1.1736895151699,1.98285714876616,3.71729038619394,2.51960671006882,3.87225580261737,1.29188616274606,0.099490540333425,4.68371070902082,1.61881187853229,5.55436356780496,4.87664818006548,1.2930286607553,6.85629332419464,0.36659977585468,4.67912654468592,0.838924906065696,6.63950921148465,2.1458461538438,2.61267255264145,2.54810520914522,3.85044695803454,5.34841725883942,0.940214021166633,5.97384711982188,-0.0306055139969921,3.33168967514316,7.71856283317743,0.661410516173818,4.24055840576603,4.38119832335179,6.30370742277279,0.927059810559566,3.00668536670004,0.0193643419941445,-0.183556618457207,4.08945310468417,1.3759043096795,0.10313102139633,4.07886376061677,5.62546992816315,0.153457833689971,1.48332406600002,1.31804192703517,5.87790533176243,3.26041777871958,4.29870133666054,1.91297620963964,4.34896463379615,3.25575581120579,3.95820834889129,4.1359778005509,1.93440634607081,4.60670530376047,3.26547472207524,2.50203872215508,2.06994822290449,1.5279264330202,1.4918380912041,2.00635129619249,-1.9583120115076,2.62066559821132,6.22051021855106,3.49053692395908,3.9819624844613,3.96230199093308,3.07991465578896,3.88712077163702,1.93526408170493,4.38856929038676,-0.392374975365748,4.21096908187304,2.81631249838358,0.0270173877338364,-0.558880046826058,1.82311814614038,4.2018350625849,3.78077467927649,-0.112587679539893,3.20171687083987,6.12422900719676,3.64550257727947,1.45018748872539,4.9884909539469,3.57973075130011,2.71380310251442,3.96453310934118,-0.574987026820637,4.67666047560382,3.68539832547949,3.28035054512275,4.95069169018278,2.71049956984532,5.03811427397968,3.89078323213519,-0.0837486982213487,1.71842284758511,3.54423825243243,6.48613335065848,5.15018537091963,2.44068236582621,1.83239738247478,2.34204968770858,-0.637135926654374,1.47871577157602,5.99204396390512,1.55743297255926,8.07079925504811,2.03570445471832,1.59925097614419,2.80318068651083,4.03532592010627,4.29832097313207,1.47960578346667,2.5805543779718,5.70364487245428,2.69511207619392,4.25699168718825,1.96767213854464,3.21682172019874,5.69301040207103,2.4044232045614,5.42761841602664,2.84486439287443,0.677662303049357,3.48732609207453,0.934493487609378,0.431412673714293,2.04488867804338,5.74986752552901,6.56026797595689,6.11662097456404,3.67715879217157,2.69873917519404,4.3065011433768,3.11614868545356,2.2519579195963,3.74994212429834,2.79085904114004,3.00749325375763,7.90704426466116,0.984081191589824,0.191769116185738,6.70836375531068,2.47194101053226,6.54055734447029,4.32304985688555,2.58422760617957,1.75502359034476,4.22391223268515,4.86572667717116,1.78329572579,0.318550928466053,4.57280519492891,0.275910578683913,4.88502184996557,2.65523058403981,4.36323183329298,5.47913798099546,6.13731891098646,5.53903888191598,2.36812543386578,0.424130022642768,4.68604910450185,2.56284386149556,2.96108277681262,2.93589299371109,0.383398411356436,4.38408998968132,5.93751453689944,6.08161171395925,5.77640397082967,3.19924602664324,2.64309419215714,1.87096603133373,7.50163183315986,2.38806358463315,5.66207675430767,2.92702165735346,3.88087259974298,3.88253256863014,3.03886433452418,2.70455674871983,4.73964379068975,3.21695327979134,5.38604414112742,4.56101305740754,2.96359726495717,4.79872139961028,3.57122685537894,2.53791748012703,5.48500137058907,1.62476048500983,1.98881599629251,1.96976370835208,2.42217064003314,3.38825985780463,2.60989175644199,1.77526131939194,5.54012694605438,2.16244668846312,-1.38856531153668,3.03960006366055,5.3353171036218,3.62785730075331,4.51805560181434,4.60473236143331,3.83983617119431,2.74610761499541,3.1015343856399,1.00653087059179,-1.40387137543746,3.89750331498818,6.57879905841134,2.13872389638308,4.15934111321197,2.6889461883077,1.69093592066692,0.4582717135566,-0.303689903080807,0.657990731003475,4.30445545250246,2.99362843424407,3.69376214214285,2.55875498211241,2.65914257018564,3.68188527129815,4.14627589419333,1.93190591324302,4.76160602040842,2.75852205525924,5.2371798335779,3.87596332199307,8.16392500713251,3.87241888942211,2.7724091704699,0.663257913288883,5.18840043913098,1.68224757097457,0.542801965914449,3.96878856686638,2.65513786149528,2.07283304347239,3.61450537710762,4.40294254451792,4.93470992072202,1.72525344066527,5.21142128218826,3.22435554492591,5.84807013445556,1.17939108513151,5.79186105266672,-2.08055849122174,-0.369517427604714,-4.81569833088629,-3.48601060827828,0.624246119062002,-4.79926531914443,1.65533288218658,-2.76488155403578,2.4625247536919,-7.17031877042952,-1.81126260422892,-1.2809899375504,-4.64898837112861,-4.11570803089532,-2.38985787176935,-5.53649763370392,-0.320318357278163,-0.0663622805483129,1.60898508741481,1.27255929075445,-5.92836822697004,-1.31034189236755,-1.02085728223799,-0.737658804444692,-2.71150187102373,-2.59796993788992,1.06047747171135,-1.94151420751363,-2.19195361292823,-0.519166301067226,1.00079031628681,1.18012207633208,-0.338086295276684,-0.995888663179428,-4.28449302003852,1.65136734506908,1.64762913189781,-0.138162494842008,-3.28576660952245,-3.81339668227946,0.984696474399239,-1.62842621894821,-1.45844095225446,2.25747633912668,-1.23612005475584,-1.48785741919841,-2.60719676775484,-3.31875362079368,0.417520910992895,-1.97662836379779,-4.6679709302727,-2.86646674963052,-2.19212015841661,-0.0833428526344479,3.44883118246418,-2.31603336454465,-1.7991566102746,-4.469904243999,0.1990334782027,-0.944150679555165,-0.956793073106225,-1.40338687866009,1.09563105825638,0.977959475854205,0.644892924655076,-2.52333730259765,1.20758274628705,-1.63468990088538,-2.87822808433342,-1.16175214711282,-2.19511048174673,-0.639199265674647,-1.22270564071858,-0.173730819756956,-1.33012899252495,-2.98673808846857,1.77248860890161,-1.65633772639544,-0.71957855944677,0.7544075351975,0.945654463714485,-1.34646756326507,-0.340870379352468,0.110294227875198,-1.69394425785019,0.705099861030733,-1.40716421282946,-1.29181669717248,2.15280786469533,-0.143303309582886,-0.387341005749294,-1.03250662798085,-0.226077006204267,-2.65649037253153,-0.777331616177304,1.61963462608135,0.108895375141755,-1.39104030848794,-3.65725549825015,-2.79099363918354,-2.25565261409867,-2.67004719405891,-2.20426771518151,1.23922708635182,-1.15239956126273,0.699059955894765,-2.48298049592977,-0.759192624260953,0.0187985411223597,-4.05180659049861,4.55815510060624,-4.66743612481419,2.06407938791532,-1.13571129678263,-1.33075887754683,-0.406606662195179,-2.47306106553986
"27",2.07551615571114,4.62406579825053,1.35111299598126,4.94932915595207,0.589690813098681,0.467818591926827,5.33909657469347,0.873537253497398,-1.50412058008785,1.76816651542575,4.04855045993819,3.14802283339806,5.87208528853865,5.90072939090273,4.38912134524384,6.40771181577466,3.7859010759399,2.9148368727184,4.94394390340326,1.76367740927212,2.87149717493063,2.86365237982842,5.32143544672114,2.84924006236927,0.369185976552886,4.78338065270203,1.25241180739558,7.78558975195631,1.19290110340321,0.504310445560011,5.13201340134657,2.74520936305975,3.33332726457494,2.54022372689952,1.32928911683317,2.49521728606816,3.70528688589408,0.167424872412155,2.57491086397043,3.76395601113899,1.0011941216468,1.44650483156297,4.02861999702004,5.20094996579624,3.81907645481476,3.96140399813237,2.83370246526947,4.81787142243254,3.2862087692791,3.06573219806346,4.53907631973476,2.19168919260787,2.28191507948739,3.83477881843763,5.09921543980766,5.75686435519885,3.1481171740825,3.37470100158212,2.49981302984553,6.37103774873662,-0.406594871484367,4.82680013347555,3.07030984748506,6.40473615967187,6.54949652835662,-0.597692816116357,3.42893296531551,5.74683683391394,1.76415869422031,4.58675911773167,0.321565415297909,2.08765434278765,4.42386277803072,1.34477976170898,2.64558317467645,-1.33193610033918,1.36344790647382,3.73742459227946,1.49086972426706,3.84513403766245,5.15088687397807,5.30169508127429,6.92190680283136,3.72899426338006,2.10827998061761,2.04489386044396,2.98389071130762,4.55037032037754,3.30422120793281,7.11462151877492,0.872568126149309,3.36564900198248,3.2805635151232,1.27952169568847,0.403884488646287,4.4989187195704,3.51402144540063,5.03477834856978,3.41454629333199,4.96607071889416,1.78463401466993,1.19835526938117,2.61222728492918,0.597652841381923,-2.41353165862846,4.19771095760113,3.21773062655177,3.23466016986279,3.78574423983735,2.64598331745363,1.98461459016535,0.610168313496626,4.76265067207113,2.96774101479593,6.02559754297715,3.46703530741803,3.73879909812941,2.2101808186989,-1.73692098777297,6.28094406935661,2.35145638046995,7.85678603363997,6.22578417308608,1.30543726861251,3.39032973484192,4.44890608611824,4.33057085447305,4.63160822241078,4.7931762236856,2.50382208936474,3.84086337518479,2.72162311046898,6.80990415408186,5.74251319686788,2.31144810700711,0.926130359353362,-0.302198237219856,0.23936369237522,3.13573412033027,3.39681490043824,4.6009570173177,2.71101621472569,2.03375129094599,5.48736599474819,2.47719069501332,5.01704854206255,0.833526681545483,1.08023311697216,2.19746215510214,4.07669224186097,4.86575830260412,4.67288785644454,4.70621174485693,2.62920550482463,2.79534217712044,3.77286812077841,0.011180296296831,1.53352756099626,4.28620910511942,1.91542965484929,3.27738169011147,1.55086992820674,5.23829475058184,-0.742513419542088,1.91875283004882,1.54445023868984,1.644207496038,-0.953413044539787,1.45620350163975,3.88728769852916,4.77129338396076,0.383829440878464,3.01219284932414,1.67446561019429,4.30754913027689,3.026808112126,3.97311194593023,1.47524177680969,4.66802499048101,4.11312773416166,3.73611077485542,-0.815950021504241,-1.26611532640728,4.98000164079956,2.36441747385512,5.63672446607675,-0.494308965195576,5.18758254927588,2.19422370912565,2.91115833332133,3.26760483619443,1.66606525966785,5.40073790830478,3.64799026021014,5.87792187234325,0.937144368047417,0.766542639361836,0.154672214535929,3.92923580249993,4.12635094757138,6.76863931153725,2.85314712934805,2.32069556826837,2.00639170678904,5.38251036073681,6.69972742300663,6.04076692349853,1.22797788088402,1.0222666081294,5.45587905819145,2.31063318156878,3.36064567288646,0.193630191924671,5.73679175085581,2.00373945431529,5.25595602111339,3.20141258565341,1.59316461236082,5.37913750642118,0.392403011927846,1.92939371534908,5.36322300875411,2.58618112244637,2.38058918684599,2.21484461315226,2.43089442463943,3.72129965041238,0.607730669583583,4.77799473696967,1.96530683324365,3.46089212824227,0.00196591865523477,2.58817192317319,3.64108003264209,3.97335142572124,1.64412327984524,2.57028659979636,4.70307045467945,6.6127932856948,4.79468081978533,6.14759941003826,2.96816271216075,4.64380628612448,4.55741960756633,0.791796752112749,2.99466972676193,7.50706971607556,3.87948494473285,5.75673278403798,3.83148284898333,4.46420701579359,1.03729550498634,2.51261547900066,5.59876096496725,5.02458774371188,2.31164126471296,7.09199049094817,2.65012834267276,4.82053074669809,-1.33089066147398,0.210544798589883,5.4359539171112,0.811285264740099,3.78059624819563,2.54406805839773,3.70010561393201,3.23509135348141,3.2123850052278,4.70677705701369,2.54463773784713,0.735463223181082,-1.41658407020606,-0.628265575251343,7.51382899293659,2.63032730091552,2.06079104758044,-0.0981479193570163,3.78540120121071,-0.867948465336705,5.15142841768669,5.08314102226391,5.29476329114808,3.91852151452311,4.18162826022477,0.904466147633514,2.63848267611583,3.11446679886338,3.12109890919761,1.69897179355221,4.94773478206154,4.43078182619693,3.26331035283519,0.438033357247322,0.818435074442116,3.62387330938852,4.48226149841859,2.94097721534776,0.569511600858828,4.72407246145689,5.80754959461635,-1.27889108918501,2.63927879923862,-0.000729683518468249,3.31423658955882,4.58408770976562,1.54045252114507,4.76075832253279,6.7314706509422,0.423489270865042,-0.0240385130353595,2.58729999613974,2.36815502237486,4.33234455659378,0.462891702268661,1.11790522619931,7.92906617654784,1.94977597018399,2.23037804347239,3.7814620405992,3.22813875641884,4.89137073479348,1.79321447942986,0.366856551354166,0.803955830073586,3.80347680664382,0.538848293531252,-0.874652222848043,2.52695531947154,2.54907956943828,2.06740197315342,5.91474095729478,-0.488866876025284,1.6308410065548,5.37406175218591,4.22883880037297,3.42504419748133,0.641532562431376,4.48956179202419,0.429485609922015,0.723270660623664,1.16674342427901,3.90198733450189,0.594599760081286,-0.642870709950507,3.37757302479143,-0.0139830004446728,4.71441283959838,2.39582936737021,5.87066254664091,1.38573079987116,7.31476978801348,-0.406859606004858,3.25172906476928,7.44083852499465,4.04951732691326,1.48852472345679,-0.498858559897481,4.82888838938348,5.03806344754599,1.00849559336906,6.74027780216484,2.83066021923508,2.21616385331363,0.0875892772433695,7.05003396800342,1.59665935376384,2.37225173202969,0.41636946592628,0.414002600041891,4.13820631681877,3.94544634658639,3.50174415612378,3.50171996623802,3.1452649549719,1.71678206452152,4.6474949314035,4.85243480330127,1.12522670540368,4.67709592968048,4.93346238162714,1.73136149176352,3.58789904665965,-0.895710513223255,2.84609480205055,5.11489766211455,4.27940861574819,0.9032749729079,1.99462175881671,3.62704777393023,5.09258917053819,4.30017086945467,4.23593662842881,2.09839477157774,1.92636776867333,4.01140445908378,3.03043240207925,4.31725554875281,0.846231862560086,5.73315860233334,5.91820874705259,5.0041087243884,2.48896970364537,4.59825053371719,4.15620343232034,3.77169228556134,-3.316509232102,6.06373174101648,7.42241884418276,5.2796155285722,3.0365060721627,3.38504550848354,3.82281107895471,3.312520053429,6.52237035150546,2.17968486242404,2.75757925132307,-0.768762955938819,0.121788276540796,4.95635029643631,2.57845088484668,4.61934447102954,3.2830931502147,5.54970509608483,5.77187152012863,5.39653680222389,0.921268118393014,1.4697248895504,-1.01758005570722,2.79424097653257,2.96022010387934,4.34767626539853,1.26563551859645,2.27840358555312,2.66350464765137,4.79611818306158,4.55226629435527,3.06442557985363,3.03974300145649,2.01564142809641,6.01630264887144,2.68253112356782,5.07056864608052,2.98333562454682,-0.910498914440264,-0.884744847121059,-0.105153441732786,2.4114466257074,2.64992621379045,2.99054581465941,2.30105568827822,6.77797160011617,5.60573313005143,3.16177425869897,2.99206558036461,2.5256188467406,1.76826491293175,3.24892201054508,0.457865184679997,0.607982531861593,7.20605111093037,0.330452492569818,5.35490474349761,2.18016189823652,1.40008752021555,0.942257855312786,-1.79354803696645,3.7275765662246,3.68674730834189,4.11615816907689,1.85180136095702,1.74064615275612,1.42028096650178,0.562077158032807,5.34974100097441,5.34115021961714,1.92473074937011,0.854706072741316,2.28613401000674,2.34145189009675,0.704030393040301,1.93538335117617,5.38134465524202,4.71364341891312,1.32458288766423,3.76175674593562,2.31855773444952,3.43182812899577,3.44393168997789,1.11172860247778,0.1327680883938,2.58462650824712,1.42836717160077,6.29131523343133,1.32523856019814,3.87656007891774,5.26621614831091,2.30575248411481,1.19326623075454,1.71671319810923,2.27062265916665,5.47293845778579,1.82798558354382,4.80718836373286,3.08393040958199,3.41121722020456,1.3430119244761,3.17342912934355,4.09057905030572,3.96201065826811,0.0572490939226373,4.12463383262701,2.93877464892726,2.78644942480488,2.20278112251756,3.83550106138793,2.13640371819409,2.86952787437678,4.2747860354145,5.72618873695059,0.997999930629734,3.95310626821639,1.61290224488256,1.47676268741464,2.43474631155711,3.58107642290663,3.23268347029097,2.36571489680464,3.59490943621848,0.0797502177159966,1.07367669432941,4.268101584295,3.08822534818812,3.76890958445319,3.13797550362117,5.15941968393808,1.96867942766471,1.57164023160726,2.31413895268827,1.21635523568966,1.14086408036826,3.41263862769631,6.0502483584841,2.07166763078066,5.27661630543181,3.11231345395065,4.01400683330113,1.97337969999233,3.18839420461801,1.97843718110666,5.39827930437461,-2.38672118282508,-0.807643833253351,-3.79476522515184,1.38814420895927,-0.00126092488316187,-0.314577089805314,-0.0607359993068628,-4.20761065303707,-0.930602973382499,0.591500690028829,-2.20860803949595,-2.90653143186807,-2.33618971340448,-0.73872534389606,0.0982891905215815,-1.54174812861167,-0.649648289508438,-1.83824395317133,-1.26765172684797,0.905911367833049,-2.51525252903195,0.596500875339159,1.18468562011431,-4.43025414532014,1.47706799394883,-3.07283853286089,-0.867887769186284,-5.44457410304387,1.33591806080404,-2.11308971564803,1.49407510305405,0.315178883763935,-2.89218557190167,2.33327190188672,-1.4733238508372,1.93404235358797,-1.28219066256195,0.959096486835611,0.802283988349326,0.378958977387984,-1.14176878869825,-5.4690750893483,4.28226783812355,-0.445517462487279,-2.11222687061171,-3.63999496896536,3.58799796974865,-7.69282665159763,0.217818743944507,0.69986842492609,-1.01077305080605,-3.63042188602653,2.42071030895559,-1.40392810361435,-5.23323092766501,-2.06617398646602,1.0146829960097,-0.801282871698524,1.30960860720729,0.945764366884219,-4.24538096088544,-0.770214634818127,1.48543247657601,-1.10016228680704,-2.18406199430213,-2.34088111587654,0.0341147053424278,-1.10539814651915,0.257610538632217,-2.75485095179171,-3.06597790291191,-3.4919429379501,-0.850976868676184,0.380605856396424,-2.19851666758014,-3.2656171428345,3.30674004709869,-2.2019428311662,0.48876327210817,3.11364346470851,-2.41343714271474,-2.50592106754325,3.01234942129284,-1.44430583757446,-0.306709536432125,1.50523252799567,-2.94185134512087,-0.710325644982666,0.839908815556723,0.478907495428847,-1.87102510696146,-0.629903001822105,0.424828171569352,-4.01889744610809,0.510381101047177,-3.98406701786869,1.80002146890691,-4.68625230112702,-0.168315381488203,-1.95820090917289,0.269895032635112,-2.40270824837169,-0.206484201349228,-2.21653572326439,0.752087589268048,-2.7929109343662,-1.9820506165727,-3.37646781416042,-2.10815726525244,0.198329592091493,1.474981323376,3.82965904645402,0.740518946281221,1.58276711339575,-3.75394842499824,0.288285368551703,-2.29452053018089,-2.30998233331925,-4.5721562450305,0.206723108148044,-1.22378175663929,0.711961320676267,2.11302999167359,-1.3613702732921,-1.28957423336431,-0.415687154186509,-0.465657218315236,-1.92698599254936,1.63901011653484,0.182160285465548,0.254060536485582,2.13456288531608,-0.567871490528377,2.12210649850588,-2.75895342658935,0.0377272676278297,-0.244056509314443,-4.56478872104626,-1.87562877932347,-1.11858167230549,2.44610220530265,-0.851452028619681,-0.736502220296461,-3.08646539872913,-3.93649639272463,2.03481683475611,2.42908918987285,2.15093965569562,0.672857703143498,-0.872433041826526,-1.6192770619203,-2.64116677740729,-1.36001830803912,-2.96918361863802,0.0624096274392087,-0.403548912820097,0.539890624925793,-2.78214896933461,-0.410649604084567,-1.25032872374972,-4.89790766475316,-2.73542639369304,-0.293396025838996,-1.75876041591195,0.264586134832816,-0.477327767991796,-0.266993261197673,-0.888752428293408,-2.63917176652549,-3.2359926227838
"28",4.03968702770892,2.80246705336045,3.213990402601,2.40722898950971,4.0811832817913,0.263574892906615,5.32541196361249,3.88278209356966,1.2911255675391,2.45351150013259,0.110027146558432,3.5580677819749,1.85703867649092,3.57675717758222,4.03801383601611,5.35338883159044,0.561525648458207,5.59769223607412,2.90649739816895,5.84581175089275,3.11462767527011,2.86046365989779,3.84289337519502,0.366650675002545,4.08755539570414,5.64066951613963,2.80764686019914,4.2330882573334,5.08196631232592,4.24826545028129,2.28558269303086,3.82527501999108,2.37042974706876,2.32319114935285,0.893166437109421,4.01878524352979,3.70694472920834,2.96232690139222,5.85823059273628,2.93839671720768,-0.182760754148081,4.21133738051881,2.36376819067724,1.92329071495365,2.42792122496926,2.26345631803131,1.73165422957097,3.14646638433739,4.71838485094774,1.44672011776382,1.3407689247214,5.4228620750777,3.37193369391848,1.69924037751672,4.82154332519784,4.36022743157388,3.23037346058133,1.92946679289835,3.53107569243413,3.39410364807331,0.658012720406264,3.32159652936422,3.07285851753838,3.72263109835976,3.05747166126191,4.70957240674099,0.734109636834235,1.38784553540597,3.86332066078265,4.87085879983541,-0.376904896599311,-0.755965685900407,7.57247199262045,1.69991784850187,7.25707398741588,0.932277256656346,1.15833083298669,4.02369905173693,1.61798730207974,2.51900037814502,8.20738777405717,1.77847899729068,3.0421070971958,1.49677981429918,0.728478004554437,2.34412709175691,2.04378556746327,5.08528997375162,5.8052760293362,-0.739487205272316,2.89772673615322,2.5362781732547,3.78109957430844,2.82454306972199,1.15245906252055,3.54120713795118,7.72597054978327,3.42993238217936,5.5355731796615,4.37262966549325,-1.86449397568765,6.22598144275782,3.34488276935474,2.26755822924199,2.04504647552671,3.58417544525871,6.48619646611264,3.02841341556231,5.26907162485988,4.37783166042214,6.29792744487613,3.57100017330155,1.41541014184728,3.33963673374874,2.69728649127241,2.52781824690236,5.10201348147618,3.36005507959914,3.44938161816307,2.29248047681989,3.11853075824552,4.6924119282409,1.18255704297913,1.02103655223194,6.58931010932679,2.74779435161332,3.13029425797933,2.70678767645034,4.27050641908243,1.28926338385036,1.29894111508698,2.47821194518413,-0.768275417440328,-0.0134786877489437,1.23123247554672,0.999018410955951,1.92927765288641,4.55170404766593,5.78240809037077,2.46887682941808,1.74364594578505,1.93737742457406,3.88816104937578,1.94289134878938,4.13784278153673,2.90454281227249,1.77862512245517,2.2251454227388,3.24770434829454,1.88413140382271,0.561395505606186,0.884666475487707,1.43066940532526,-1.19686782912643,6.50885644669078,8.91594330334014,0.995268222369817,2.27858520921933,3.60895424089451,4.12073922213301,0.252749182156755,1.10047985620415,8.71924335396666,0.371830267212676,1.86136567207042,0.845329139729935,0.227666246824368,3.87240411589346,5.17475291272398,-0.85725684011555,0.197545521713792,0.185487474455764,0.436137100796699,1.71136486409765,0.973778035959623,4.71467425986728,2.60929758380933,5.77270154070939,3.20530318062682,7.28916134571013,4.55045614084622,1.96589674019892,3.93900458156379,0.212660126249048,6.11035743102267,2.48557351518375,6.58143479488441,5.10741483973456,3.08920513992515,1.0493987131913,2.51816822884958,4.64674116401774,7.98527034556995,2.51805805110526,2.2246378737368,4.91276425931308,2.13761298098267,4.45522206194433,3.11212678181322,4.41632478969509,1.01559222936786,3.56179024393032,0.98287896151308,5.53048446067713,8.03110726806919,2.76875541713993,0.363575155869362,5.52819190661362,1.15112486965423,2.92937161115538,1.79677959124798,4.83521217717697,4.74983124811749,3.20804756550899,3.18288904860812,-0.457998774994139,0.735896689476177,4.48236066011531,4.09464018418983,0.992187824053756,2.8210986722914,5.77415827429765,2.32805179602547,0.0250915520785124,3.95085701115725,2.89079066790476,1.2331180396214,4.90125711900914,6.03909633584967,2.41741069644526,3.59921139343768,5.39242770179719,4.49358166609443,-0.217381424584642,-0.539308193462661,3.77725887556418,2.3636708806224,4.00037172742721,1.0966190746807,1.30374555797397,0.696253294620346,2.65952268104102,7.73656493377647,5.11109677482114,4.41018069694796,6.63681217658586,-0.00777396905443428,-1.73574243765976,4.75035361978802,4.35861525726928,4.07187249540377,5.03592415202328,4.2813927053084,3.98370182142455,0.836326852440084,1.93197649864234,3.37882083651334,3.27021380419353,4.32850441659493,3.24140552284179,3.54347123873369,5.60456289346714,1.58582774545222,4.13060770904667,6.18743800495289,5.37149801084844,4.05182731394178,6.19039767617829,5.47964378719463,1.45501772476103,-1.01340621949072,4.84035258313551,5.02013457712935,1.31551095041967,1.77830796234772,1.72750356510521,2.95136410185318,2.69793173107472,3.15040237538216,1.14537024921223,4.41158546773698,0.477331429339052,3.06404749282752,2.79078488218646,2.43370486899821,0.682896411347906,3.8863049595622,2.15809409326561,4.98845922940656,1.85853169278261,4.50907520875321,3.11338841551819,5.13482704341569,-1.81233814916504,-0.440204927675688,4.57311969317054,6.26921389543717,1.14548152303174,4.16501747176849,4.30362107215467,1.90710510007606,0.688926927335764,1.89320538913043,1.92612064528356,6.64560878380017,-0.687917569690214,4.92897391752392,-0.142308615312448,1.0983157442673,-3.85817496472705,1.46993129301466,3.54667656376627,4.54207296118159,3.195125367587,3.74446563903385,4.02319882772193,2.56052838933516,6.0231138005593,1.5754702506744,2.93802997795406,3.08451079117371,5.68935011515282,2.82988672012758,6.94306344621395,5.58663765766616,1.53301311416114,4.18241156779449,2.09730760453807,5.72680693606101,0.803826074778475,-0.777507335635881,1.7474668889978,9.34534082774423,3.29888199047611,0.801508005042574,2.41238326265039,1.85018785788052,3.51237476319437,1.04293602124666,3.34184814548022,1.70999185866384,-1.66522300610651,1.0672547293571,1.92776913478718,1.66079194053562,-0.0724642794469363,1.48596934698339,3.57831754147454,4.12609455726466,3.15602043345681,2.43491720465243,0.63955552146873,4.77353403847074,3.17625091151003,2.83773869382825,4.31317377392994,-0.196390135281009,3.16318392587596,3.0843446396352,7.10117141133635,4.32793787579978,3.91422497018448,3.00106059581633,4.74133371699349,1.19484915211134,2.69804488265701,3.43905346688671,3.28176735565202,5.57716920753733,2.9662688650316,0.0267082276346744,4.28984755531338,6.43481367330891,3.39913871632586,5.16100335360914,5.55121893551576,4.84504110108792,4.23230384069069,1.7755401887221,0.991740758448768,7.28892056713835,-0.257612727559265,2.08060606826619,4.53661039787889,2.77657157083762,-1.21149702149909,1.33881995339075,5.39821231177064,1.94843656135111,3.99053193320036,5.60227221646625,0.974168750886652,0.431215769084345,-0.130952311501098,-0.567377719762955,3.50624854903007,4.22753344412004,5.5163868552325,2.15233692941003,4.95678102334126,5.77219197203227,0.0853966896097011,4.15088942960983,3.64104471735064,3.41138385202468,0.431895387587582,1.46261903826562,2.69614630740038,3.24141491059519,3.49220451959837,2.50686794540881,1.92866000201908,1.60513521737627,2.31005369919208,2.44428787661712,3.26108267152856,-0.157165383289672,2.4654094032317,3.58044243424067,3.07629258428023,5.05129407399754,2.90004282277667,3.52906279299342,0.281091695383434,5.81622512890649,3.21201015349067,2.37532105323803,0.498969743035288,5.69152181850811,0.519334018654986,-1.44517607573911,5.49496391728981,2.03831247555155,0.58092326131443,1.71973620121429,4.01680638135237,0.992319131326569,-0.633401330340941,4.73434956816437,3.41763963254651,7.06638380067516,4.01998813996742,-0.253568948262512,-1.08368554242384,2.77658214305985,2.26891627204123,3.79696656685273,4.46394912052998,4.31343487886156,2.46455698507428,5.24962185377969,2.36117400442572,3.28475207579424,1.07868792162347,2.19839399862327,2.09456872762379,2.50301161216457,3.87382838327382,2.18690285686891,0.801919855130405,2.32925525764294,-0.250552729584869,0.476542581557253,6.9994576676982,3.36326058599884,4.60382034153233,4.11371416563898,3.09784456654488,3.1024144882606,1.4311119979376,6.22007691459242,5.77423578951465,3.56334599902669,2.15704972762257,3.56530858206141,1.87058206515182,2.790259596556,4.72609663504625,5.90195631893059,1.86429533719597,3.03732685790636,3.157704543469,3.41120440989364,3.7646047621699,2.53383912169363,0.539989300277056,4.24307417449454,1.62679315032621,5.17065539320475,-0.848354302095933,-2.00159272624417,2.93947929030916,0.448777175200834,2.65009650674882,3.60415543698492,2.4332647992869,2.09421824417932,3.12990032414924,0.0613264274010366,4.37993365648021,1.0629305198039,2.65865316069022,2.11159403889781,1.59079392492439,3.27850084796519,-1.22597910392972,-1.12109819299626,-1.78382917670088,-1.78642670415373,-4.52775552407463,-0.205763123789309,-4.54573630118199,-0.80910506760227,-0.877116709431432,0.627124792979468,-1.98828042750672,-5.43233127844396,-0.231268036316444,-5.26571360505352,-1.76420494325907,-2.29634474187231,-1.34372351007994,2.91124502235813,-1.09864468162061,-3.3212048973585,-4.84014499474181,-1.31917247176724,0.187265271410121,3.43417076654818,0.272544562736821,-0.118876478082418,-2.76137970051954,0.261410542573128,-1.62564232056512,3.52673838419353,0.454017002145552,1.78716718554851,-1.86159016195285,-0.0729895721060112,0.705459701589205,-0.390960036285925,-0.109184882070303,-0.92598705410025,-1.4546873954969,-0.618819223158914,-1.9741111619304,1.8298421873559,-1.795151912382,-3.46249819558513,-1.18149003679461,-0.628793212819225,-3.06986557526634,-2.34718532320137,-3.10649753803508,-2.00545310049329,-0.198890584802578,-4.56341000596249,3.02871498059246,-1.00325822538178,-0.563520731861475,-2.50080715535102,-0.448303351752168,0.00525201717998303,-0.444709598213836,-2.18200634344614,-3.94118784827521,-1.87735255505761,-0.0457796470014417,-1.46951758186531,0.946571032696543,-0.320887139736406,0.0345399705593956,-1.69326014627286,-0.0489982414639846,-0.957943975655562,0.609616059470593,-0.215521455751505,-1.74002272876546,-0.547909916068464,2.46753364898324,-4.0223049605432,-1.46900538341614,-0.366767930003109,-4.98266433883803,-1.385923013293,0.126618580877061,-1.15981565864991,-3.223881751873,-2.05279883533883,-0.455192500174935,-3.0232274683191,-0.521317037712673,-2.82166814797763,1.61275012606362,-0.406842188604598,1.08098467907437,-0.371328494320819,-4.35646733765182,-0.204259278570111,0.0481497345131687,-3.01719480945956,4.0688679784931,-0.597411540111688,1.11470525609732,-0.783938757043257,0.0752952953037846,-1.30162208704902,-1.4548699566902,-1.69902957252347,1.27782230590601,-1.05157357248394,-2.15498012668002,-3.88441653908046,2.87583642757885,-1.44237573282868,-3.13597264436227,-0.0497499037973048,-2.49471354376243,-4.13056028274609,-0.39650256323259,1.69511814668407,-0.607172664553498,-4.59463067914554,-0.726326965894768,2.49265205997299,0.394857165433448,-0.322140117472309,-0.30023863265202,-3.42239531894936,1.77801823923489,1.05410841662945,-3.24736662335571,-5.80229950901509,-1.1629768011382,0.0504172299151564,1.45388529155696,-2.64090452647977,1.97579100847637,1.92485450858056,-0.254747568226623,-1.89637293130688,-2.20748876781691,0.816230159819798,-1.43798804958134,-1.12868197692453,-1.71388817404129,-3.87361714514409,-3.86977365308333,-0.979347011707077,-1.65999942203019,-2.61764905930148,-2.17377529070907,-1.17787396660615,0.463629758905264,-3.30068160976024,-1.10562616861373,-0.436567500413031,-0.657715078223313,-1.93043733235537,0.733723869954305,2.05474061422002,0.629077941794691,0.432154855979996,0.928331941294708,-1.26824256781719,-0.810439172020881,-0.27112398566042,0.682842977784922,-0.33626704029961,-3.47846206168878,-1.13256680425541,-2.43528230204102,-3.18710347137493,-2.99919352468535,-1.59087527424641,0.297372676800243,-2.76353984742143,-2.92824101324323,-0.489493053011128,-1.08356529521971,-2.11571373390232,-1.21645865522436,-0.15624534793985,-0.502920840682864,2.01247488126947,-3.92761281661568,-3.09134320095421,2.43143406955478,-2.99653926313796,1.42378537568468,0.701603529487351,2.59532494965531,1.67851197568429,-4.31991155451345,0.174175094495281,-3.70492407782053,0.234091620459006,-1.96206802813034,0.0569575890784151,-4.71447779712831,-2.98447144777991,0.145689500086893,-2.62522741724034,4.63329980803288,-0.0864348219720643,3.46646378368861,3.06922088138687,-2.95177798160946,-0.939315413355107,-1.53268629542133,-1.38656477564626,1.26557018703924,-2.06520432368949,-3.48354924017727,-0.508563257249185,1.85088203118458,-0.831355710462992,-1.9052442491572,0.08854527783806,-1.26028296818889
"29",7.56674190213736,0.359510551860649,7.35419231634142,5.60031160972545,1.01214252708132,6.06609640939708,5.16103630446503,3.66579509340811,4.15296238064516,3.92315577266102,2.66058069111766,0.504788256306632,-2.28502124742164,3.6504090559276,-0.345458903739197,5.10012395293334,0.215625023719673,1.47653160223584,5.62850229537213,-0.135432259944579,2.54117483430705,4.92791465462212,-3.18745385093363,2.01976039575495,4.88069836658558,0.380687138840367,4.19297690661986,2.69493162297265,3.28958891998017,2.18590404838642,1.43597735731969,1.35399305964691,4.45814891910659,3.05409543477359,3.00126547195695,3.50554806989188,0.645261291585339,5.03895179206551,3.81110197811522,0.758734333628437,5.50373534986162,3.40325155309309,3.60389843924656,7.48345555816782,3.46450886916715,4.34818351518584,-1.60389908290765,4.05665614633824,3.50666789473968,1.07905757369087,1.47463128775762,1.6996294694763,3.11067618649177,0.601175009399863,3.90692710918554,4.45103864053603,1.79098587489547,2.55856887392851,7.36168223563362,1.69127683953536,3.43383105639139,0.323358280358125,3.94067290742478,1.98169727348487,5.39252606128474,-1.39365144540904,3.04813123754784,1.16073209181928,0.293568022882385,4.65578915264718,3.75435166010083,6.54797253713669,5.48330502415634,2.52739646865,1.92648892592802,4.1656669211646,1.04681203599567,3.77229435590194,3.24609840916953,0.549560746790569,4.28889846410552,4.09294724495658,0.967657931387445,2.84466682919955,2.45083984764855,2.39863074568896,4.50520435110538,4.98286536481155,2.13732727542383,2.52901999656664,1.96346306639301,-0.286525826640589,3.60465741232076,4.12092620916525,1.73757956333248,3.62320957939342,1.13314290291131,2.86636151757023,2.56286016526669,2.46056947410452,2.64421673562804,7.54622326674902,1.95567046000529,3.26928360171015,4.19697860443633,5.15254584937065,0.31710232954818,3.75624100378177,0.54328677687888,3.56274914552994,3.15213851344504,5.81530788183176,1.91194129276337,2.27073803611721,3.27240514357834,3.45917858615126,-0.135580242130015,4.91664436331531,-0.183905411582561,3.72554005501878,1.26124932806665,2.30379626944153,2.84205859737178,5.07134244507771,4.92889948465773,5.41313418262384,0.601132643417432,-0.543870438571779,2.77023137346147,4.15199812587629,0.581871620728728,0.700024893964746,0.565930828398102,4.68285235972761,2.52793473136058,3.42186473583082,-0.905356012733587,5.13983752767721,3.24471994528222,1.41053340990075,0.263808219105588,1.63833961278772,0.496851422415863,4.07002771112232,1.0909514629317,2.97127701045146,4.66198023379081,3.53098359153452,3.57454712761695,0.822335790851293,4.48650786643312,1.31310727843366,5.58583715136311,1.9252448555755,3.03005880957504,2.81021100782182,5.57932644722475,1.14503731569586,3.57446189551265,5.2954769590084,1.43838057962082,6.27634957154926,2.98544412625568,0.995331800897646,6.7385638147148,0.639119990612425,2.87337631484256,1.73202925656843,-1.79273808834256,5.95819946645549,1.60096973687892,1.33311075779135,2.52841581042889,2.2679440734938,8.83352144955589,6.29005103341875,0.857186915825076,3.08343640185809,0.609115594220237,2.80179209269462,1.63345513109346,3.86393541508847,2.76940071786528,1.58870816118937,1.11101773816757,2.05019418872031,1.49575361193795,-0.880432874445107,5.40626615780159,5.01008779032817,2.49100687560821,4.38510717021099,4.93331537969094,1.72296193995594,1.07671698281113,2.73221724976084,7.25285142051401,3.62975094080717,-1.28683775321577,4.26964056394881,5.11181601879499,3.2381126381239,2.46867418578529,3.40620201259175,1.86057624586708,3.28472976170871,-0.977505591065015,0.876810692960063,4.13062362220584,5.08011904791721,3.60296350766961,7.55320904403597,0.911919859916038,1.14414074922559,5.91472973448832,5.35237775219961,3.9576568428297,2.69281662596209,1.78236921838621,0.982196703772116,4.51892705024625,1.47272811388828,2.84341139352997,5.84479412322459,4.54157137064921,4.60264313883784,3.7081345085731,0.787186291214979,5.86563027873305,1.14773062888213,4.6107692921917,2.74343440188969,4.02590656988359,2.7732722570209,2.63598839504414,1.67947824687676,0.997902743614683,4.8132787326193,1.23742890349152,1.51664065591638,0.537671981589258,1.53164484713918,0.961362508271593,2.38669209862226,1.34158169418368,4.67483284426197,2.39308174702707,2.25733251867633,-0.406479095714168,0.0299068234798017,2.03515300753791,2.50834389969429,0.73679170065194,3.23723094524488,3.90276942357125,2.77329109692724,5.17267783911882,1.42350877535826,1.90922606150467,1.2063157108436,4.82207174301486,5.41907575162356,1.54421348565209,5.4608625668525,4.08452836098683,3.14486322094403,2.25244284561848,2.36750628086645,8.76631431515693,3.86110970516146,1.41069917547713,1.28775266969858,1.7566902889486,0.704376401995739,7.13389431891518,4.50908180045357,3.51425385896305,3.96051519559258,5.03939743374693,5.42451863154505,2.87305440789574,4.05027966379064,1.75754304419171,2.38456039502918,3.26608469650912,4.67062510515692,4.89123454273017,7.36235910715778,3.92866103476262,0.913693940923265,3.6970032237833,4.20426090452486,1.76055991625007,0.394103427213884,4.98113568539151,4.3476120792698,3.70742772559297,2.4106880861649,5.20017172306285,2.18709667519204,2.59352677662343,0.560351444009902,2.74217305748758,2.42794609523367,1.52504332952268,1.01987354167309,5.26915201885664,4.16400442005077,-0.317708077265323,2.98622059642127,4.61900728344666,1.38903648100805,0.719332727922145,5.08952829813076,0.852095178880422,0.0430131851699924,5.85692669803369,5.35052214552394,4.32988184098246,5.14743497647329,5.75690823307513,2.87325715102329,3.23458526854845,7.84180126509675,9.10106245565308,1.76420629541043,1.50809933977696,3.11999244087227,4.10238849269652,-0.0635191159302773,3.21303983986016,3.71625366605137,0.416205899723248,3.27188643973305,0.914393292534228,5.57701579157258,-0.0347545045277751,3.66386517147011,-1.08643194010942,2.15787959357096,3.79638441491256,-0.521829674647353,1.79210270359532,1.13225276468366,3.93527834233313,0.84395884597546,6.23565360581458,2.56101006761259,3.31203734856874,-0.213564269421715,0.168139014699778,3.78959315354318,0.213785575618786,2.85128915249687,1.99519563981481,2.38502200624644,2.19846564080086,2.06461310647288,3.84424070660866,1.07475296550781,2.39797000915038,1.93642869411363,4.14392131387998,3.97070682657162,3.96386023964977,3.78783742394425,3.90374095867216,8.78903560664577,1.94307891467302,2.62202978706578,2.05822426943942,6.45411495209775,1.5867420612707,4.15711261646827,5.46369476916161,5.21973907731085,2.41393493237848,4.31812967795744,4.04754273786051,-0.624875944390544,3.82197796484533,4.02632139125231,1.09733587237574,3.20744090669767,4.47922596316769,1.29068407853171,5.01449868551746,2.43305001114324,-0.859050781356838,3.3246109414156,4.16169209029905,3.83153295830266,3.28448236178796,4.31701528228362,2.90444708748488,-2.00796881521501,1.25458891913417,3.57203394249151,3.93325043506991,2.32250237567776,1.02542016815368,3.68354968645982,3.54704583170739,-0.744593911824666,-2.55157284284035,-0.779975054721903,0.615396598786135,0.944617764798214,-4.12864353317924,-1.05925471082691,-3.24110236115522,-3.01887903033377,-0.92508684247804,-0.116526331449339,-3.16717760047611,-3.70645000015772,1.29011144507756,0.0167484952322163,-4.2231858653914,0.872679274951604,1.88279151693081,1.34381299947622,-1.60032160499021,2.59382414293022,1.14789332713843,-3.77481856237194,0.3702298264646,-1.8589594379955,0.802043734791021,6.72667496505878,-4.34188782761675,-0.671311550480937,-0.990690445424293,-0.972290682413755,-1.54222252781059,-3.53085206940905,-3.8627722919829,-1.67961259282412,1.98046417431042,0.919553144122568,3.04691531473393,-2.8142424377464,-0.0222932008379421,-1.23091869231217,1.01744006096929,-2.08845714119115,0.506955967756407,4.28811165510753,-0.269502839889202,-0.793950476990827,-3.72340241051281,-2.40539686434865,-1.6034948905367,1.13194309514522,-6.11030919273502,-1.71518890790032,-1.01548220414446,-1.22895060645104,0.268179103693411,3.04238188523598,-1.29404038404397,0.673518329247885,-4.23960330021998,-0.731207883436107,-2.17111256126385,-1.12027070045004,-1.74708169259024,-1.48712225263794,-2.3854176766748,-0.89311660072466,-0.424774754947312,-0.449466885841037,-1.74406603100133,1.64541747491903,-0.53934958206766,-1.37826688239488,0.0551024459835907,-0.842509272082686,-4.81351853559188,-5.2147980332654,-2.5134672450014,-0.453080550812182,0.484249215953827,-1.93482213603693,-1.39127531167205,0.557302263106172,-1.35932575459872,-4.12148418622481,-2.93834635131862,-5.60147407750654,-1.98198510586527,1.53103019827216,-4.0732737746061,-4.90078494888973,1.35480070929423,-3.0541761919999,-4.94974277365694,-3.14474009257153,4.73071354469024,-0.822898743112329,-0.792921144938221,0.89349445011544,-2.05779414618981,-2.80900519141533,-6.86757931680572,-1.28390171774487,-0.985772590116177,0.0814609930134373,0.62565187311818,0.866718093038544,-0.800382540263693,-2.26280844905237,-0.325531359921431,-0.231248282370416,1.70388250782749,-0.609747709183239,0.249961771676204,-0.502847349415392,-2.74379354799192,-1.10688067680017,-2.62152173195528,-0.10269098271421,-2.31506742683383,-1.60778507438524,-2.324205813602,2.01489778207862,-3.67456335745166,-3.09634098880138,5.23802008583264,-1.22089749068234,-0.836835371362272,-3.00236012402682,-2.08321908221418,-1.17978507471809,1.33980614726092,-1.55021991452309,-0.547008927197811,-0.196086264706166,-1.31392126858328,-1.58018272002932,0.0666787145523924,-0.834972322594594,-2.83125250340173,-1.58595241518181,-0.22039506201518,0.631785059645487,-1.1900973363169,1.23237814618058,-2.79212000456014,-4.02371592707528,-2.68586518432886,-0.825116540552681,1.95190382881787,-2.94392229520209,0.101045513015133,-3.08758967619529,-2.45641146847915,-0.278725987874035,-0.639508302167425,-1.70487722380063,-2.05828785274666,-0.14713124265839,-1.85573235121439,-1.55806619704074,-0.993329959754299,-5.41790448727474,-1.87254668413412,2.04605066598829,-3.24706884422415,-4.1108347242681,-1.24106723123708,0.302948799766799,2.02672745233131,1.38820289191007,0.450309478676926,-3.4781104315216,-0.678476661035394,0.617429795408274,-2.16619489991994,-2.78533726165742,-0.696957254859367,-1.05202742765392,-3.12813693253832,-4.96218375842849,-2.29827758384956,-1.35155480872102,0.323649259675656,-1.18787957691396,-1.08392876189554,-0.291922160886342,5.50277427010723,-2.73338898139205,1.34266610277981,-1.84653790004914,-3.70510503089343,1.55704513940172,-1.47360019216921,-2.54345739520351,0.582994938765535,-0.498485285646263,0.444187855255652,-1.20722153615748,1.9548015898119,-1.57979536971219,-1.43889914831627,-1.04100765360236,-2.3099915012863,0.0423372638872657,0.143921617579069,0.299906143852456,-2.06309974595739,-2.57287835806637,0.0397199913400976,1.23004402584474,-1.82917798123458,-1.83196309039716,-0.568881413475946,-2.22902145233278,0.200316040178893,-0.536905112355922,-3.33575755078211,-1.42892036956597,0.845632295863573,1.92672771779924,1.90171728332996,2.52262768345488,1.54608505993954,-1.91441984508137,-0.94047302534604,-1.41855420041141,-2.88730364166413,-1.77064198607883,-1.06581866531603,1.76521322897043,-1.94955593983763,-2.65713669671676,1.20417759249039,-5.31026718221465,-0.531532655994746,-0.0382817331254707,-1.05371031054805,-1.90929276371427,-2.90125475964702,-4.89398693092299,-3.53710128832012,-3.54623492423619,-2.30939367961242,0.412571222350444,-1.31840775294218,-1.81846090401723,-2.36193752028152,-0.680886153968218,-1.51476317295131,1.07658460521573,-3.4098400900239,-1.79106982856449,-2.90152129006674,-1.81312668552034,0.636989732922878,0.495940883489806,-0.812252827942274,-6.11481727013539,-2.31647971816819,-2.72716746924138,-1.08447400248715,1.58148232574164,-0.645392448038741,2.6237375238773,2.10239445984518,-1.97777897023515,1.96595492878272,-3.40531702805866,-4.42517701913062,2.74135013179354,-2.94858990630247,-2.04339962466769,-2.13483622997854,-2.10600000495556,-0.861882269506142,0.713111935151992,-2.71366843438962,-0.80745031281423,-1.66826313588222,1.57970753034371,1.92863172449148,-0.365533748721444,-3.80645359498099,1.12168619494471,0.0136261437912606,1.37434490581033,-0.22455853409718,0.985654249559077,0.744252807384382,-2.32452595045983,0.263741015906203,-2.08717395414239,-0.123620659669721,-0.957731653294326,2.08546158563763,-1.08788910734478,-7.02148058473176,-1.34915705074504,1.80514978114787,-2.76902611574801,0.0224469902926885,-2.36526745456971,0.647075655316871,-3.86442115660508,-1.88509069290122,-0.0606922663685565,-0.722211494859479,-0.683774439546452,-0.911566609533252,2.50526684742851,4.27180062700121,-2.35995244163486,-2.46017239425033,0.232172831060007,-1.85480720451639,0.177491948019379
"30",3.40615697522635,2.12353508799013,1.63482281110682,-1.22523038469055,1.77808062998863,3.27883986431217,3.72034880038206,5.28480830715626,1.93254038948918,3.07754464313228,6.99807356448624,3.62401293620108,1.58075937504365,0.115930835557613,3.43280978979325,2.34001470735244,7.00021119665262,2.47448783666949,4.35511040288013,5.64957448810564,0.176716335231835,2.98473178119611,5.29528089703017,4.19101502576697,4.78416583278479,2.49218293455562,4.25883398683161,-0.85373842721297,5.29546936297697,4.10731799373218,0.459205130543742,2.29049494796932,0.0791524234610415,2.13274364819401,3.49479413223049,2.20518117847754,5.97760264998627,0.139742887789201,5.17873284910863,0.59428239417294,4.20221202699934,4.1710627491854,5.89184025425681,3.98245976968168,-0.34568663062518,0.444289395555618,0.450018219157849,4.00691040553097,-1.05441656436451,2.21138644413894,6.32465494480566,0.818011972614209,4.27589582923771,6.41983500508386,5.77700968792594,0.428203173448496,-0.395825061346005,3.33560838942463,4.86545567918719,3.95955610644184,0.0588470219203407,2.40500753526122,4.66407143159422,3.91979452931396,3.26483371564524,3.52530186351386,2.71613133674551,4.32644669772105,5.52628866712387,4.1059228644846,4.06392198268516,3.4810049911083,3.27036989884752,3.53033332587218,4.67099977730993,3.41894962511567,-1.20932901824576,4.6194745390053,2.22178715786431,-1.45667629733842,-0.472743878338023,5.08157243591655,3.51981893108813,7.18531341825658,3.7138082059218,2.10966366443671,2.43522725599407,4.12846931041213,4.71368885738577,3.22919425323379,2.12090628996524,1.52621349998555,3.2159642789555,3.19966539784041,5.05964872218673,2.8909378765333,3.30663491551558,3.12173196835961,3.49912028225469,4.29151014788911,6.1745141466349,5.0361603350679,1.84291921044076,5.28301503382819,2.5046668443425,2.67105292112615,-1.08475794858227,1.81060134215162,3.43359133706712,4.25940138675854,0.723748990124383,2.93495830712934,4.57965557182043,1.72292079630608,4.11405176191016,3.32130638511411,0.468780799997912,7.43767966469618,1.313313032274,3.88784756059564,3.24803008932847,5.32869726369291,3.70029198973115,0.237580871977068,6.02465935485959,-0.421619637355568,1.00637529661201,2.56596910815173,4.06239530143905,5.63021086678421,2.07081853462491,4.73947323116532,0.792937042870058,0.997592232174689,1.97768769032376,5.2033285745216,2.51382750929427,4.91895939116053,2.65775191419105,4.48494842112207,0.112047392162083,4.03169579889257,4.02058855705601,4.3638509818712,3.80558423880409,3.1809663771934,-0.216125622098146,4.7516902273168,-0.0196670574914823,2.78788203481851,2.45036543941055,2.50249199403359,4.27292867656251,3.20590084567101,-0.00882467017036159,3.3449292876088,3.08283115311437,5.13628590308183,3.90096272598101,3.86030669840122,2.59114358686417,6.22153295181392,1.34243635242715,2.5097475371352,2.4985080894406,2.45138909739304,1.56717877883216,7.39845194782881,2.83806848391127,3.30864610639909,-1.89445907080724,3.17639648909096,1.89625427091139,2.4318992386684,6.04155673894323,5.88413022915377,3.89620775062162,2.32403231603552,3.85242027404532,4.35919795175103,3.77351973218874,5.34528525508306,1.21853726165466,2.9981404010573,6.8492545872803,1.04546715938874,-0.582950541556815,1.82816021272074,4.78878565821699,5.79154011321023,2.34438695589921,3.26211499282894,4.11680709405909,2.28434769048336,-0.577993105328897,2.3316384981567,3.51974079525106,0.461757056482301,2.35606374067033,4.55799380890349,2.48970018273586,4.68856971676018,-1.47248373483609,5.17533652267835,2.93873740910749,3.03485128476007,0.911058596008744,2.24983888310872,4.37497904916301,2.86976874309272,1.50394316172004,1.53372775744292,0.720866888113178,2.32753468817201,3.250660417604,2.56438722184628,0.451626196846076,2.27464493004596,0.26922745611396,2.35341825517319,2.02504036306316,2.48567289428362,4.34961229619914,5.76238472731378,1.38028684349069,3.76770279551011,0.360039491551052,2.15992049040258,4.65567315580807,1.41344402700966,4.02428938153318,5.57536184185338,-0.0609033779459058,4.30728290796624,3.06049581974353,2.86166697210851,3.40693351868118,-0.571772958989413,3.76385169325095,4.48860896136894,7.36456448768068,0.535136560345492,1.46375840581185,3.95158065260263,4.41525547454024,3.25322794104238,6.23823596922624,1.69652558581988,4.18246950092556,1.84682198425461,4.65586418053362,4.22733560770167,7.15360093758603,2.41623636809206,5.5126204564243,2.38359193955946,3.64569762945697,4.99059174444462,3.93177592169169,5.78350509719463,4.17972685941317,3.01704093435403,6.24963333131156,5.19146723039614,5.76107930937057,1.8114076314151,1.78210292446031,5.64220217020837,1.9311824354075,1.22425042907226,2.64440543007709,3.54747973624988,2.06216622625627,2.04305728580842,1.04489625363417,2.13721102699528,5.77620556943064,2.57436113720736,6.32842560495665,1.92955252731052,5.67947790942702,2.90153921155616,1.08223701338818,4.10685873794808,3.83886996428453,3.80994814660873,3.07425233742353,4.85392708911755,2.42435286734706,2.01905316141601,3.31652126142364,3.61121172063101,1.60367438310536,1.7472622972293,1.57800320861486,-0.390476376447567,-2.28675855918368,1.36437685591584,3.9910369431874,2.85838439840415,3.3652950546915,-0.352136956654616,4.09505419870461,-0.995055448851313,2.17624922507464,-2.59541116274863,0.10893942122391,7.14469839943171,4.23359461465035,2.91316625145666,1.40242753329953,2.6341983826895,3.00937616454858,1.76469305736676,3.71939912944802,3.12127934556926,2.37587570878492,4.45042504778751,5.95099139978672,-0.00540816293094348,-2.1329342129783,0.566063318397413,-1.37686652930541,6.27069028998432,1.57865235981675,4.53215619861523,3.76477821734155,1.53922032770083,4.26111163857979,4.00480157691965,5.78084047170493,0.574915990365538,1.23340077233576,3.43184348561879,2.15474823983676,1.45572120238442,3.78798417205115,2.75198193044183,5.28704540034396,2.54054660634132,2.8439349034549,5.15627976408627,3.68822782379165,4.93371885636093,1.6748882990573,2.83449021538778,4.46828445868812,4.26374609072404,-0.800747993674322,5.36257054508433,2.09904530405308,6.22953227592275,4.99348681591059,4.22066783040509,0.516353351000241,0.0101488555897227,2.60973555304744,4.27960306346352,4.32520209910373,-0.702136711037284,5.7083489607785,0.923797530489366,0.281185119941263,-0.497853499249961,2.72569110871012,0.580999646501079,2.57772031614724,1.55231079803225,6.0595261654926,1.17167209971713,1.38385455444251,9.26529724629585,1.02482328284065,2.90949132821418,3.10318761999228,3.89965968446047,3.49979066477217,4.55211846536319,4.98256072761914,4.20234240921472,1.17892803679186,0.901317676773409,2.14068786487608,6.01171970822001,1.14772235170148,5.86827682755117,8.14562112478341,-1.71612846237611,2.86483409086395,5.43522364940011,3.72085074149464,0.918930594512211,2.05395601962686,8.25484929427451,-0.464241858283398,1.9355716873692,1.38263639630196,4.30451810305506,2.93879469420672,1.80247295379273,4.35809628440108,2.1601375599162,2.70283139494426,6.10074295333602,2.89532283471189,6.38804063429176,5.56586110772949,5.68854055240619,4.21333390726157,2.57480237124316,3.89218311157115,2.78593336039598,0.840795041792954,0.671262773037268,4.54178479849199,3.94047816054672,2.58306651819493,3.71270796295197,1.33859463433189,0.117705008970408,2.70676827882321,4.66646466253518,5.09403068906815,4.89265504072635,7.08433848965741,4.3560138269328,7.48228832232,7.985606556047,5.77501124329356,3.29648701997456,2.41042794542152,3.85397254926993,1.89090695260671,2.65100066040137,2.15812277198637,-0.68817542515593,-1.95804394076111,2.11672464983656,3.91811359859376,-1.01053152783685,1.68379964024373,8.63092908490405,6.79898900558073,4.41475481483392,4.23174366775027,1.56276070924456,3.38245735439706,3.74428480369056,1.46897283083373,1.87193187169666,4.03389811467128,1.61352593024883,4.87657572827819,4.10359434985699,6.05267042221187,3.65590710520017,2.22870670874067,4.28976345536247,2.54092867715882,0.243505589013894,2.84024262273904,1.85011577660867,1.0578290184732,3.96272372564378,4.14718157807862,1.32202691214102,4.05748497309996,3.77918957212343,2.24808562592009,5.96847755988263,3.14380493184115,4.99716294692247,3.35733680341628,5.3577804201484,2.93197400718654,-0.653846267314232,-0.32209326520994,4.24226672497693,2.26495369973526,2.01671453711068,1.30722680171234,5.50307682623056,-0.870073672126185,2.90769171893068,2.05412513900071,5.29026524434503,2.38531719164222,2.24251996263348,2.56573141570069,-1.23725797655831,3.59542878607296,3.77219195387283,4.09061069505,3.50696454346077,2.68127198439021,2.46554766127027,3.38634706801611,2.06142261538876,0.578474431458008,4.29313105589771,3.88835917260959,3.64077001981817,-0.90763730738663,3.42435195541469,6.69818783429519,3.54996086834782,2.24651790629915,5.25335690606036,3.15712922696943,0.157357723401863,1.40243002467388,2.09208496675439,1.91571525139917,2.68236539518088,0.295745555402319,2.45988047972324,3.23823134915501,4.15793002918373,-0.0364989438801921,1.20304241782957,0.824744504750165,5.99069143396073,5.32961653753895,6.10353307405165,6.17726207990735,0.54330950754772,0.171622386094174,5.12927272581962,5.31637137839842,2.50202183239751,0.914289050206152,3.96803932652085,6.07533901875201,-0.84661528732484,4.89715694036173,3.69411068702472,3.97166887386574,2.18669709637385,3.61031048269854,4.96336336170534,5.96102531715372,5.76663597482423,3.02524553809903,2.10536319451425,6.93961508965285,1.86405806100231,2.31401206240551,1.22634131939837,2.71471399898316,1.33798005400028,1.66178014049936,-0.922988563738647,0.0249021586655127,2.97959416854824,1.45973987975783,6.23535595567363,0.121678663554391,5.65560411196314,3.85408554304727,4.73359585651648,3.57239236416715,3.51809624197166,8.03076284537841,1.48531174632578,3.15965134821912,3.43761278248332,1.13457990051797,3.04769440142567,5.80381214238438,-0.0727371222351705,7.25551480001631,6.2541392404934,1.57916290362269,1.39143018148593,2.89215397161562,5.17525553555356,3.81760086898206,5.48212612298439,4.52047264368616,-1.24680260373784,1.68934632434994,3.27888623173658,5.34484986114354,3.31261202510442,2.90436672547098,3.40062994993581,7.72622889536064,3.26253152676212,2.81609906224522,6.0177166208281,3.96021434629156,2.63040417066032,2.10210020440749,4.20367759684955,3.15415545208761,3.06329771882571,2.89262261805504,6.57487078284495,7.776632141934,3.02521094167534,5.2366204098008,5.00288577079461,2.71889656174239,3.90725136937502,5.10576855035716,3.69241156032197,5.44912131041039,1.66180873540276,7.23213017173484,0.0480774032752316,3.53910723782638,5.75953720896687,0.534586259295936,2.79624093073214,5.57225630135719,1.35553139219927,5.65586668920114,5.47570948859788,6.80738242460051,5.16855139391891,2.97643539785184,-0.474752760789194,4.47595738037911,1.36165448050866,2.80868458536781,-0.304184301772502,-1.7165783809753,0.892933449275766,1.17898669560622,-1.13366827522018,-3.64041040110584,0.686936457464034,-1.66701261063425,0.0359904524556058,1.91677865807557,4.04114883777278,-1.42502502765233,3.02820687051783,-1.04625561465967,-2.86503489039308,-0.745750008741587,-0.257417905392868,0.737279507973212,-3.66509163643484,0.179019448569133,-3.23131009934448,-0.232677956457663,-1.59954353390845,1.5216814404112,-0.833168620248321,0.241017490385451,-2.45049020091313,-1.96765687365609,-1.38415394720418,-0.868206869555226,-1.37450803596879,0.374168961821673,-2.64449292663984,-2.16861696856902,-1.24761075585864,-2.62761310786326,-3.90752158915699,-1.445390656982,-1.17485845109662,-3.42513690448193,-3.81308597910994,-3.04994921216175,1.9939312408899,-2.71102369428273,1.3631341880115,-0.885005076458741,1.60610906399491,-1.94354500617999,-1.96933263610997,-1.5080236834018,-4.31900882303805,-0.409856435294193,0.252216865525192,-6.47803644070119,1.42309614569506,-3.25559942156731,0.441903972769046,-2.07474040661576,-0.7084071654589,0.173052683337645,0.122863022527326,-2.5774253814369,-2.80633369029418,-0.659467248564574,-1.207986672807,1.91872014734603,1.41626830959828,1.39093671918303,0.70899433647478,-0.0673971735435692,-0.302933265415668,-1.29649700317768,-3.42222818919034,-0.720924433747482,0.849780556169292,2.23674347053542,-1.10260533931594,-4.34031122610778,-4.56796042457212,1.55170768470153,-1.629667166702,-2.26425895498725,-3.24427730345114,-0.896142106337882,0.862732582363329,-0.962315901897185,-2.47132362798499,1.48775620863319,-1.33415628953441,-1.83381714825761,-1.96636885692966,0.483242352672218,-2.56552245464571,3.02435188795272,2.75191907188622
"31",4.59257742625435,5.78565840631615,-0.749180587386147,0.542287640492085,1.347002410102,4.10339395091176,4.96769700415047,0.229467111316455,1.56497380120452,-1.97609690520671,2.10696597177762,5.7773735418115,1.64747377271203,1.30788290100587,1.26508732665146,2.4385859700586,1.05302843621237,2.34309623834261,0.274617599147643,0.619652703406996,-0.0260922353201707,2.13558679348317,5.01661032275722,5.53320809897524,1.18010522346083,4.02366470297533,4.85573885493341,3.38926806503383,3.41717851676819,4.43381198964716,1.78489199678688,5.93593115954791,2.87972364847026,3.32600322586447,7.04256624349097,-1.17907669017588,5.42619364855223,4.08087070062036,0.967226281675822,1.62551460595761,5.3356067975552,3.07202023592827,1.26934008888913,5.25479706444963,5.03750268576923,1.97297155577093,3.25323604323363,3.23896400980102,2.41798597297303,1.22584090226425,3.96781763986607,-2.74883619423694,0.693257556560743,4.18211488522096,6.21428220752937,5.10995120950413,0.577542058877452,3.95288595128039,-0.0232219008852175,2.60592287733803,0.865833500062557,-1.00488771982034,2.85667153702747,4.4837805227146,2.07488962282159,8.21787130911519,2.14100988980109,2.54078665017876,5.59628549801337,2.68646894315742,6.02106952871064,5.30347138382458,0.015961375267052,3.86442830680636,1.87579332920424,3.82886217566049,4.8265125979576,3.22713970679705,3.46806665437946,4.7000091681807,1.88829836409153,0.591628079569433,3.35597871955595,5.02393415559967,2.46921293538365,-2.53393191980399,6.65274737278772,-1.70524009456227,2.04436568639384,1.30799712921423,1.46391888022532,3.85836318074262,2.85007948035175,2.16193171549995,1.95402588490082,3.78037625485718,3.10332762811393,2.13169140063606,3.53829196881972,7.23218757366634,1.37269820573568,2.44529181134899,2.61794187620768,2.87231054849478,3.37540366384499,1.57524946155851,3.22756560032396,4.22783543272661,2.66950797761992,0.938774425895653,3.84219808151123,7.10176972441797,5.27237171239074,5.53490357197487,1.26955585089093,0.941312857323318,8.02803188759981,1.48029094596448,5.10713797977839,2.87134772361763,3.88629404766809,3.80298632276329,2.16211302266211,1.15634990143224,4.93911017228414,3.32195918229109,1.16960298197989,2.5369242453617,6.15110075418829,3.55935584225602,-1.10546995758798,3.43926707443148,3.02735915630177,1.74817791789582,1.97713488248175,4.18545806252893,4.90404069640474,1.43702486628103,1.14409748922256,0.497796389140214,2.6776504848931,3.80089489364958,7.41760257873867,1.8358201833299,1.55632151365805,-1.67943035880534,2.14294207683629,6.38963027356052,3.09892249684169,2.25427871785409,2.66799054696934,4.26267701456291,2.48414134594385,-2.53316936151251,3.55389775885402,3.18263506897507,4.71561770563703,1.86587357109171,0.559857282914058,2.40598695703009,5.35395594851831,0.708300746641949,1.47654062005524,5.22437350716828,2.79268284475727,1.73377785916734,2.63111217770158,2.97492402182267,0.668253782613686,3.438384549064,4.77819069792218,1.91881448108925,1.31189090490094,4.30657661841995,0.40074070964674,3.42148171444553,2.27198172073311,2.5077740744305,4.29324622387105,1.40682870769455,2.93340782872558,3.69819505702601,4.51054014018552,-2.07923421892143,-3.20290646595863,3.52322317544268,-1.64942265364386,4.04844474022161,-4.57808822281809,0.51682002809473,-0.29920086543063,-0.816104726333269,-3.28291953634584,-0.119204842068137,1.61799929837014,-1.27388464793033,-3.23030298192673,-2.217034928256,-1.81648971848109,0.408641678146554,3.41218785177682,2.2472205636709,-2.05180892208412,0.596129503436767,-0.102236931956511,-3.21145372103605,-0.643377856568184,-1.07456230964717,1.67124506265565,-4.11736242626661,0.137915377398611,-0.332665762069351,2.31458861246396,-1.60928717196346,0.953791802000383,-0.410790419093716,-3.37151149166566,-3.57233006199685,0.70507590182589,1.00551153111073,1.23234839160721,-0.443010624717285,1.72182600037821,0.708387256513315,0.791983334938946,-1.79970169767732,4.1515974629411,0.287790888678584,-0.0937819229158433,-4.21531004873209,0.143955996444811,0.872316882771566,-4.27913458563304,-1.74757115363206,0.786885573592566,-0.316789634115638,0.149175762620875,-0.537481916270693,-2.57374310950487,-0.706619911042035,-5.35614742853953,-2.02109614010804,1.46334852571207,-2.19069390766341,-0.810433171388057,0.655946119370389,-0.368271234260376,-4.25986597192341,-3.62880323773315,-1.67021961316813,-2.07968497002698,-1.45292033687591,1.88783003258965,-3.35197642210744,3.69383625961759,-2.28807048129231,0.225068964278537,0.604071778703673,-4.80054354877021,0.0750876611859694,1.318008760552,0.0918422707287574,1.57737940364445,-4.88473685308901,-2.46610686125418,-1.10396105278794,0.505318741912177,-4.37204416228309,-1.02391273612187,-2.37658614069212,-4.48841352553214,-5.50762546943165,0.226931196466752,-3.65055494814434,0.736223154988262,-2.0645609003284,-4.98125249951212,-1.68210132818011,1.66178406250923,-1.56240402324461,-2.02921771809373,-5.99286214833676,-1.84622495802243,-3.89671079331646,-1.69707144505884,-0.047654402389162,2.28149431373616,-4.02280754505221,-4.37763498314595,-0.916969261623142,-0.484802309867698,1.43382855655683,-0.962798105347417,-1.53273145723128,-1.70678014762788,1.80888410280481,-2.32568500996254,1.47177208716925,-2.13936705278773,-3.59636313341771,3.47099874640573,-0.845034125416843,-1.60975650764967,-3.9874161944715,0.209009976033904,3.07923469843444,-2.42401422823974,-3.7686528457869,0.516572388786702,3.04184863163078,0.501430811497275,-2.08420774508893,-0.891695998226945,1.02014754098238,-3.29851608528262,-4.20879993251498,-4.11378390959514,-1.20822698946564,-1.08159728411415,-2.17694170935709,1.59068581663249,2.03235129610914,-1.3452132997419,-3.9729900124255,1.31933266552913,0.808858798306409,-4.51991633557542,-0.660941546450162,-0.447800019107348,3.31024744328193,2.24130806252745,-0.526599045795078,-3.94447585224523,-0.901267263591464,-0.621082832125319,1.49155352875703,0.678947849088876,-4.73696772073241,1.1358438295956,1.06696888965215,-4.79829334632096,-1.28235174006922,2.54039349159623,1.97214361930748,-3.12806169307367,-0.13992022747682,1.21178689511332,0.570314457064563,-1.05690263822694,-1.23722393788648,-2.12125603978673,1.24329819353162,0.398330411361119,2.40052753181758,-4.14958961618856,1.11971019821647,-1.16277925334585,1.22362607300449,0.107628503295373,-0.365642035376787,-5.51581087186822,-5.15133689282016,-2.90102814482397,0.19228452465809,0.430984353420665,-1.85339363640982,-1.18131736038166,0.708242370080459,-1.63413022401759,-1.41770207197401,0.92689489907933,0.0870389798792042,0.711498024499034,-1.15170778493659,-2.82681306425894,-2.31277629955646,-3.82219223773956,-3.43399724580661,1.95144837628144,-2.44689069208064,1.73466828128621,0.126012975139433,0.549073963835689,-1.27259164075435,-0.268288089501243,-1.00560381725293,2.2234687056012,-1.78764324784503,1.63762045050407,2.83335524875857,2.33949238681298,-0.547262548906251,-2.45755911808369,-1.09789854898781,-1.2823378170194,1.3284544844682,0.0537964245221496,0.528573374672366,-1.13290146318664,0.698412005388514,-3.64802993473134,-2.73821567245224,-3.04142780558861,-4.10437356626603,-0.709924840232885,-0.278116780509332,-0.0944536408265269,2.1876937324511,-0.196179416186161,-2.1900751087167,-1.36796020277843,-5.47802799523664,-1.84937176772098,0.0583870081104929,1.01108378690462,-3.82579028395381,4.60656240547505,0.522945763726288,-2.55620982306588,-5.02743294748451,0.676998747148774,-2.9786821002812,0.680622674496138,-3.54898418667227,-1.37252017911182,-5.39133130924751,1.16679327118341,-2.02275562593556,-1.94543796525442,-1.40259953591671,-0.19869687142315,-1.10308980390089,-0.949749342465769,0.0898916237802092,-6.16918263712223,-3.15207723917196,-4.50213886665539,2.33531242279329,-2.59096553957963,-1.76022666595001,-0.879152419045563,1.40642190014772,-3.73950708287724,-2.21989190254592,-1.43332473747236,-3.0383569880109,-0.390250140294513,0.490087735020687,-6.88473648736392,1.51976150379136,-0.562294046726624,-3.36463323947103,1.05522521662029,0.199163714076456,-2.14415873741821,1.64552491352888,0.352526308851973,-0.117500100188052,-4.08908154452125,-0.278624032252094,-3.82017431603502,0.32357742932668,0.0223561741590412,0.191952067983133,-3.52885658703101,-2.1976889774786,0.0155953835856795,-2.2565365845198,-2.62365862133232,-3.32811728927505,-2.23928331400739,-3.44713724749043,-3.82276115778621,-4.64220705135415,-3.48657490233934,-0.636900748544835,-4.89656451065845,4.81389605680266,-0.353394067185657,-1.39482046250418,-4.26139412954713,-2.31072306658696,-5.3474276306405,-3.47781189261997,-3.20799286606978,1.18721692209782,-1.24696140735102,3.89537829619665,-5.54789919462003,-0.220905579839909,1.16976795709349,2.52977139638763,-1.32805259320963,3.72695576168057,-1.45321264917051,-3.54331879444314,-3.30070507306842,-2.73558418597464,-0.266400058244881,-2.81698239656331,-4.96433869397208,3.23319576483006,0.375867798375998,-4.27717792646209,-1.36994111261679,-1.90775893797049,-1.85514227038596,-0.118668553579746,-2.02522397418677,0.963972593753996,-1.48461589432666,2.94227648775145,-2.72187040965262,-2.57153835576585,0.459899469752024,-0.612910618283181,2.63835157582498,-0.567253592160116,-2.41817625711005,3.29022215289267,0.44792751322031,-2.52026210163969,-2.87112534031286,0.554491217888586,-0.643708443616404,-1.21791525515589,-1.07037637942001,0.0277895863939548,-1.24610473310579,-0.999235155611352,-0.305712720465132,0.761290505790954,1.47856432045894,-1.13579416277877,-1.88890978095036,-0.260272000978556,2.95518772878706,-4.74969178509135,-2.22372329028998,-4.81704816570123,1.04228336830543,-0.0166918907079266,-2.54648081274767,-3.13262843052,-4.12929572366713,-0.507376457507852,-2.50990495000696,-3.1508430367343,-0.345377424067737,-1.42589948837686,0.706978466657803,0.919493558699721,-3.44829394555541,-3.13230218664674,-1.51712460005395,-2.54980255636007,-1.65095936412267,0.148765089289544,-1.35464597382123,-0.472966479222274,2.70516726640015,-2.82905479380244,-5.30540313227034,0.0731133668798072,-3.83797918874538,-3.01862506229906,-2.38976287069913,-2.98135962389159,0.32195909068905,-0.164226985171581,-1.44442278758401,-2.13842009445009,-3.29996004131708,0.138790799077595,-3.40772666476883,-0.982595688889381,2.09095644570141,1.97937612650947,0.393225365042813,0.411103355140229,-2.49193370098976,-3.80014401388066,-0.333933867898521,-0.982042580711813,2.78227666267542,-2.02832285170955,1.15962799977936,0.751882129761275,1.38203009847544,0.554713972852962,-1.63636413361153,-4.59199425400974,0.320264071722833,0.427805064337321,-1.52753858826202,-1.72030413631986,0.0252399994113552,-2.57707788948346,-0.992873723156869,-2.127265580953,-2.44688626787729,0.860780922712514,-0.386430097929857,-1.50917665650484,-5.61627907229657,1.40834208714861,1.23274510431201,-2.8600928885343,-2.83357438227525,-1.49642846711881,-1.26110054815292,-2.22506709069734,-0.842222224681311,0.209794169742304,-0.137094819304267,-6.18011137486965,-2.00758935075074,-1.00673671843387,1.61725391055422,-0.999400237872918,-1.73444346152355,1.82240327312365,-1.5449974360227,0.684477095507861,0.355833074920524,-0.487925260022202,-1.58033023011773,-2.17477592775379,-0.78815346429161,-3.80544863378076,-2.62257897975326,-2.45672574993709,-0.617026731710149,-2.60488234139283,0.0236821309661217,-2.47293147492965,-4.39057573506965,-1.09767825937907,-2.75882744530043,-3.13885607876801,1.23011473652491,-0.697647265302839,-0.330942729795314,-0.745379631830171,-1.03403706107634,-4.34912707698061,-2.27333292495375,-1.4709252403474,-1.24681510861039,2.22953470151824,-0.781400403598728,0.758573342438909,0.241405017025997,0.463103342498862,0.889156577253077,2.03403450523326,-1.00528129604784,-1.76311683696028,-4.95455667559233,-1.47586775089955,2.4755642712902,-2.55842857360609,-0.510737773344526,-0.189570266361732,-3.37905106487255,-2.42150173322697,-2.1864955715825,-2.58187133821576,0.958472239668332,0.313592158429957,1.61026035400062,-3.60244567257474,-3.18410406044367,-0.811857989964691,-0.0766661145743655,-1.06861499341519,-1.74013051806498,0.387967225601026,2.06743926373347,-0.597882986932138,-1.02276094004637,0.959888627967626,-1.47500057393565,0.717074937542477,-2.2442816089679,-0.962272885020682,-0.453162254859368,1.48662613688461,-0.837433877383491,-4.68680943067488,-1.20367854319083,-0.0370662949846889,-1.55292263284695,-2.01117083991217,-1.91352291284388,-2.33084422420733,-1.79187845150832,-3.2290534171228,-2.85996560668731,0.792280984594943,-2.23496084522626,-2.75231908689198,-2.51635756871858,-2.32533287433437,-0.288374131631006,-1.74855428695922,-1.94675775650984,-3.04011799739454,-4.74097642210392,-0.00895048520611874,-2.71178650693717,-1.51155256015483,-2.49173943386408,-0.0900113737601321,0.414658514322537,1.51292184816044,0.129960953636804,2.07383017900119,2.36340264271124,-2.53448200898612
"32",4.89875183252323,-0.933802268503429,3.53397308228995,3.11973403926607,2.65994145503445,7.36923682081222,-1.58171067836803,4.164864268742,5.84033102056898,-1.14908178068816,4.57386579640193,2.60746882109998,5.36281697712234,5.46849196063379,1.86607955814044,5.05237477512953,7.03244796145019,2.88361676880666,6.64779729419696,3.95046985134229,1.86756954064245,1.34622503299568,2.70148455283564,1.64202153823566,1.43796461410832,4.45502886876465,2.52288332048738,4.30086118336461,3.5956010434608,2.89541488146657,4.22570740621734,4.12297716323162,4.63016542455873,2.31713674175948,3.65715432012617,2.80211532389395,2.1740107650748,2.21857140234507,4.67867099551593,3.73404892112108,4.46135098432464,3.89549610802088,1.27388417057869,3.50604388326699,3.11656252502534,1.70465626282253,1.4571602392981,2.77717890910512,4.78382929638241,2.50191184445513,5.17289236317935,5.81441136820218,-1.0036660016781,2.24762917894879,-0.0528705064696511,0.464134028342923,2.3452716933183,2.6613325197387,4.53442699396248,3.89438561319324,1.32546125193802,-2.80043206936734,0.630350915244089,6.19795804687422,1.57740891164417,2.35255107364664,1.52444230407574,1.05979366361941,2.27330486929483,2.75758415247769,0.463067023973315,1.33011680887843,4.81839817686227,3.69262922272744,2.48633982070431,1.30118377857547,5.71332879674262,0.0508173539714636,3.34905797057508,3.65280032767583,0.41992735180868,1.79989956719685,2.33792599094968,0.406549459438644,4.63895126296479,-0.679744659575111,4.60279756033258,4.06510557976835,4.79780491898044,3.89602269752222,4.77606748100456,6.59054831283287,0.273036320046172,4.45003116716035,4.26518245799965,2.72084174318224,2.6012553865593,4.7734379778219,3.16211956837113,2.46719940376119,1.28411895836005,2.5178726029248,1.07883413498942,2.80702180386429,2.67531359895146,3.16541442993006,0.940263300376365,2.6718311946166,0.730035154483433,4.02631386637309,3.47194240650339,3.64684170860185,1.46811275504383,-0.365660324177912,5.26461438288654,2.97087363121737,5.13553301598846,6.34507182946924,1.69492800723079,2.73334798941381,-0.121411894255578,4.09413042308392,-0.257914687171637,-0.266550244489114,1.50481146292877,0.20752262738449,2.19825050785768,2.13249242151977,4.93695438753603,3.72042612835131,5.96500154506974,3.31142093090317,2.6548213823317,1.471716804666,0.769836406497066,-0.00752743723505755,5.63744167890605,4.85332495402286,2.83598702524276,0.466890888294971,3.22159131034533,2.70852311391763,6.89935911366462,5.65553938804564,1.15164212331708,-0.150580412528578,3.35929750347285,3.65132260432707,1.86025380950878,-0.0710966285176942,1.49805571230952,6.09414660854482,2.64473901884029,2.60693188997189,6.48346982809155,3.88833254075804,0.646717975368686,-0.387612415667939,-1.94642178740188,7.22419237700828,1.95339614965273,3.33788160970124,5.77542007579498,2.66710996901828,3.70974740905067,0.446346617202971,0.855000846859057,1.01865159860445,-0.743930732868533,1.56759170968703,3.61614050374336,3.64924271254471,3.45393516266066,5.08117799303437,2.2987094103286,2.62113378501356,4.33909017791587,3.53869880993352,-0.824144400156384,4.48245593818899,1.47745107627783,2.29489006025767,-0.3797470490797,1.40583388308414,6.59272414206085,2.84518495798281,2.64201608707513,3.74668434323524,2.21066281427633,1.43387731032768,0.410794583909687,5.06569093743076,-0.118605477996969,2.06636382343993,3.1251671799173,2.19889548017502,0.804252768580983,1.86889693352541,3.34422873785381,2.97710603697802,1.33617084264223,1.60475437545514,2.01071331279592,-1.04030693522639,4.26224046838046,3.37737204503274,0.605501829800761,4.26982393938597,1.76583539031607,1.96777283354531,3.22378800660661,3.32648575453529,5.75590804049117,2.62903957330958,4.91289849410543,3.59577408324412,4.25383540468464,0.404388647286158,5.62897369631648,3.56567353575234,6.75602251250216,-0.865362747017574,0.651427191467296,1.27227147058737,3.13602357604663,-0.696139114004553,4.29741022469404,2.36047511620906,-1.05840018827517,-0.488329221817752,0.478364252912891,4.18149917270451,6.61496363027406,3.86251887255016,1.57860344179879,5.21743259704387,1.80488232797641,1.87538533253641,3.68762809731742,5.18571878082623,3.8657771262414,1.31429335055522,1.84715287679883,4.05920124669492,3.96771039140759,4.28904665925651,2.311868561288,0.369009379386921,3.81386229845327,1.56417633250203,3.47091566298642,4.87200275264759,1.20247432520967,2.99986721500724,2.28987142859552,0.602611983163666,1.33139944962399,-0.127906708151571,4.33167531882593,1.90877301935491,1.36004143729703,3.49795164023271,6.94100578418838,3.35154633890563,3.88807286882227,3.26062926645764,4.70497868966862,0.180611279860243,1.57667337732864,5.35057992370247,4.06627042084802,-0.057310155769946,4.86560093081132,2.82920386393469,2.86133778871371,2.94677882046731,1.34666168857352,1.8169560969837,1.75569748551774,0.545070330949335,3.92853794373322,1.04756347967377,3.53883277278777,4.37361044009435,4.30014909523756,0.573603599685256,-0.114873665651406,0.672434200080488,5.46441936366018,1.6159576522992,2.75863953339498,4.21714935804691,5.21582837226584,1.52311540773879,3.2140654212598,0.83453339983582,0.75212022566784,2.68030833024182,5.27144741691655,1.59858304026099,1.05484278672093,6.52510497887872,-0.703727805835885,3.47983690374712,1.75653283559823,4.48870046683828,5.80062287221243,5.78732475104572,4.65956812681558,2.44717684775691,4.15805845614979,4.65389725505422,0.418519097715088,0.263691706074784,5.17316267491823,2.20013100394798,4.39132964566531,3.44790489718118,5.0090046221052,2.98737185647268,-2.81669097192692,3.08027177620994,3.49927790131918,3.8862404291374,-0.00301952856318088,0.947297191811515,3.62691233247342,3.60663804023372,3.22079098253603,4.30114581612507,1.4204442626209,2.50388385138923,3.04327686507797,3.79488325180891,2.55980973691179,0.655156590375683,3.90082661812163,6.596205125728,3.39558273490779,-2.33591600669988,1.44256816546153,1.32472581221561,2.96616319949504,0.348136375387725,1.6870804786749,7.32975946492146,1.06922547884193,3.45183562559916,3.60301378946663,5.37058527643962,3.20597860742536,4.68241324746346,-0.179887808244835,1.18934396715247,2.27350844467968,2.697671119807,6.56301684044789,2.04121054418233,-0.846853877791601,4.63758775901662,3.54527331291766,0.862122113146683,4.65228221817719,3.20452275390237,1.42669385734746,3.47505706340787,0.95377221116531,3.44059229693024,4.50281693292124,5.71898788588385,3.04479411313005,1.70234585461891,3.36161716318172,5.13514164917067,3.69624269900149,6.05041360054412,3.73902046104322,3.03812811808182,2.86295109583691,0.326780620795288,0.0104103990974771,4.90646644167154,1.75769537102596,4.62569437224413,0.914777331858005,4.38223039946113,2.95598878734034,3.70443116388685,4.00980363510489,1.86983967573828,3.66726631049875,1.67831632700537,-0.226864909782975,4.46139626169706,2.72324241459758,3.05701147234333,1.46017252253987,2.96804447959457,1.62680744330225,0.956702043981204,2.65064281101565,8.20047815303635,1.21387408480874,1.8461209541883,7.20119496202005,5.68937031943349,1.07182852398756,-0.500290993630416,3.34740721714919,0.975404056151866,2.4303220662751,2.53619019571579,6.63744700309505,4.230180021521,4.06492556022005,1.58591277929608,2.98740875354692,1.39393670855191,6.71362583496304,2.32668783003591,3.20482138680003,1.82659652742162,3.57259617443044,2.30495487784541,3.91661158926939,6.0807560035406,0.348127008926658,4.37619189779363,3.98684196600318,1.18605227641097,3.07088334350431,5.66743815278104,2.8128908379751,1.335176559611,3.89868468507951,-0.0433023423852812,1.7531070280958,-1.5569949817977,3.29147404765598,0.104813941684102,1.79277242395943,3.08350648671312,1.42030915070608,1.73624950664659,0.925010999610322,0.474072702401599,5.0962477356032,8.05154357282535,2.15412849971877,4.48776743469245,1.55093977395893,1.73592408298053,3.3595738529783,4.56310315546074,4.21440975566184,3.52533263144043,4.06087458675168,5.12096268433738,0.681124327324037,1.14419569114922,2.87915545969566,3.67109996659689,0.761613204309434,5.07742417933168,3.62500054607021,2.97640861806925,4.4777258797867,2.60480279710675,4.38861947451396,2.50557375040676,3.51647567872236,1.70463864874664,1.79362898200617,5.16548353643509,2.17447301956567,-2.18002630888369,1.86983423706859,2.51133676702898,0.779684622660363,-2.16734761144923,3.81618654120782,2.98768387647578,2.8672536329645,3.13620212151468,3.55907476156796,1.82839842448165,1.85862952038201,1.45252016579624,-0.361251330714734,4.96746774171557,4.44833930275239,4.09706533709049,-0.934317232493284,2.14264384178062,1.53558012417983,3.19226079466106,6.07824283195148,0.589452884197476,-2.56226399653864,-0.38914366471352,1.39549451959806,0.118303589594604,1.96177560358588,-2.51625657350945,0.614260032250231,-1.79045116238086,-4.38156633704167,-3.0732781461717,-2.09064911314099,-4.85249190060717,0.210083378255,0.224371820606628,0.445575264961802,-6.59217129450508,0.777075442966963,-1.57221343676721,-2.25420407014107,1.34981301588471,1.17918481344737,-1.10862715190843,-1.18353455757649,-1.498944974737,-0.294886854988943,-0.962450524782285,0.527594146998962,-2.1235635262081,2.49094515282064,0.489841642371406,0.712018931358673,-1.40540650372762,-2.00114808846638,-1.55381614390014,-4.75084378968401,-3.7071937238265,-1.20324900145642,-0.0195483215776353,-1.92864170294636,0.139786746787014,-1.58262445223457,0.465703082083106,-0.26551458631281,-1.23843451917771,-0.974360271024208,1.10326808314025,-3.02553076494433,0.489777249340567,-2.51108610585828,-2.02936033924055,-1.58500267050397,-1.94703728295399,-1.66572024113991,-0.918185310805964,0.51971361427172,-0.710188889470723,-1.3448030456536,-0.431614362677556,-1.14300601890924,-0.887058637050068,-0.75085284296735,-2.20200437285257,1.46850399946134,-3.05760432818562,0.52528704797537,-0.939296785067487,0.462647475746858,-3.38437591413894,-2.42898940930759,1.44941691528342,-2.6924832753079,-1.12672407989106,-1.40128942052218,-3.00516714148379,-3.7777348046745,0.240613450399792,-2.70483869093207,-4.14561281512083,1.69719919848767,-0.603203751152196,-2.30881075553488,0.153589568117535,-1.51780530300505,-3.424069247867,1.49880316978627,-1.84491164794234,0.323026458223028,-3.16711232878026,-0.87189990601523,1.28180439500257,-1.46992576022565,-2.53650525839505,-1.05205310013475,-0.473793111347751,-1.01329970278682,2.7517324905489,0.379882263452651,-1.29426994724906,-1.27687929134399,-3.63176309406705,-2.60674943821952,-3.74341390133567,-3.28632811499759,-0.426339654343845,0.970521964571773,-3.22943197924937,0.792480270070003,3.48239380522086,1.84648631244014,-0.791808901909228,-2.84920864980915,1.74554781439084,-3.6515935393809,-1.10404564259965,0.954917251730155,-2.20731763028618,0.177398934508391,-0.699582248383622,-0.55634723502515,-1.86388966617842,0.192507222281962,-2.69232769482904,-1.13457894571127,0.950151684539808,-3.41886567046916,-5.03864665820457,-2.11059412693233,-1.8259058631765,-0.617654237918001,0.692260831612989,-1.60774556617153,-2.25796814857468,0.787694907384901,-2.43687854022397,0.988653061536471,-2.44475957491968,0.339066294603332,-3.16489741020674,-1.33991887640095,-0.0418207375022585,-2.86534893116759,-3.32794908569917,-1.76686477876972,-0.361008177830531,-2.11827146474349,-1.22721362183837,-2.31076635679538,-3.87660033219932,0.371265033355877,-2.73473428877433,-0.298118226950929,1.75781639223125,-1.81569197892162,2.50077069048014,2.10974844228821,0.787650671021097,-2.94802264526372,0.595777401744917,0.560717180916054,-0.871639942769129,1.32188758013535,-4.2250861920338,0.904076604957291,-2.63071484287995,-2.24426381803435,-1.24407674372569,-2.03458250670132,-1.21685773415498,5.10513244479827,-3.58449283582926,0.284088091502277,1.23079598705362,-4.35693315186617,-1.20867199587524,1.70361894931021,-3.40300592657571,-0.545242445478758,-2.836975356301,-0.341685977564419,-4.51506812654403,-0.373312563873271,0.175073613206149,-3.78815744019814,-4.81596372922953,0.621721481750811,1.71088191420625,-0.0788782536028076,0.451504261335657,1.58883855830757,-1.57865744024928,-1.9087664352688,-1.11479563142332,-1.10410762076597,-2.91200070217928,-1.41989939630113,-1.52779180672153,-2.80607721369695,-0.290405332411037,-4.56704899743701,-2.85109356440822,0.408534073344921,-2.70780896397772,-5.44912640536995,-0.870079034302373,-4.02059794370377,-0.647852402449818,-1.49864009705815,-0.304691759728615,-1.91677569111831,-0.187135380459709,-0.0194955438814063,0.517898447826279,-4.61998145004348,-0.961909724275778,1.07031321202405,-1.02550730956574,0.140459413771008,2.04835340702745,-4.00136318951583,0.967999624758938,-5.81537518287355,-4.56508896331201
"33",3.25764517849719,1.85952757378058,3.11125940919301,6.17752066222803,3.90135477473437,3.79981918603271,1.09637921624726,4.0451991650655,2.76666033796309,1.57677457035108,1.63174135538651,4.39770752683217,3.84259417028558,3.90613637613929,4.01246756722521,0.267705921945234,1.77171889953423,1.87483664807605,9.06408691293644,3.20198529041793,5.37878877487359,5.51344429024921,1.3534732152538,3.24875097620406,1.25229075475834,3.92443716204988,7.58356940079727,2.678824596266,5.41888988481466,5.35196922183197,5.61592027550965,0.0460356159793598,4.5241268391977,2.06846705579941,4.67059912908977,-1.23836620956182,2.69295100469496,0.734230250197851,2.22558394933061,5.1431849695657,2.20054787525687,3.52940163195359,4.42597012749183,3.8774731355541,4.97186709502231,2.43992765567194,2.55104800405226,3.90246396874271,2.72039736758349,1.0476584787688,3.94277593748503,2.2533600456803,4.1170889910852,0.70694776161166,4.41329806801035,3.73121682992878,3.02867353710104,5.23189829747563,-0.266678702237001,7.24867416735954,2.7491457293712,2.30787545390707,4.69832952094777,0.129940265672191,2.39970016738561,5.61025890179261,5.41241004783578,2.9965399490833,4.68997013633425,3.05874246088345,5.39239742889948,3.49157652601315,2.23152936555275,2.51179439814016,3.3962328742879,4.63302948900836,3.29461069013168,3.44613054139874,2.56685981352394,2.99994774933224,5.01594190225484,2.73808747867746,1.93060053319335,6.61872150628113,0.585486358609419,1.46847610076738,1.34732264616359,0.810020282635012,5.56284835342375,2.42365214411281,4.41062630823537,4.68570618944242,2.78205551970871,7.36576583783736,1.48155305872725,0.59838265587837,3.69185271643339,4.19045042341237,6.66983768150726,-0.649940289582279,4.35612494717863,3.8374507485585,0.490989694810981,6.15140968801692,4.42690942945024,-0.646756228252146,3.96515419322829,2.65068752546478,3.4484739129498,3.56668199169938,4.5228027878775,-1.57092701701431,1.28323212440889,-1.10191419818274,1.78142498406906,2.78674110476897,-1.22463432494559,0.872720509383072,5.59375105945166,4.35212647594238,5.95028871070602,5.7334468035413,1.50085446275823,2.57741619154158,3.42572519016446,3.58806030309157,0.564827254406052,4.23343188080753,5.86343638306502,1.21841185164169,4.49959564738869,0.94682635482687,6.78939258200702,3.20778281515439,1.05762856789251,2.0873800210169,2.18170124764186,3.30773328847333,1.42837321875039,-1.50169920265057,6.30291045190547,1.66488098826859,3.04443687209672,1.94187129347264,6.07343792827334,3.37258268605844,2.27254186422986,-0.629113595220434,3.34886638884676,4.53217120742549,3.01308022383411,0.360083941280489,4.40516658759787,2.85734056100001,1.67874418205468,3.99493768232199,-0.429187368946746,1.95256210693068,0.528458645537106,2.20815294987521,2.241033374824,1.4429319234524,4.59486583730199,4.83127711513835,5.69291766174422,0.869976761602842,6.05350549202716,4.45855082672148,5.02224847874116,5.099837868635,3.3617378146816,4.78218596972186,3.05492047933901,3.4050677604391,3.6503074258651,3.15549214080651,1.27633590869408,2.56394484031853,1.28581969045056,2.0698906803803,-0.680245861937058,2.83686402434473,1.57267335642524,5.53279984491339,3.67861215582827,1.6214986081951,1.76254857412776,-0.853951293755068,3.81508167911465,2.06677824213517,2.22058475906071,2.80953059460518,4.17903199863244,1.80287588054518,1.55115193427563,2.95804512355555,-0.994412091085605,1.26889313354517,2.92276138629732,3.75669060641741,4.59192490806621,4.22940130748241,5.2950375300303,2.58766131045302,2.88725816578411,3.36824200445963,4.78834565616645,1.79596686329263,3.11360901496433,3.63118747328011,2.23876289756321,3.75815643080399,5.30204012479506,3.29235143513881,5.61032818422995,1.35206568210309,-0.21096569493333,3.07044729838913,2.75446807228733,3.40206524864933,-0.87726188935404,5.58275543322156,7.05918312105041,2.33754476118514,3.04427644873221,2.42686314771135,4.41251667960332,0.186454614295874,1.73801214792185,4.33392237099889,4.51830352119626,0.999699659077332,2.84386348381676,3.50948010390919,2.97640380675741,2.69890577231162,6.37189886557569,5.31855812889991,2.35528873060541,4.13256010872226,4.23309670625083,3.64620620034067,2.75647625607107,2.50479933360032,3.00689298873205,0.993613730550551,4.7345616368861,3.35507807643714,-1.01495936031284,2.81867339993372,-0.968076458326696,3.66722482875808,0.752558014949283,5.57381703112693,6.83001344848575,2.4355742325436,1.98260103052995,1.79755840953505,2.62903523096873,2.72049694540149,3.30157822083305,0.88939366237701,2.72006612919516,5.49877932888185,3.23502674874821,2.88152605575283,1.57409135154852,4.78215464020625,-2.12407367123598,3.61043056271405,1.81322530622076,3.44575707505826,3.85875189452341,4.25824993250349,3.93389101555641,1.31678275569573,3.54570614585065,-1.21476188804779,1.0685479884184,0.540894187179512,3.94486860517533,3.178814320186,1.93435493930097,3.21372845954434,2.51031417161964,2.24136681791796,2.53178469973975,0.0595477222257692,1.34980965230386,7.36015237379799,3.0381223634082,1.05995565226977,3.48482398865216,7.60278799732651,3.87773051742031,2.42603976263234,4.0178186999704,3.25896320938937,-0.142032215899149,0.0594059156114919,1.26346205014657,5.02502721168697,-1.95447653941487,4.96607654149114,1.94926178614417,6.09265839646087,3.54417480585759,3.60797908220287,1.59316066520323,4.9576722868203,3.09796417753653,3.74483843394313,1.23899463755563,2.07910872891008,1.36669118946828,2.46256456218649,3.06696366986735,5.55514452101817,-2.97660379677803,3.69457511495522,2.60865437071714,1.865658534395,4.04692302323802,2.34114640090303,0.40351447914535,2.18196111937993,3.03744124756162,4.1313675350225,4.0627193279361,5.9744357566417,3.58880691074554,9.39849043357896,2.36792337158532,2.67160233022125,2.40971881504212,3.42307631287646,2.02521394085983,5.34075966641953,7.66971013501924,1.85325923268997,2.17925884672637,5.03430197299567,1.9819101693166,3.87599866588378,2.76045826950336,-1.76582780832519,4.52750504435087,0.872288451610904,3.15850130622216,4.20180406541888,4.15519754330427,3.8638539979261,2.59955854717948,3.61439728913396,2.29852917930135,2.40441594404856,3.9963161141084,0.841133119530262,6.70221720986569,0.641890693951277,5.01747559031463,3.4438474194305,-1.52575823953646,5.31840448867909,4.45974578417872,4.16078283479117,3.4359095432798,1.88472397632106,2.26175040314719,7.10651066331183,1.94266331683097,2.83193474501324,5.1990614734001,3.1999587810852,1.57483175159765,1.89393954055306,5.30347149537609,5.36156714001484,5.73797583181931,5.15861548420196,3.70159655070365,4.59500361889914,1.47046439223231,4.96560878064038,6.91065871725592,2.77492531215153,2.74293758485049,1.44789135354121,3.3773049779257,3.94345544989424,3.87459658169711,3.66416566560306,5.54865517077453,3.02176629301876,3.49646241731189,3.94326319961669,5.74892963961016,-0.938512931014779,5.8801780473803,1.85647787902604,1.74841898991199,4.68557903461324,-1.22551490294479,0.795614288935267,1.37084528396739,0.36459487235237,3.87159196626213,0.175084196868888,3.46691607507326,4.84804651905005,2.59785875136781,2.93399538380769,5.17324718145381,-3.16947418054735,2.43672766332276,1.41237781741698,3.43321726409269,3.71692073811096,1.95524530486297,3.35550608195475,3.15761191415046,5.00133748705158,1.32269543019079,0.943197906587952,-0.920789997473258,2.85958582837899,3.27413490768042,4.81332649194566,4.06104610018404,4.36615176118755,1.32707697959756,4.95597981314768,2.49532695298573,1.66109411056305,0.397619425445694,-0.559494948661319,2.52274812366735,3.39848257945569,2.7573754272765,4.07080352943235,2.11739160534298,2.69480439709523,-0.168092041129789,1.00636076136175,1.46650126175767,3.25608603802444,0.0371470776826603,4.81371136746596,1.49635628604409,3.15313420586351,6.6360937035424,1.83291288121486,2.3691897259278,1.35134726171729,3.76294442337194,2.35684251701317,-0.722656326001909,3.77125307144064,5.27788013154126,-1.2251928640572,-0.22052891020689,2.27942426716144,5.80848091157074,1.49878158820484,1.63054339721201,1.68268008171706,5.38620962308928,2.88829041853101,3.79351385451877,-2.26959950911881,3.18588090600563,0.473633017415886,6.41104240616767,2.80224722516967,1.8850467583779,4.59707109302966,0.93605458513797,1.85357901027209,4.7105947423561,1.64809820454653,4.24417761279741,0.288314518353659,4.83721915522061,0.507237854140504,2.22714169972552,6.0845012802908,3.83556357878189,-0.113612987442927,0.208110475480088,3.64941003251152,5.86044155496832,3.57514451478074,3.65167981476512,2.11402955039523,2.0299812093857,5.19565074719194,-0.836054502035113,-2.92034443852992,-2.81695620532499,-3.63658066031034,-3.19959460156037,-2.98614626799997,-0.782597609581403,0.235221481789228,-1.42891322808857,-3.02525593761475,-0.0698902783154614,-4.82820778684059,-2.294695462347,-1.18322527733517,-4.02499001594675,0.0984599497005321,-1.23064925440942,0.062296554821496,-1.54956774058257,0.220376764623492,0.217512014239059,-2.13041406705184,2.88632150335632,-1.5189187556006,-3.45474137410439,-2.03668609476276,1.16956115955106,-2.6225826540107,1.37636655406755,-2.38596347262892,-1.40561876107455,2.0435456623741,-1.4949110290083,-2.53799876731086,1.65013218145918,-2.70281944073218,-0.0151643428109077,-2.61379441172109,2.13941431200171,0.913421160070089,0.161028651920935,1.440575843416,2.16222120657826,0.154680762279458,0.445457496741187,-0.226392283339856,-2.15422956346286,-0.242889758535397,-0.5205615448381,0.1076924633899,-2.09504806174397,-0.75810875970457,-0.175113544595074,-0.235865159305643,-0.874571641528128,-1.56153500377292,-1.46121238186239,1.32686947064152,2.49638742477383,0.148038288534643,-2.76243791432985,-3.57512885683136,-1.27502819167505,-0.755943045633064,1.1552503497372,3.72602302066763,-1.08203268944246,-2.0399327038785,-4.36115302184789,-2.19574729836412,0.686137933053727,-1.27242740967184,0.0324005661431563,-3.74197888580396,-0.552045084770253,-2.37566993555893,0.924153887680657,-2.07907411932553,-1.75118581668993,1.97644178736271,-3.24796276837427,-5.26811418481192,-2.65983560096339,0.342363743708426,1.59421900819605,0.923193475711626,1.40720476316437,-0.890210668834895,-2.26700228754448,-2.32495501470939,-2.29961662270741,-3.93774946631803,-0.522266002060051,1.19532370737543,-1.30420424515212,0.64728052603418,-2.50481232347332,-0.531276890889505,2.56478486334366,-0.542010414947448,0.217273187718225,-3.77547636461828,0.227402719512384,-1.61501031273812,-2.64267215621277,-0.481252608452212,-0.459667855856162,0.786407745471031,-3.05284886817032,-1.88812346334513,-2.06865620574503,-4.1467080744394,-0.565237547714249,-3.48363128135065,3.18892581624024,-0.332153619982456,-2.28292797472656,1.33225787339528,-1.26675951777234,2.34822840455371,-3.31974841954904,0.0294559601439541,-1.87382729717211,-0.643665632440448,-3.65393870034671,0.204391619389554,-1.42930980009757,0.174546286285527,-0.826879584760996,0.132377374434498,-4.36415060114633,0.0498291970596312,-3.86618840236295,0.644181298011214,-4.14334440478954,-0.0178290224011678,-4.33637201334774,-0.965138047942401,-1.0360645168783,2.14655482879663,-3.42055079840152,-0.68339629933805,-2.22895626983261,-3.2597663780226,-0.14586744287348,-2.01430708898379,-0.639365932233665,-3.33970240437179,-0.629833764104526,-2.93912860754957,1.09812598273315,0.585756051684704,1.22806912657421,-2.1370863704019,-2.7114288118901,-1.23419785656857,0.707858291494232,-0.781302185155266,-3.6442153760067,0.307163364827453,-2.14901935812131,0.337130581962671,0.452812324983821,0.690789458677467,-0.0120641870310079,-0.560548411775364,-0.282348189609054,-0.93438655157907,0.532790162683078,3.02499839030006,-1.01655909032642,-1.34325140165213,-0.955874498232237,-0.682992247555977,-0.436953724356815,-1.13919195254818,-0.305079950960278,-1.13561356920777,5.78921572543174,-6.22148596669551,-2.15779203943519,-3.76808780465558,-0.0402772846234416,-3.63623713557737,-2.02636851075216,-1.22301782812466,-4.95948439500892,1.90111134360473,-0.937902169024159,0.200420115114026,0.110358047158662,-2.9995844784178,-4.30020035265815,0.784418545391077,-1.69080318499704,-0.502873815302643,-2.22136973439973,-3.81416608232726,-2.10249499545881,-1.16028267399732,-0.789164671421761,-0.31292599240978,-1.14203602641332,-1.01638004604019,-4.88239551407104,-2.66655522628808,-1.01019851758777,1.6753828430236,-1.77833602846295,0.085339606877012,-1.11035979691685,-4.25425388845467,-2.1570184584819,-3.13456500329097,-1.63045075585834,-2.08024060481171,1.69220701953614,-3.10204850495913,-3.69030240216029,-1.97644029351892,-0.328238591674035,-1.72765028890843,-2.28708566937642,0.0509475122171603
"34",-2.9675296713665,2.79895575714461,2.34575515797278,3.37832150652778,2.79914163409959,3.67701859008384,0.900085704931596,2.50495031774152,6.24829675625677,4.05806948312355,4.76542695236254,4.59849693363855,1.74454921103271,3.0469932345148,1.83377486101825,2.75615623439855,4.20312532487873,3.5628123721229,3.37353965201877,0.723087514260425,2.70023679801475,2.48530294054813,6.62534624927182,0.473754377602584,0.369575129459933,3.59042080784516,4.02909396545057,2.3220829935481,2.32006541082997,3.21087802409805,2.9107614010128,2.73392628282452,5.47382623931952,2.4488200984991,-0.683910763991921,1.63845605293147,4.26626320448915,4.85209263656105,1.94145205918816,4.74012115612321,2.25724975369768,5.38706392188114,6.70909972466291,3.83057735477722,3.46141176601213,0.731024788925115,1.794147784903,0.55649910941851,5.66804406595802,4.92462604084218,4.7497180433443,2.92840995303048,3.91783023152235,2.98073557496134,3.55856368611367,-0.0028174466284252,2.68384183144521,0.0599661526015907,0.947800358338888,1.17939296110414,0.254953510848316,5.11908163548256,-0.062127658841777,3.6089561838817,3.46855978051954,3.93418890146444,2.58630088240072,2.87856735036118,4.95307091012922,5.54862627536561,1.8892319798547,2.67485362924485,5.61862502116481,6.21271877442808,3.39653927445654,3.67118253502547,3.86870387315022,2.6782315267618,4.80903567008019,5.67706780497323,5.08615825759388,4.18799868208523,4.01505092251337,1.7445536278179,8.21323783344273,6.12623550152491,5.74263238380967,4.01327008989173,2.06767308192262,6.16973287478026,3.85784189652268,2.61761971812352,4.56109781281714,-0.519352212811627,2.29517789003068,4.73440591333318,5.4228532666588,2.72882851203719,-0.00111549758568286,2.91481991198782,3.68090952316632,4.02377283821503,1.11988847614858,1.64671919725021,3.48242775444732,4.19657994840386,1.92620794288718,6.02428245564169,4.71529357502436,0.83556917630737,4.12752209810527,5.82265448168486,0.857402059609106,-0.245868265034252,4.2040667459856,1.94604327062292,4.82101472156351,3.73266920674737,2.57469915425339,3.268705102223,4.17000639784369,3.51528709743208,-0.082576180811277,4.01105595317794,1.5597007462936,4.47445625742421,6.39548519105255,-0.770123767269068,7.30742848211777,3.70522890560712,4.91440329568187,2.39061993901016,3.89083076233599,5.79120876302209,5.18214561907132,-0.94054950414607,2.6307771865046,2.92705417214176,4.75709814763663,-0.979313578933548,3.23546798511605,1.69107950166569,4.80491979889506,2.76365782571596,7.93332967083444,2.64030344699171,2.69581846658729,2.34797345197559,4.53831784991898,0.962959828956404,4.191377494192,4.19856280577158,2.60224805655419,4.70186003479881,3.20158506861912,2.80802105630224,6.59155189720533,2.10453206245487,2.3966924201501,1.67707175968776,6.02860300158777,0.644586534427024,0.222085446693526,2.57452508129909,5.95926823755016,3.41105740935669,3.20972859631615,0.317657661919456,1.64954319047362,4.46493343878767,4.14849180851546,4.28500757359582,-0.920865710968908,3.68460716415032,5.71349569540493,0.675081412233734,1.48744960086721,2.42155064629547,5.14036244253762,1.11988094434011,2.75199766114439,3.91576485602781,6.26723000796015,3.91561616863221,4.07807653076155,3.12664106449281,2.7858688757638,3.69466142607649,2.90231557712742,0.780068239853915,-1.84192983596088,3.60715567055564,1.67297173742778,4.22519771391894,5.6497932526858,5.98233167652467,3.12174148342722,5.03745592181935,4.0429647072796,4.17764169880035,0.686255843934371,4.5464723985259,1.91467551729176,1.63249962024496,3.80890749706865,1.02556688655633,4.0381841482863,1.09288820490064,3.22758987515012,-0.0915532707151789,1.8184554193822,4.67563414840304,2.96034368139823,-0.66368491880262,3.36521818255695,0.651969282195295,2.20671703206589,1.61575294633184,2.85936491875689,3.01275080863095,5.12830666509837,5.47222003186568,-0.94020644402958,2.1466245918024,2.38779026302992,1.62363016596064,1.20606206965553,0.811226481712159,3.62322646274278,4.91836014969115,4.53318756009425,5.72435871508455,2.17430648880984,5.69120521555713,1.33592897462164,0.728185346287216,5.22130692833133,1.26194101467079,1.68754035502628,4.89716923375011,1.00385472702788,-3.57582633322042,1.96548335065351,0.46493124841359,2.82049837530748,3.36256562263527,2.00231108377875,1.87650672825982,-0.995234785165532,4.09618672936157,3.59686751798941,3.28462283967624,4.41002908929683,-1.06277636276418,1.19688770969634,4.40740731077433,3.72623429501921,4.25405854198091,5.56440229202205,2.90385079835695,4.73514098939259,5.63561867570705,5.39435045185457,1.7684103301593,4.23240493178936,2.69344085350079,4.15609203501552,2.93400871312448,1.95764087591647,5.5996538308766,3.59642103835192,7.76314608089407,3.64148055076428,0.667497420750778,5.59113975437779,4.80218467321947,2.3706571127369,3.03536845650268,2.9928664249778,1.42947875299427,2.16894337862118,3.02097477619775,3.81981936169519,3.70230421154975,2.32457517629331,2.77710641780402,2.05203790992294,3.95545100125478,3.8556272254959,1.98569883553036,2.09187492806736,3.6824896328041,4.52068878528678,4.35383205473434,2.53593438990721,-0.911672756694637,5.53267983750555,0.871261087440234,2.0094828858443,5.9997316344083,5.44358788852895,4.10818860040375,3.75599341827842,0.636809975643086,2.46905037920006,5.24938840851423,4.47111600350682,5.12775876701616,4.98266538531996,1.5414518082441,3.61633536886219,2.98473040935252,1.23357194306061,0.900112993838427,6.66162351086186,2.80503684306075,5.522166850939,6.56468632805868,6.63178013324018,4.13738080935991,6.21263638544326,0.965952636942655,3.50429643252456,4.94441144843476,0.537778424701009,1.24022214971324,2.89250100501115,-2.08175577725321,4.60086131600525,1.20162441331411,3.84665569927394,5.47351155402141,0.222703742674959,1.57529121651104,5.55504485573435,-0.787475750054362,2.37197425802049,2.81297265657619,2.84362209161283,3.4064476383815,1.80717146709638,1.63228212342526,3.37366436371292,1.3976667850114,-0.320325033949664,6.48601334437122,2.39002994479918,-1.10645448684205,2.95301719067558,3.62875885728137,3.16201454487928,6.32251059780066,4.11456614230509,4.67374894616626,4.56790915292914,0.720164007324362,-0.312255103748472,4.04669272923269,3.46451843754215,5.11233726084465,1.31789215763973,4.20859152902627,2.32405110225926,5.3926956504647,4.10580611744128,-2.12858090005213,4.83482608489052,2.38736708467479,2.65396646376529,4.0866890781094,2.12680360244832,2.44840998128509,3.09948930870165,2.37571787049901,3.97207288019349,2.20522813590564,2.61036878061817,2.5679020280899,2.85148725907321,6.43118534386366,1.9478950709153,5.86679222464198,7.43694714830526,4.8897633746043,-0.305151904555711,3.78285353818411,-0.788904588985322,4.13022452483108,2.72418035591805,0.806186635769075,7.61080709512311,3.6332655061721,1.62377383095754,6.36065748970693,-0.755577587948643,-0.565429293021877,5.37247421756872,3.15917358632484,3.99196076968304,2.0018434513798,1.93935725440936,6.74885604327926,3.52018742066732,2.83502592175498,4.46850769572513,0.621328354486535,1.08047878704794,5.94694868536969,3.59836431371694,3.56323998916322,1.058320330818,4.73901152274454,2.62595562282742,4.12340921517504,2.20574492253994,4.07627346429715,0.614812990947816,0.323712827662411,4.73265039006416,7.53129605355978,5.19970630592509,0.571216059524996,4.98908558473454,3.83586525581732,4.52097788729791,0.983765273950468,3.37970071219432,3.62426066428254,1.02312317444584,3.05743716138952,5.22168169884725,6.66884234200478,2.69799283188717,5.65611898819449,2.6338343311136,0.0186415842805792,8.68624867189259,-0.142684345851407,5.38881264831951,2.41379522373685,3.25133292694431,3.67787315095147,1.21509858657889,5.41232467689387,5.76851043909167,3.86573576754933,3.07700821160611,1.86645175709695,0.0925845346565506,3.29141127927116,0.8600985095717,0.89134704630988,1.63469693125696,5.02527408431015,2.03828360533,2.68747896822269,-1.09353783952596,1.04841688932981,3.47573203501356,5.5471078881326,-0.735815154066263,1.13967885442769,2.71365839224135,4.42002398585223,6.45958467972832,2.85357376993842,3.12002393084512,1.95260492121243,2.10269068615265,4.06155436734265,-0.516025887386728,1.91907575529804,4.42871034185709,2.14267177041007,0.666520886133352,-1.81402796164253,2.35641255175804,3.99402073045798,2.24620432809036,6.56765614573347,1.27563835126535,1.38200672419724,2.73981212207155,1.04386614755668,3.61148361252966,4.3463391859208,5.54764744176837,9.44750416873697,-1.31482843285617,1.34091029619087,1.90271453372242,6.57877298271011,5.97158682403953,3.70157641152638,3.91061438602904,2.9091958176929,2.72480602828613,4.85702531682024,3.66918338718199,3.63833021696057,3.0985530356261,2.8408802495868,7.32368956307976,5.27950755913745,3.43854540345133,4.28725681948255,3.51854301614393,0.646072394473126,2.04669718736779,4.2609395515239,1.35119637562659,-0.331332335248271,3.15349859524662,-3.01321030633503,-0.403264802149237,-1.49403729285125,-0.657451899889748,-1.46901690743736,-3.03879613491774,0.604762077107452,-3.65983067390058,-0.284029882623518,0.300326757499639,-1.46759273682266,0.88358331770081,-1.79872092506334,-2.31964893242271,-1.64017206404175,2.34850954046847,5.15543849856832,-2.10418721152655,-3.34692432221658,0.176852957656615,-0.639940873565739,-3.49828104374327,1.1253134232691,-1.90406196029546,0.211552445768177,-0.192909425692901,2.19503687878028,-0.849349545159263,-0.666355411653009,-0.652800572227126,0.586266457583615,0.514172048105705,2.60802879577651,-2.56115173317203,-0.0108704287421569,-0.881658959497974,-2.03310091251979,-1.89125010343019,-0.13335218146296,-1.39087699061114,-2.86246463829076,-1.42192619961311,-1.54094773459567,2.29184484739474,-3.37330317054382,-0.152572981884538,-2.19712396194107,-4.12294814651826,-3.61386296109163,1.38315974897024,0.595619176991564,-1.76111270981715,0.377316852763058,0.338345779368234,-0.095958789369924,-1.8599160473552,-2.55898539307445,-2.72189726347926,-3.99346138917115,-2.76819165073535,-4.38805231650618,2.9845024372808,-2.37959183643018,-3.6269632486618,-1.62836202731155,-2.35619512533139,-0.931538627549094,-0.549163618196759,-3.22640735068648,0.490943392490143,0.822315678450822,-0.731135608067762,-2.03705633753247,-4.78546798155444,0.0434538969629388,-4.00820757875825,0.193642970590757,2.66030287421915,-3.11907625710807,-0.855911291482132,-1.07248264025804,-1.62501030457521,-2.23259022930702,-2.6062148829067,-3.62233289282762,-1.47510818626123,-1.31469210045463,-2.77926404656113,-1.89116021569167,-0.734644803245555,0.717297062420289,1.39825779001644,-0.172495659978382,-2.89209551217102,2.36245915985202,-5.33090249720575,3.56691533105537,-0.474084889495596,-4.62949141299334,-2.69016577158658,-2.77069455658028,1.96406277275289,0.82438888238273,-0.786879499690528,-2.06476358697095,-0.411970237352466,-1.321979762638,-1.19358662673779,-3.95052220894024,-4.41510460477237,-1.51039862976018,-1.98835021082402,0.168620465303036,1.97311061783349,0.615455456397017,2.49714642784147,-3.24726478292751,-0.236548470186042,2.29122226557272,-2.77177931339549,-0.411101910640697,0.847504103222183,0.543131406106963,-3.33772660107229,-0.577475191618678,-3.11101806821881,0.619256541475417,-3.06698423481211,-1.81418440082383,-1.49228035203395,-1.98747301705241,1.06224770677392,-1.62593102870832,1.65784118956614,-1.72465851157061,1.12437677041484,-0.56836861459448,-0.226733807537192,2.80595051651825,0.150823919427985,-1.14368781118078,-1.54119852111239,1.93339513111769,-2.88828261971543,-1.13992149852085,1.84064704104735,-3.33875309839649,-1.49038515927966,2.81574896779598,-2.30608272528793,-1.12954330244804,-4.21945854187436,-5.22241524821087,-1.6538716318021,-1.36332626951279,-0.341633381093312,-0.492611033209664,-1.49464088742355,-1.26558742108827,-1.31128750235022,4.7490604548494,2.33709688099291,-0.226990973845917,2.74616350210114,-3.88110375940547,0.617670078741951,-3.9417523262589,-0.452160705760347,-1.29196444995605,-0.782315211640286,0.312387969364343,1.76527313040181,-0.623040022935904,0.0473489401029479,-1.81456630989648,0.47645952485062,0.658046632547831,1.43560910061881,-0.584928209315118,1.21664772458665,-2.24197327398301,-3.79687417332672,0.378674769376032,-0.99547504603307,-4.28504206195697,-1.56782571067192,0.00291962093817255,-1.11197250308385,-1.01654605423166,-1.13643249153585,-4.0934730634198,4.02596029203605,0.709620392664007,-3.16866147712149,1.99012041739587,0.740162864518499,-2.46022826076457,0.816423100820338,-2.59884671882631,1.18499352204232,-4.45578135886955,0.499969498813031,-1.44415955418471,-2.73262090230004,-3.53247038494769,1.05844527021025,-0.644492077605883
"35",2.32465054534118,3.56502061450507,2.86840628167361,1.37664189590576,2.51417107627382,3.29326682841568,1.41788209524844,4.77889632648366,-0.374703088588056,2.04072468834491,2.27583847769526,2.08788572890512,5.21643788734667,3.6816806252379,4.94446521513286,1.70763069493727,1.14598654234581,3.60698041017525,1.19363261995101,7.55081849129803,0.62455566306613,-0.404164018988562,5.63260683383109,3.32673150298848,5.44926324262198,3.81718963035226,3.02925943311699,6.81276734458392,1.87579148233878,3.78290999545637,3.0828331593239,1.68866307993035,0.607234022793222,0.268028561947912,4.11886972347175,3.29430920423169,0.704609646588287,1.85947401594345,0.876200445752149,3.27112310452319,1.26136844785614,1.36805217780828,1.43484123915661,-1.76013319921879,2.48900529818607,3.87671513668695,1.38576424467761,1.42985849322161,5.21543300724889,1.30230726234297,-0.838935118257295,3.95447637646466,4.62769635904913,1.95991135181268,1.39071085854552,-2.4577632776812,1.79956996003305,6.78350287442336,5.63525054485781,3.97376697014076,5.53629842765468,4.33892382217307,0.790629975227195,4.25890329339373,9.10706594878275,-1.18944315380003,3.77654316131827,-1.31988885430119,-1.72738730151734,5.17528868108573,6.65493409522192,0.2724377982665,6.52476082848995,2.78575614009252,1.27418193539113,2.41381714010869,3.14339638925721,2.64358249613728,4.22881770817686,1.3414730351771,0.438844825308457,2.80280572655393,-1.09410668522594,5.40770597191154,3.62770755425192,5.33373034120719,0.856489720672354,-1.28118343432526,2.23286591327791,3.18835853878926,0.838604859051442,3.99284358587056,3.41305410097163,2.73238125544853,5.96995508833568,3.93370345227374,7.15851479224661,-0.0627721003733752,1.01873868515032,1.86167866060299,0.681414345768289,2.06431700785732,3.39895544786168,0.228574759870711,3.05638349150591,2.7696983424482,5.47770743970297,5.64789707964066,2.27022827524372,1.79166279425791,1.35665888004287,3.7019348899089,3.79917383644256,5.57154327026516,2.3678348413015,5.00680287374892,4.82187845462718,1.83625454286647,3.0297057500871,0.451327840436644,-0.348139737516622,4.50268906902531,2.22003144550154,6.82794599116142,5.5969526057861,5.85645613175717,1.75230496667673,1.9923863391993,7.1410722074774,-1.08600819727008,4.02952052327157,0.0632826751810827,2.19594563647242,0.873285574217803,3.71534877240698,4.04312494754214,4.07776436385184,2.97596216268422,2.62708517412742,2.91213585946626,6.94878544581682,0.704134533939423,1.82714834477177,2.43539924383327,0.0867608412721976,5.20818306625489,4.49252401888622,0.984513013140606,1.72231895679148,5.00455235718329,2.80060788414461,-0.851045406970276,3.47985262511453,1.33703462619358,3.95911838388718,5.82808980656248,1.13713234172185,4.20618843108589,4.25723880032653,5.3461777322234,3.54712501651566,2.87627338167412,2.89426494463904,4.08371972197498,3.94132059867923,6.08793616575621,3.27497941419346,3.83687915727053,2.12920115138244,3.2470691091822,3.86900293336689,3.541432812298,1.88245173268338,2.01881599259062,3.27562923560973,4.02974342645155,5.15801923036882,0.210296948813061,3.96997151096022,3.59867951953743,0.968605859831014,5.60782153785569,2.07445990350008,3.37744361365865,0.789247478949297,6.06980902937683,3.89208742948353,2.45029958480248,2.83495151354157,5.91450427198113,1.99175911961101,0.653522235660664,-1.02743660699072,3.89003750423167,5.40586385889366,1.28329708744912,1.0866653732527,3.90322808228979,2.83471521416151,4.29529017938795,2.14234988266827,2.71792368683438,1.11762840723349,2.48708507542922,7.49541233450359,5.09287533093845,6.7222192578341,-0.988151877033963,2.44123735547574,1.08250266026329,0.494414424977153,1.82617971928239,5.61347691829307,0.63155256764747,-0.567085054248805,3.36737478498509,3.03748263047954,2.88812284682132,1.92696250638467,-0.488184691793684,5.46686260329307,0.781295527879894,1.46854936409554,4.00363240586499,3.21768682308353,2.4397652377092,4.05027145007756,6.38155573185611,0.217721658130753,2.42594193522824,2.99385865773118,2.33651021265602,4.96191083491076,5.66093084758175,3.99342641288621,1.1519680628656,4.80714152439949,-0.959178236738531,2.49109015605183,3.99019690540186,6.54582369870132,2.33345898994741,2.39893712850218,2.28398192108736,0.845174621745255,1.65407831014206,1.71127726755626,0.40111235375127,0.602723159593911,-0.771944482571512,4.80121963853238,4.98253158629443,2.63115452115914,1.9462742846585,5.5248403665711,-2.2636565920722,3.26389603188415,2.22904857882862,6.25970079354194,1.79027680140584,3.76364681320184,0.763550211300356,2.11449357561777,1.93516916708888,0.200246219216152,4.41116607386366,1.91979095584106,6.07975706587436,1.97063124603344,1.33374801236696,-2.43441967417196,2.26589596266228,2.07431040776919,5.79430300484221,1.10156607301039,2.80634995672896,3.58014993637502,4.53392315491466,5.69344048613597,2.87913148658242,2.20344392218896,2.02993526285181,3.04423564966297,1.06629029907945,5.54868872714039,0.549804578579657,1.51407388327038,-0.0308658906787422,3.6047492477375,6.45711921002109,4.6347640875827,4.13272002120056,3.98104928883424,3.19605185225107,3.38674301181756,-0.803513726659695,2.11176903736451,0.269571799109524,0.774938170161918,3.63356744720456,1.39520682423309,2.14285587966404,1.12943138089622,5.44333433692826,4.73763988397827,5.29533121576629,2.84926806557342,4.05179492593454,3.4437691419214,2.44079267605533,2.67783596312848,1.60928774701017,3.17131469050242,4.7955766427595,2.96806790860575,3.44985774750524,0.897720903334812,5.34696831292755,0.531490237312926,2.02680429726378,0.163239426463476,2.21301490905625,5.66020723185343,-0.15887446925213,1.13261790425763,1.09885582226476,4.05839923545471,2.0823723724587,2.14173776670876,1.3803642351907,1.17711444620939,2.27824899447647,8.63569096421975,3.01381535385814,3.52986850287773,1.16802780730501,5.35862111022163,0.714230357350485,0.0312777694745634,-0.61434106394333,-0.792950585450736,6.57053812073566,2.20892576847323,2.62936390931197,4.9124576777159,4.68417702873298,5.18394234237421,4.02053266821587,4.81440452855948,6.81586549502859,-0.345187044393198,-1.18315609819182,3.81108315044137,4.77393011822034,0.777595087447945,1.12513919580203,4.08106999617106,3.97028780024081,1.02535367427678,2.07734431519609,3.82840451073887,1.1291723380337,0.0998333350674021,3.92759107959517,2.42441699584454,3.21192121526499,5.97207162203649,4.38027917745207,-0.298032876216911,1.59659162164239,-0.297834684026645,2.60586447763529,2.85459938452696,2.37236291831462,1.15465131303323,4.76625336645811,1.2867526806658,1.22070633084765,-3.64880764516184,2.45999445920243,3.22031183267261,0.928627272077976,0.605456484223565,8.34192884258033,4.96397523884187,3.59170462458032,3.53957339105101,4.49678451299223,2.4584042050329,2.68165474544883,-1.82451577461674,0.529330381583224,3.6643207299359,2.06264768347007,3.35608258353655,5.64760907360378,5.41662294823517,5.78702460185298,4.79731234819069,4.06694043868811,1.86040625351708,2.04724630650476,0.174425356462072,1.78546759762354,1.7014638023194,3.76429754400774,4.03626709718319,0.502063698288718,2.92850122966243,3.31742215609624,1.47357090839161,1.42162442910002,6.06770084432021,1.67393273549119,1.79163488614151,2.51776394135772,3.49037844022923,5.56865652949152,4.53420653880675,2.56579722279805,3.81629568999292,3.96167673312345,4.34041873044144,1.88311415722758,5.66268186163914,1.77341651699915,1.65905684317447,5.41637008567762,2.15466418583469,5.40914411612346,5.29574030935038,5.26772100689094,0.752099089361816,2.27890870278006,2.87782348207286,2.00917449305304,2.4098012984093,2.18904632724263,2.51996659092826,4.54378488556527,1.91276481802333,3.10824344116128,4.32773959043533,2.90658174764142,4.07460961060909,1.73965498142407,3.64010492289406,6.52508726882551,0.791366827538239,2.91423672475497,2.30915227725036,0.753448251306268,-0.433786872759813,2.54345144365175,5.61140543968554,2.4080008821935,3.75994530928615,2.16760025082622,7.34779450541267,5.70368287694994,-0.597440653404487,0.667785298259232,4.0835172262289,4.96836594674451,4.91471562499703,3.2963302200716,2.57081104487472,2.55268530209841,3.31800701228161,0.740760891526491,2.52043234419602,3.23271981094318,1.65857625844522,4.46978025344598,4.92013287613774,2.98102913494903,1.15784384738564,6.88433657936985,0.942868047857227,5.25362417489005,2.61261028332741,3.26911975115299,2.15881963296141,3.08184392551607,6.94226790896786,2.91639337846759,3.25417416915524,7.16573037304511,0.093515221497821,3.02503712498663,3.59250353539746,1.97908650264628,3.32911640997521,-1.45101080088856,5.07157835304813,2.43583858361392,3.36918197932563,1.95983392868246,3.08788567598941,-0.272118810514782,1.72970989280736,1.67289568334292,-0.0608811448444784,2.87331567437402,2.95906891173706,2.83525840652071,3.85419915858731,2.89681345835146,-0.684213376282617,-3.40063008109433,1.77955824362838,-1.54336100868714,-3.34194493219674,-2.91119948559572,-3.81082740539722,-0.242164329667255,-3.59135416565969,-3.12790472328428,-3.49632650984662,-2.85364074295442,0.370081462400001,-0.22951562059604,-1.69359793077215,-1.38388251059019,-3.61229984892197,-2.90385671845319,-0.316777690449007,-3.03353793731509,0.3941853368596,1.85261761519166,0.365195463691674,0.0925916588573399,-3.7479602449716,0.211543470763443,0.780836040733952,2.38915373351995,-0.190477945802981,-2.27932941426837,-1.23115494174143,1.10449433900251,-3.14675889860854,-1.96859445475177,-0.425582389597302,-1.38311109333175,-1.08516529565923,-3.59578231261208,0.511235676315887,0.740154019611123,-4.24405840761414,0.140118630489494,-0.376084803383326,-0.525109431570737,0.925801764405382,-1.37887916961188,-0.521095239996216,-1.39287521131312,0.269769724122835,-1.97167936294023,-2.35562927212256,-0.474475943260879,-3.53575423535902,0.229721668227682,-3.05237806283781,-3.51009770387722,-1.47933672563046,-3.08543205138762,0.00524102685326144,-2.89862030207072,2.71485822676543,-0.103210166834926,-3.34761750721518,-0.803777796284973,-0.737194968856786,1.60808531597803,1.89607813379911,-1.40643024888726,-2.04921037580165,0.86461388571862,-2.26332459873473,-0.360526661299675,-3.98866456729796,3.97825866157847,-0.897994546172231,1.91978191431644,2.29170913825019,-3.42835890620242,3.15688607157529,-2.60886126216424,-1.09047427873272,0.184190555521771,-0.537255473037637,-2.72609809202045,3.15852781769985,1.62055185069896,0.429860277594437,-1.90420355974909,-3.29101220063125,0.122249367753565,-1.87337249962704,-2.60015640068189,-0.0540404005730739,-0.30683308321909,2.34297527481435,0.798368503675364,-4.38847705663503,-1.37871553301303,-1.5111971946947,1.27613577760844,0.645093030876299,-3.00479952080057,-3.29815081357652,-1.34930612995938,-3.97557880623348,2.02762259786758,0.400004168952359,1.35383624349743,-3.40537023647927,1.91068401375049,-1.93249543175871,-1.91617391572247,-3.73190240782111,-2.18841049808575,-4.67098710513529,-1.94756632477866,-0.231833150469261,-1.85815171105001,-2.82132907906333,0.894395231157952,-1.43730590825997,2.53853906265613,0.142500695695285,-0.29363519939375,-1.85374414523962,-0.35668646875956,0.779409089315728,0.60247571768222,-4.66582376563158,-2.69641185840772,-0.647707306458345,-2.37939677578933,-2.22214741219813,2.09495015890391,1.39015652061909,2.64200545286791,-2.16068505004761,2.82748859275375,1.3618289345708,-1.53983163735724,-2.45316973610711,3.03811219354969,-1.60862068657879,-1.42745540857215,-3.0264115911945,1.10783844988588,-0.348465670500128,0.942769536801177,-1.55268545660806,0.202998933993587,4.60106191805414,0.77135528170298,-0.359716010121544,1.49363051750975,-1.40642770094984,3.4131764926148,0.478137420527019,-5.35386440369116,1.10654142727195,-0.749028521928107,-0.810367579731152,-2.83343738434586,-0.649384556304517,-2.37607382757134,-0.0899148983461021,2.51592624070629,-1.31926818586598,1.17456538527313,-2.14469968433463,-2.42814733291129,-0.578358398179434,-4.28266312443311,-2.54972284491462,-2.32033969016467,-1.26151476993537,-0.795917270337768,-0.862239416204042,-1.05845338133424,2.0045300446976,0.803405418052451,-0.423548317223279,1.64109641492465,-0.21280331983978,-1.62440305476265,2.6370864154806,0.592122115219878,1.46193092717961,-1.5252125433577,-2.15343881369462,-4.01067268119575,-0.978198890899838,-2.12205093760834,-4.74582684255857,0.198648636741939,-2.68130268455668,-1.63411802005464,-0.968425164303689,1.04190274535577,-3.36669890437197,-0.659399166427508,0.0296818043542963,-3.45963575396141,-2.84888489848204,-0.0431959855996479,-1.92460363582452,1.38277926620297,-1.24067809446896,-1.26605267564151,-4.1550749335506,2.13798460915765,2.41373323775052,-1.22261029983197
"36",3.59454637299739,2.58262828652408,3.27682375568621,6.02477284519483,1.92581665067013,4.32546134913404,-2.45898405079157,4.78987784291852,3.74518085672991,3.18415616365006,3.65363451850289,5.66617179496515,2.36259450254226,3.52854683371051,5.68036685144386,5.69376463130026,6.69421653360783,0.839426103911697,1.60484297557455,3.08476766167862,4.06975261340492,-1.3353939462408,4.55962503708638,0.090255379642012,2.29603454250088,3.3758809637836,-0.592832480921339,2.6751440982772,3.7395408484156,3.83327599420177,2.00632141151483,4.18149207524382,8.37755094492527,1.4985371655845,1.9686526803726,3.83213973737172,5.18456993218511,1.458178902889,5.35483358502993,1.1583961704958,5.95162540832823,2.15386643844783,2.25741870560563,2.81254293651773,3.76057608046395,2.23651125662155,0.0930245941038215,1.88330043395804,4.69652117667254,3.46408330217518,3.43218641801408,3.34525552118334,-0.631657519721395,3.51776695535787,3.06122547298823,4.80638981344057,2.20597956834882,0.378170741216718,1.67396982622458,3.19573076692957,4.63343554450845,2.32015228888249,0.285042868030832,4.01227560699001,5.77576622821045,1.80576615371116,1.8591866878669,5.06017996189155,0.124902029148493,5.77223910183706,4.46615531755676,-1.56993829962815,1.20754088672129,4.79728798091124,5.19611913898599,-1.35798027287321,3.71408798366445,4.8764593854302,1.3409043935275,5.3410936529115,2.22426409291924,3.67160846137842,3.39695704245374,3.21498862758276,3.37863459187179,3.46229373429957,3.25781707187987,2.74758036619402,2.03524738045361,1.31444680410939,2.5180701785747,2.47014233923154,1.8566796656776,5.47564302541299,3.27849450568536,3.6094301903239,3.73537936646119,1.79345323716908,4.60941763212452,4.2895450824718,-0.0566024585492531,3.59120246091123,1.89238063343412,-0.392770553589072,2.53963866788067,2.08228601128566,3.77663967260689,2.03360496625971,6.36038022069598,4.01868668797734,2.73754666494151,2.13297631443261,3.41036281542687,2.52970874571564,2.31629816702772,2.02146060859771,3.14769311424182,7.05567985131972,3.08753382578181,1.70300429511728,5.84667020678164,5.40939392826164,1.22290634207753,2.75878646114799,3.44837846133065,3.80508771118911,4.48007961605489,1.31755225239115,4.73640407392937,4.01774141077076,2.68038792928706,1.90284724523589,1.75877881049018,5.35979842428782,2.74882854350056,3.66022352170521,-0.141462267686339,2.12143551077725,-2.3877086535491,4.4536316899195,3.49028030225222,3.6003421877612,2.61794539943424,0.520972123420651,3.52177470051487,2.79181384825484,3.29231802903986,4.89540399379295,6.42124258753291,-0.150599870014557,2.29406312278132,3.08052102417764,2.39543922942411,4.26320286714269,4.77944234501185,3.5633172627104,5.05995616842089,-0.0525395408268143,4.43101636193807,-1.0422699920703,2.72663128618665,2.17573068373838,0.740298295024209,1.36323586398154,2.30183279855596,2.51338771868525,1.98266775236537,5.1889137434681,3.17772393012778,1.14902777078058,0.835098315209668,5.74391315574489,4.08822222292182,3.08368426412361,1.25620009530882,7.14831736298016,6.38551523051779,3.65407466598381,3.80961481360005,6.54647308084021,6.51327699042984,4.13209479765571,2.8669274344801,1.1241798513146,3.45521349990806,6.38391435982695,4.23533859868723,1.00210991250691,2.68835527881981,-0.538894869832897,1.72888304878557,2.04851785387852,4.05880448890252,3.92249010644669,3.28789308277983,0.698677628466515,5.21591959361291,1.15122778345695,8.01031028031944,1.02713703026094,4.97954105690509,3.59556827431012,3.83742061679996,5.31170266994443,1.98004191283976,5.68788745949347,-1.29462150743186,1.96377235528181,4.98432774757033,4.19340318019284,6.26893093005687,2.64205461014284,0.336339960512235,2.86564661249084,2.85557573469577,2.25095768960137,1.63326416876314,1.3808402542363,3.29609031288108,6.03559692731257,-0.0439586195883246,4.75537079227061,2.21602681748579,5.07738657351181,2.11235238623903,0.950371224771971,6.54779355834897,0.375415687396033,4.01837842240922,5.07359578299347,2.66319881860563,0.490189419281648,2.24879618155644,1.3730317902438,2.51813439856299,1.90684776076071,4.10602623986226,2.4729171819689,-0.832699302892687,3.38187995180106,3.91632962213776,2.95436098920867,4.28639192600246,3.05892628472966,4.29046277890436,2.15370681520691,4.14499301246336,5.36680410247133,3.284538139867,-1.42701640221756,3.59210706942324,3.9196453134343,4.63745248189237,2.60924368292071,4.95166165361129,-0.820653160838205,2.54217592882913,-0.238458105012536,7.13431949028976,5.01112661262589,5.52535637227463,1.87467770559063,5.29731111341876,1.09272244897111,0.240223711785331,5.32023022745961,1.91630128854998,-0.14942540864668,2.09175352517567,6.37433925220609,1.19960330166231,3.42076945074399,0.214180774233444,6.08564602381036,0.850285102089681,4.08638996622489,3.75356742987132,-0.908731690157777,4.14181256222508,4.13273979092176,3.57030628032429,1.73396468510315,1.7028622083887,4.0318647643583,7.20832247514083,1.23742649000594,0.953282759503483,6.51916016722375,3.05824651340776,4.00525732813471,-0.0534697748898618,2.97246633983551,2.46007015959597,3.25389681051123,5.01169174205924,3.92862448696362,0.978429502779176,3.27321528040018,5.41204618957364,2.24262592615775,2.4702523168579,0.591577235314222,1.10436457231236,3.29201738754153,-0.214266753222469,3.82662168991013,3.41532649066756,2.72797464423559,4.32324058759305,3.38904897861685,3.32973377406466,3.5246625666033,0.939449359634714,4.09931766946919,5.22428619678986,-1.85972448760508,3.36619203985148,6.65974036768406,4.45628414889072,2.87406301086301,2.03272991923314,2.15327980619007,4.3430613835106,3.31158152163431,1.51624599120112,-0.189068972038587,4.40622070302698,2.58620776825644,4.64487214433479,-0.400135153893329,3.29710672579897,5.68281071596627,1.53941398813834,3.59947167406278,5.11369774389704,5.0834688003998,-0.288217301275976,7.01402738154923,2.93815759395535,5.02884572121385,5.1817199814022,1.94423209849969,4.16762925355371,1.85143385777435,1.63649276699755,0.890889883242086,0.47448995623938,5.85199634511818,3.20662412617466,1.95438483691032,-0.884005708726788,2.55586244310931,4.30618506964196,2.84279198104269,0.245982234655471,3.20163653630946,4.90355100984428,5.07732455302962,0.497879281392994,4.46609739561141,3.46110226482205,3.55843569754287,2.05612417507403,3.07595567169343,2.00926427040995,3.22934339063861,2.45777180328289,1.42257383017292,4.30993540350375,1.62365465011896,5.17043584702114,2.39447849623485,3.62722557393674,4.86753763849752,4.28379015795817,1.91546136983593,2.73544268029225,2.80251176570528,2.87842349650309,5.13135296929158,-0.0882266846938395,4.4024677397709,4.06733225501294,2.66132353174165,4.39404092366692,0.759974541414003,-0.291100502705437,0.225650158236419,3.78532763573214,1.01969286328683,2.73152542826318,1.81549149655567,4.63834920307658,4.60261232456704,2.71570381295362,4.20552939488456,4.80265133951233,2.42989190909385,3.48767398759538,6.3267239817889,2.10497852234224,6.55783103442666,5.76455931784792,0.312286386150661,2.49191981821459,4.87450195131282,3.27529108979712,1.3681388667725,0.428724469510355,4.21790288374781,3.62827612813297,-1.25149483309635,1.61335978053848,3.66602463924633,-0.154297096158057,4.28516002077583,4.82101614261071,1.68347676495282,3.17377931778307,2.12211098862068,4.13797508528786,1.97654248281246,-1.50273314230483,2.50192674440254,4.64299804218486,-0.448830054391862,3.79722189196962,2.72879540483454,1.84115569056315,3.79986017627013,1.09150857176491,7.37896733643023,4.41933133902928,-0.299971952348647,0.80700838194824,-4.19395006635671,-1.07936296363588,-0.408049534425999,-2.47600788129366,2.80719767491765,1.27036677315881,-0.706761214625252,1.05701311388364,1.00206060347406,3.71156211527836,-1.56944171095973,0.0851574690918353,3.34845417172107,0.0516343668773724,1.03552442535459,0.741789693846059,-4.3536094762959,-1.21034421855356,-1.16630322731648,-1.24332308353075,0.909687053982196,1.68572520229557,-2.65387909816964,1.43565519081454,0.105037976329668,-3.328777339334,-2.44068884368741,-0.176819221263368,-2.09125844339895,1.19127160036846,-4.47603089471669,-2.01450444857941,-1.94237895828974,-1.35669724738078,-1.44742207801985,2.4184974370132,-2.53256442112306,-3.82551420227119,2.20442233723525,-2.36936374333348,-3.85187171647722,-2.45877445058276,-0.199285888039197,-1.35312775380971,-3.33589567856451,-1.19880269389527,0.457561581636392,3.40600292016615,1.37653300351731,-2.66585631041262,0.0783920738443329,-3.40192427175343,0.897225852008025,-3.55725837757814,-3.24989550281153,-2.10620207984519,-2.88991003812771,-1.6441497515733,-1.05814696460892,-2.89046315289179,1.54618914420237,-1.07084518218024,-1.69683761867391,-1.53551118559065,-0.881435411141527,-4.30738497120333,-4.04366703323976,-2.35954304944564,-5.38486494896564,-3.90205317220803,-1.02717031092648,-1.24540812924036,1.24284037763322,-3.32208607112906,-4.10943504881934,-0.600448553497754,-1.34504822680837,-6.43387642815034,-1.45322090915686,-1.26044342596957,0.234881739216003,-1.08239417485647,-2.64042937464291,-4.53930492807244,-2.56851860219372,-4.50620597396756,-0.74761164863989,0.373018152852764,0.521410127122251,1.47742614259788,1.70188649749257,-3.45244792142221,-3.86045478687521,-0.73868354888172,3.7159005662517,0.0698383019562949,-0.0298029379701544,-2.53480598926629,-4.44282339946565,-3.46781935662089,-0.167089837276517,0.0148405326558871,-2.57154417971994,-2.70054633043567,-1.29075970945801,1.35159640455746,-0.118442057598842,-3.22887637431293,-0.966016392897969,-1.63033230148618,-1.35974227007535,-0.182341719273192,-0.396774354228896,0.329552581954213,-0.719660450066054,-2.69250821815914,-3.57062551808335,-0.590471910466077,-0.51966392393512,-0.695079192307165,-1.61448647502413,-4.65124152924765,1.8069741400664,-4.13311316814604,2.15581156558607,-2.72000513959561,-2.47867629873884,-1.12073396057815,-0.9352637674101,-0.766401708306266,-2.02628659234689,-4.67079268161294,3.07779198513156,0.352742619951374,-4.06033139172095,-2.20058253347208,0.401120556592113,0.646634060533242,-1.3191907202892,-2.89852917940692,-2.18407684937348,-0.856360410840399,-0.87001739447652,0.251830703929953,2.7324856473681,0.695133058375881,-0.247247784812786,-1.45458370526763,0.625769072548384,-0.874553072214004,-1.18751301114924,-2.52062793919702,-3.01639037534387,-3.42323069855639,-2.30486233000655,-3.27776927744909,0.515918882297894,-0.175776458739281,1.49408384452471,-0.336317725657777,-4.40750192866401,-0.7769531632364,-1.32911703115869,-5.14979922429056,-0.58987189356041,-4.05063261443801,-2.2838483809042,0.521084684035888,-0.648573316952151,-1.67069683803982,-5.70262492006203,0.736422784724039,-1.50419269450198,-0.447828964669012,-1.05953029620579,0.776009579605384,0.760530729829851,-2.73253057422016,-3.03259106160636,-2.32686073129349,-1.10377702179032,-5.12204383183113,-2.02915187478665,-1.02545413830217,-0.396158105000162,-3.34715825119992,-1.4175097023049,-1.68230310860602,-2.24442495546233,-3.97898556601387,-1.38846909346844,-1.01893711946901,1.20702292166527,-1.68990473779083,-0.714058201000394,-1.84910828153048,2.26036142086103,-3.98004385415529,-2.78643941365205,1.06954076708988,0.372536364003772,-1.26765329705335,-1.72977233504994,-2.78347004710499,-1.24824186682061,-1.02613710679808,1.24012049461061,-4.26377971746293,0.53040886004963,-0.0207215994163894,-1.73642239857884,1.11740521731164,1.76047506855957,-1.21873064668368,-1.6593204073311,-1.65884918256983,-1.7584570219001,-0.611935682061624,-2.96521391641182,-3.63923235562247,-2.04244262414309,-3.08762927031882,0.623428729778354,-2.17062259087965,0.0133773787354015,-1.29319113791089,-5.81926766512219,-0.278154256297796,-3.93538489727993,-1.77514476200933,4.37233042773756,-3.55977318138862,2.04592078878867,-1.7609893706152,-5.77370185983196,-3.50522852716943,-6.51284122446195,-3.12846399480268,-0.495904785227764,-3.50436353212332,-1.92607033122741,-3.3705343088824,-1.92711019914317,-2.49823025123854,-2.18415961820105,-0.196906418484728,2.37085161094359,-2.79265041149874,-1.87751308025737,-0.975007286064751,-4.32558656479736,-0.905207738976535,-0.554760442420669,0.281536252966374,2.4010348691582,4.00382380520243,-2.86588739804768,-0.445734875842157,-3.36956511573493,-2.01778600744115,0.469073106713287,-3.74248993469482,1.04687766594199,-1.82605007242135,-0.371205680143272,-2.90125159044916,-1.44725565905739,-0.597285245045448,-1.73202551287377,-1.16097343440314,-0.436133235863304,-5.06018208173445,-0.070862036019834,0.252370222040193,1.32488721575093,0.80891722372742,-2.57776822458988,0.509493734607072,-2.35285355314679,1.09014062517146,-2.45647889933158,-3.80701637593052,-0.259889332230942,-3.38052825689163,-0.840876811438132
"37",3.12814964213678,-0.261618538111966,1.93464886542241,0.629880399648052,2.43297244154814,3.80454054187988,1.05225198210041,2.04205566534016,-1.86519882673119,3.88874172516815,2.47894445277755,-0.150821124522743,0.358654276759163,3.53804429735448,4.51826997065778,1.60053106070314,1.07735467945,4.87576226697027,3.84229554581827,5.83026064753132,2.21533802331282,5.66832054488599,3.95423734461335,-0.299013676396818,0.485645466710978,4.52576569018511,1.57867291901748,6.67772736853594,3.29201255785509,2.89401262083904,3.13530032199094,5.32169355514325,8.32087417284966,4.32249515048047,5.92310280501572,1.71416510350932,4.97398582494559,1.26576601066371,3.5944051104954,2.66494105834423,2.82100738792631,1.70858250296732,-0.422746164037613,3.50193073811662,6.81645274510339,4.77596950650541,2.50893406441264,3.91017519046325,3.66985875752457,3.30302684513157,5.72637156496964,3.2102096082547,4.26119174657565,4.98385416947589,5.86769507711676,-0.846422476730594,3.06780644470922,0.00331679000571583,5.28299240061908,6.38640550997285,2.53343462734663,0.190430162870419,7.15012886962509,1.19502135306526,4.50133713449485,5.45029823537218,3.11234667212546,3.29027320465437,6.07373601210439,0.306928680641874,7.23254998596366,1.19028946713572,0.428738013512832,3.90662033894168,2.28766632487326,-4.08474307618051,0.0375168980724836,7.03079434390373,3.76919821882267,4.09315963454739,2.00349856451345,2.26025634500757,5.52553124406351,2.53779822270112,2.43797535252782,1.46993702999673,3.80165073524607,-0.24691748402892,3.28535423352178,2.1615045816665,0.479718348672361,2.20889965478885,0.9188698219467,1.66100612655632,0.232266977090533,2.65034954359116,6.27989193071482,0.0541431873645144,4.50605335562983,0.713976981249803,3.31271856224758,5.31628698732781,1.15306375438641,3.98057421321578,3.33228635784504,1.41296653969365,0.533868305232198,4.47690984840591,1.47567658563885,3.98131403316562,3.52695198441848,1.09729502449782,5.24763187917551,1.44737380438741,1.88344403687293,3.42656472287326,4.73307669587325,-1.60075787489077,2.85800307744154,1.18912153070388,1.82895930914139,3.23517104789789,4.5655640265008,2.09186832509387,2.15608940921577,5.31007223127798,3.62619719399404,2.41514947868952,1.20450197150309,3.69629807074104,2.32895225992725,5.63389464528204,4.46257006940068,2.33924867559865,5.35815336994427,6.19938721821846,0.234635230153581,0.339743995196011,1.5868618092432,2.50342542198584,2.47839998978062,7.02315766259523,5.31886964813313,7.1675964044183,4.68403091574214,1.41112580716491,2.70980901184462,2.73736375139828,6.71284259735174,3.72986678868678,2.76318838943893,2.3327518621102,3.5956313201177,4.0881442966894,3.45366904131431,3.14597052317983,1.54403960701029,4.63873149670565,2.3267557464235,1.35936431487793,5.02339097189315,2.0826620074758,3.08707069456232,-0.567492982209458,0.975493661974276,0.87693736590332,2.62530782041512,3.72489863747571,2.96466284109289,1.27071987093687,0.95571933297802,1.31779687581986,5.70387720961026,4.23967944430975,2.62109332692998,0.148373573858653,3.89472066783386,3.34255271620303,4.77918263840618,4.93982580287172,4.323311864822,0.294540906639873,-2.03299493816705,0.574112800979818,3.51374148842715,6.00777419061493,5.00605051504215,2.4420535270239,4.60913214696647,4.5816197264499,4.08465493761177,3.99990347354874,3.51509746674905,4.64640925879645,2.64451404985494,0.463176114150679,0.887424908675755,3.98943451781654,6.26679909406703,6.66907672907887,1.23562643943328,5.18043293021446,0.552389888641241,5.09766240936839,0.490303015533234,4.3484436888552,4.17263975613401,0.858251522758217,4.10908065509967,1.95552870508917,4.22815804597964,2.73132665866206,5.71623110444937,6.39652116918107,2.08976453709448,3.71103701748655,1.29711627072196,4.53653626537541,0.445572925664521,6.56837662562787,-0.303234163233594,3.29100844291362,2.71108588238507,2.30338381789905,1.08697060500019,6.77379789699809,1.05797253539839,1.81413639947905,3.0054889651221,0.832871792790224,3.58018864578565,1.39987698956106,4.7362320318464,2.62859905781458,3.45683171126051,4.07709210919822,6.26260815982216,4.47174948365035,2.6563802909374,4.61574144756962,-0.802630200248692,1.85500330314904,0.368352295730062,0.448777790810491,4.29353150050167,5.48453448880926,0.936180553270161,2.52357356637142,2.46663222712371,1.10305852744299,1.84270542535012,4.61685798836379,4.97193568509696,0.365771019303056,3.51649345790073,1.61392901585619,0.638881201357671,4.54400772885469,0.351402176688644,-0.00168883213527993,4.20285690398394,0.244318871064369,-1.14304808998852,1.23848816520045,2.55262059009306,5.31899280220578,0.464137250922984,0.562201746087288,9.91321248661734,1.3071722924295,4.5870716854033,5.79375471892336,1.55498453645217,2.49643262061594,1.61739493476047,7.33963412426392,6.35372482317081,1.14733068573898,1.58598587424808,3.60928516120219,1.12914678871961,6.6248869782774,0.112927327374324,0.102161502238574,3.75522194203814,3.96667421252925,3.07231383765001,3.79372989355213,2.76425281807107,3.52989786757235,1.3649535707132,6.4837749312898,6.18762693904275,3.21119398537916,-0.548166810899251,4.52213834297062,5.66567523358275,1.03511752026173,1.63666888029536,2.35542189889414,0.405138685431602,4.51133163553113,-0.484116804383758,2.81917985812977,2.98684170949823,-1.58362099936558,3.79863727833844,3.4659292820193,2.35829948873796,5.09376319609413,2.99503905740178,6.92783601793456,-0.00722070289099275,1.60003368910121,0.909247794138178,1.70283332987894,3.23885712434522,2.84156126223215,4.07510257582778,3.18001755914432,3.80393849300663,1.76176185151597,1.97643872220727,4.53092038327044,4.70574703320602,6.20821536279878,3.48699668222803,3.53725973627219,5.35386199437982,4.65524459613724,4.82079115489298,1.31234793992592,5.98739799646082,4.43290606998061,2.83067920226744,3.99044558379548,4.75651188805682,5.70608809950427,3.29460619725196,6.91385737253272,5.56748857166826,1.9553973747194,3.98245425470809,4.35054161415571,4.06981804263527,1.53374382919462,1.89219622308669,4.88101442762519,6.32934646872741,2.07846715715811,4.96536728162647,5.26555828328068,4.95417487291488,3.36801833468902,0.877675627019031,0.466319817730781,-1.83146736860377,1.72425840917354,2.95165550595552,4.43768611817882,4.82991596013519,2.97809107069089,2.63337840815238,1.85672204208923,5.76780976970835,-2.92100787136031,-2.38756126214661,1.78492127914665,-0.751590659470033,-0.201666254018608,2.51551946909074,0.434341404474731,-2.10769684096922,0.125068386707829,4.10457558675354,3.7159188828279,-0.566435554789122,-0.352792447321502,-1.96946875972378,-3.02492068780692,-2.1166246445204,-0.335689061548827,-1.18277290482849,-1.1963082814916,-3.12129865989678,-1.45511748308457,-2.87619712666552,-2.54867366566117,-4.18393597215373,-1.98532595102261,-1.91802562397246,-0.480356849223347,-1.44456720365584,-0.486340432196226,0.201993587013454,-3.13791626314456,2.10244924305884,-0.774508211756905,-2.67664804697482,-3.17345157540596,-0.613703832322705,-1.82730434409038,-1.92680188454095,-1.59304050848542,-1.76310760572849,-1.96097242132004,-1.22889685941566,0.338685156021223,-0.36171719505478,-1.64449485903529,1.38075257171181,-1.46677535767984,-0.515694111996877,0.94337772242991,0.342470105758181,-0.219641844345256,0.0419206451918219,-1.8200606801206,-1.66067215651126,-0.464395959499312,1.49632203535358,-2.20076379532353,-1.80661450134891,-0.97496998973017,-0.882647320825026,-0.299048672825558,-3.19933240762088,-1.39939606273897,-0.602804897840143,-3.23203871981325,0.0503010105101898,-0.312096192933396,-4.05311476132044,0.78294054537852,2.52805347942583,0.109632590829487,-1.39651637047654,-0.138379827007954,-1.93419779289395,-0.71107324242069,-1.01208729059453,-0.102994361005297,-1.10094450509328,2.2730746468792,-0.0615293598737496,-1.16661618362913,0.168486690664184,-1.95320207923896,-5.64715190493871,1.07840222744687,-2.41097825926891,1.3096946243357,-2.59460316036812,-3.02572585973264,-3.44179908561574,0.555965736476043,-1.49280652579204,0.0545761732082399,-1.96191287587088,-2.14474660465355,-0.818498572083969,0.28963176667842,-2.37897296663191,-2.38375079303777,-3.41888510431411,-0.41533472746473,-0.0681194534804334,-2.51798303987652,-1.92355986667028,-3.68280826021085,5.69871336928481,-2.41977449676397,-2.12393482302947,0.609393606295809,-2.34949408411071,-1.22542749970615,-4.60253195455417,-1.33091714261142,-1.05069795678371,-0.491295398189406,1.62953558692798,0.765589889834918,0.45869187886904,-1.12326617099656,-1.00103720794488,-1.64391894663448,-1.5773470282956,0.698463640139316,1.01611860749449,-2.68278107515662,-2.1101860545523,1.29537986675202,0.49256528891873,-4.32691638675864,0.244048353690704,-5.28721941636325,-1.86202002900704,-0.355794421329601,-3.74643045760319,-1.57151582752355,-0.909567509670761,-3.46889164835857,-1.03937459822681,-0.776508489355295,-1.59485795524669,-2.20652977374252,-5.37962870076942,3.87075930788243,-2.48803390687481,-2.52242561364528,-0.103138421839265,1.10909930369579,-1.30040497286204,-3.52186075040876,-1.44611822164567,-4.10298018684147,-1.04765617433539,-1.93618548617323,-2.53856152442624,-0.648312295113797,-4.10814947002677,-2.33997405701866,-1.50286448939226,-0.255981988895093,-2.36457614497662,-5.69291767550901,-0.0722851772823848,-1.45259651539826,-0.605234449407343,-1.47333916715567,-2.15736574780789,0.194065603958317,1.42849342381754,0.0193843939256901,0.173036615807972,-3.7166217026451,-2.57144335460456,1.03551337824499,-1.3376788892359,-1.68337306632364,-3.28116834598363,-4.02019128157832,-3.00857582896405,-0.134360198434343,-1.03166737336139,0.257824937506707,-4.17643209383789,-3.35816760665949,-1.26683598387062,-4.52499740976284,0.95479853471774,-1.36353022943374,-1.98817418802895,-2.52995669236605,-1.39906312832869,-0.712901815727034,-0.333504067221488,0.631664219837472,0.642685791660447,-3.68092292011661,-2.07374856487352,-1.0026074461801,-0.00171462472756101,-3.49179117335921,-0.261776931191255,-2.78556998465755,2.62864842196025,-2.13891080040547,-2.97327499020036,-1.63722117590855,-0.0700663152704227,-3.08803146419243,-4.34309926547124,-0.415355600682101,0.273252609609703,-1.02281366667374,1.16253267413078,1.1898713457844,0.245747097118508,0.22219456653154,-2.27855741771728,2.67749292075319,1.23850897193788,-5.50126112880375,-3.35892658354872,0.250268409160871,0.132360439300268,-2.22220598701127,1.39076965246761,0.65525508445432,-1.1835573787012,-1.3878306506255,-4.98680632787228,-1.02365764998679,-0.828789410546324,-4.43419458505496,0.667965662175817,-4.72712362787933,-1.44555710131807,-2.92786538809215,-0.955497804288367,-2.73885154921923,-7.97102599245922,0.793532513562246,-1.23788032538398,-1.58830121998808,0.825206203533327,0.256756508849223,-2.29360312211562,-0.420903330298956,-0.902078903197786,-4.90391589710232,0.1629005534147,-1.61151656757414,3.60408868698739,-2.53695386680832,0.148235468301642,-3.10493886443848,-0.942400772438144,-2.61303225998899,0.0963173212241681,-2.60218836364976,-0.0840174886061409,-1.93578855575403,-0.727660352414732,-0.597897152054879,-0.522858609534979,0.348188105280484,-0.125293051697793,-0.252723042062835,0.141701393967573,-2.71569592833291,-1.74634876247357,-0.874039502903417,2.75101680307895,-1.95698795352437,2.81932277766662,1.0609188791677,-2.38714490353868,-3.53805851469584,-2.55391717042408,1.13043153518137,-0.813872620822848,-0.765148451950289,-0.387214512402807,-3.0370437738801,-3.23260448921371,-1.49051093602794,1.24325021633748,3.33970173774652,-1.63475440354923,-4.62841123317263,-1.6406091475193,-1.4010000882684,-1.23146201161895,-2.78121912130645,-1.6456564566759,-0.51014600140353,1.02983734105241,-2.18832640645066,-0.931590816552211,-1.76557308291521,-1.00697087841772,-0.331685722858433,-0.692701951420875,1.39222137896974,-0.102265949023959,1.13712384888866,-4.38512954675203,2.08896597185106,-0.637865915384756,-1.30248985401262,-1.80253875092547,1.52803901155802,-3.07965087840938,1.46045083808864,-2.12857990693637,-3.02811500401696,2.31948005117653,-1.91969306257093,0.088914276286852,-1.23807088218651,-1.81274964289538,-0.657420626859247,0.291653533396521,-2.35580103230815,-2.3916738564033,-0.497668784088538,-1.22015803889763,-0.619183106374857,-0.307992447628104,2.45326392382613,3.34034041051249,-2.16369303675133,0.16512842027082,-0.575809000730012,-1.54897787046231,1.47502404248596,-0.611244869306212,0.087360099297439,0.219898028113609,3.29169706326882,0.176159071277492,-0.049322087380823,1.3245815122828,-4.23959205078336,0.954139836917412,0.0675122221879143,-1.89938914791976,-0.54932089375211,-0.98409852589175,-4.9703177275844,3.74978311035452,-1.3892674419092,0.194879676380097,-1.29803182384498,-0.479850432793189,-3.77498644854287,-0.280044716446012,0.924590026370755
"38",4.59085656512296,4.90449419810274,2.6933221033099,6.13632529545618,2.92605894149508,-1.74916625215108,3.21951463326025,4.76521305918843,3.72090360071501,5.18104241986989,4.94006772304125,7.19336579466512,5.12510675113851,6.90506626869077,5.88835920413872,2.35232478353448,3.0155522052329,2.1877483950437,-2.34440498472099,0.613301810056498,6.22226454879746,4.89084098547756,2.19119362575077,2.6540367472913,1.2574593618728,3.87990319921508,0.323711717705035,5.35968322675023,-0.0576434074811933,3.79151010378275,5.38879055218956,2.66432280735648,1.46721405949024,1.64636955618377,6.07539972210956,0.607479291048398,2.32226635855116,0.988575933969609,4.56935750827464,3.5976857936661,4.84814919950752,2.85905009503286,3.53399105765348,4.06889996696061,1.22343989709103,3.40144329229348,1.13453967838446,4.30156563522866,2.82749772808764,1.8063667281762,7.37585173183688,4.7837775601552,0.849448792256116,4.14999493079558,1.38117688110063,6.74336851405652,2.31991479969162,-1.14505012639732,-0.052559798896278,1.82185011608626,2.20822015558856,3.66205096431038,1.27735972193165,4.26321712166066,2.18871601057599,1.49491684611412,5.517468889563,3.06281490417581,2.50086834446939,-0.0652404136500251,-1.6743849295121,0.0732103713891412,6.88233969079061,4.40177587095153,4.25789241241142,2.45806858024162,1.85882650296995,6.01552515251046,8.29183807226936,0.832109021550783,5.05305239268248,1.8018544095568,2.61761956113161,5.49001504752193,3.90806572567695,4.95805357744359,1.43096662254805,1.01130914124951,1.61264644149172,5.11858730635449,2.20916511360264,7.52619084539914,-1.60502915621061,3.18338894174933,-0.603945182676728,0.408908609865383,1.92348073846606,3.07514840996735,1.81652062554182,0.604338896653193,-1.12557687493991,1.10229179408339,3.35809353271219,3.68510623041598,3.00496342156552,2.67971344976569,0.914254768588149,3.38071281861103,0.878366371081211,3.93906461265218,2.85828869949779,1.55344592991226,5.62593786134505,1.44612352800517,0.21873361174945,2.89278778280817,1.67856183401049,2.50879359396086,1.67237634494853,5.02042372030319,5.65356580429942,5.64109442217016,4.50218616652749,3.84197948716549,1.42908851187182,6.37797809751417,2.30321979263933,0.941460697435823,2.24775288403836,4.46914476410486,5.35399557389554,-0.278216638060693,4.66755179276953,-0.143671476514151,3.85427698855364,1.41492670058874,1.96537350962075,3.73207625687184,1.94103641196756,2.33153708302886,4.96575084178735,3.29050346089869,1.42658428915954,2.2838038715418,4.99404999772051,1.44425642298764,5.07773173908058,1.35153157326661,3.55093151601602,2.52221106112778,1.10146594549855,4.17431902043312,4.82336209629208,-0.408407095680926,3.56094496894098,2.595555764886,3.45100382360694,4.08144521789441,3.16426886861475,-0.909653036279515,3.94283703285931,5.22293894642228,5.94025767749385,3.93885092974403,0.633462851116564,1.80564792379543,4.20166158526065,1.32920611052153,1.88931673053404,2.52480635346108,1.57882570929498,2.55164283051695,4.36697780702389,2.22840780571013,1.65684890347324,2.56416759780492,6.48641242432953,-0.221256884871089,2.081725046811,3.1882936778073,3.84720764221426,1.79687535286354,7.27393143667051,2.53974109544843,-0.00171356141235313,3.92737633776538,2.90352295554801,5.91798567169889,6.33358674545,1.63788130479617,3.7300898568857,4.22026708754902,1.70966301161536,5.10263104776225,5.22326559120448,-2.09151612113495,-1.19053116353518,0.296290801823631,0.962081680421986,-2.95930966872364,2.04475819573921,0.37539596797617,-2.55211719330128,0.103713463876576,-0.846519470023254,3.34139218737884,-3.4949203943813,-4.29709243491599,-2.70890240390992,-2.20048828737049,1.21748493007381,-2.70687171022316,-4.1848070431337,-2.17600279249677,1.32355573581646,0.973642642162868,-0.911758845992576,-4.76417595834955,2.06093028255083,-0.930784925114083,1.92212599863953,-5.30117358386246,-0.766619734880954,2.75679929698972,0.427038663249247,0.38787443488028,0.797787857202664,-4.55984230314328,2.89819147857151,0.387550496978731,-2.65894365487605,3.59296541024153,-0.625302561022655,-4.33292253666748,-2.32481258925407,-5.29692807414478,-0.769393705426001,-3.21880554404554,-1.04587554766147,-1.54809119441401,-0.0881751646819438,0.66127708171509,0.43295052086989,2.12794302955171,-2.05500386166513,-1.69640792122871,0.541743409862224,-3.35319486460943,-1.1127280950842,0.22807652758549,-2.2032731049723,-3.14546535192,-2.47646552982411,-0.489764148964502,-3.15808392788595,-4.26933427380112,0.282027074568645,-0.265117053824884,-2.57661585302763,-0.668478893996387,-0.388399418997043,-1.96929210525401,0.398592910450496,2.03201350778964,-1.41284078924458,-0.448341030060684,-1.96714769523503,-1.41598060234431,-1.87168915711221,-3.78072801680064,-2.62013637527394,-0.357836046960645,-3.23274763295477,-2.88312458012085,-1.03920145666017,-0.121799434154006,-2.46981831722197,1.07313785523621,-1.51724210847162,-1.00404940188474,0.965679970865062,3.6508091364161,1.72442378052923,-1.78904941468996,-1.73083998108931,-4.65441688909841,1.68116006148716,-2.27841455114723,-6.58100136667439,-2.00787145442307,-3.46298453141313,0.986706614768497,-2.24225901478718,0.797132656019028,-3.71304908626174,-4.70062631389936,-3.06484027040203,-1.27094636512249,2.8084309944494,-3.12814094381951,-2.14320055951059,-3.43685528892412,-4.97218521445055,-4.3103075595827,1.0439508590017,-0.845734395392617,-3.12516853032101,-0.699105166247346,-3.6940746576322,-0.815230237915698,-1.87186585092138,-0.430731056456769,-3.25215036208362,-3.00287160883314,-3.58765957441203,1.90173747652155,2.2691166288447,-0.272852552188513,-2.70989288638167,0.990198840176029,0.445189886299463,-0.673640615086811,1.06146250190914,-3.99524772623866,-3.3565712068587,-4.95106751066485,-2.18368059259349,-2.9351753937368,-0.669349967610621,-1.48125352060869,-3.2283880561131,-3.11254048989012,-3.7764912540734,-0.329119932357006,-1.44733317182828,-2.25411490121291,-3.03204161069831,-2.55697491753076,0.55223621931622,-0.830345368819359,2.5998530836057,-2.40497934412922,-3.98825507204543,-0.0208947792915162,-3.70480406010883,-1.9608333344624,-1.28591327017817,-1.9772562963794,-2.12833922497513,-0.211731747900412,0.236067234039204,-2.13406229307647,0.794078669803471,-1.56915394713236,-1.18862526041173,-2.54042192911933,-3.89191857931858,-2.43884227348199,0.191644752367067,-2.74974844575745,0.238189257311282,-2.05375716284811,0.52798526595857,2.4988276458291,-1.97424834633669,-0.167988106765864,-1.70085088110896,-2.23255898130966,-2.45456898644535,0.409577463244131,-1.4662789747368,-0.450124288707889,-0.410258253999498,-6.37069117086249,-1.23258157927084,-1.12138972234376,-0.794266507917064,0.88743796340377,-2.46492443694975,-1.67476889003594,1.76447387798533,-4.2497473066459,-1.78985693643399,-1.58729394436191,0.335977515488519,0.783520426486751,-1.84196577526616,-2.6279104745142,-0.430671915198244,-6.77873582238177,-2.79869085858182,-0.199090960761137,-2.31999490512018,0.966522465874974,-2.13275160895217,-1.31002153356885,-5.06146661257477,1.20078518513374,1.16100768206448,-0.226555854753845,-1.30087054256508,-0.283873038137618,-0.425834712663344,-1.41839802665794,0.963050784785454,-1.85954854546079,2.25142852125881,-1.88677445325043,-2.4971186334929,-0.451864677162066,1.79035014854264,-2.1399947886537,-2.79753449682069,-3.82142132293978,0.547222391840259,2.69675963495535,-3.42356829405368,-0.0850755281408312,-4.77367665522856,-3.6408175232395,1.65831871086124,0.173077806157455,-1.02982553978067,-2.45781774456594,-0.477982414951959,0.807002816946973,-0.22332230606864,1.56377408317474,-2.27222418622522,-2.0428913666134,-0.45681396744433,-0.675434821071849,-1.12737862028265,0.694976944281959,-2.8432553028244,-3.21239161425645,-2.33483256534991,-2.78183038449388,1.96581205378858,-2.64697141549668,-4.53899642300836,-2.25205871537309,0.0552852187315269,1.54272042620042,-0.525020792435155,-0.547509495502058,-2.36704412685964,0.499590354382586,-0.423935005101048,0.0534085460150049,-0.229023331771104,-3.03207714051794,-4.26917646564611,-1.28309976361415,-2.15141089273671,-1.76785988902108,-0.260796630568806,-4.447515895103,2.36952904724144,2.96986185648367,-1.0352659124719,-2.12185664187033,-0.708232656350255,-3.34914945953298,-1.7058983013968,-7.60400762697104,0.21382678726026,-3.24675550693518,0.0586060887942526,-1.7209432964875,-2.04137359506499,1.69719077190629,0.528126666127606,-1.49134121354556,-0.577890248548302,0.324144981797151,-2.50598635129012,0.901454583168416,1.34247174281736,-0.368177747248481,-1.42567791098665,0.573205406173057,-7.5032818491228,-3.99671495764108,-0.520554522980364,1.92420976325563,-5.28883284505869,-1.79499122742739,-0.491019561664021,-0.949608530601396,-0.983418729159694,-1.34685246588333,-1.37120083655722,-3.22316753337338,-5.35639685190684,0.551776122544987,-1.41610009362835,-2.71655996774803,-1.53988412859701,-1.89362601534244,0.0271289488986339,1.57015573729428,1.46642678631524,-2.84396485342345,2.23708400855916,-0.45063010629263,-1.26227006307084,-3.19492597504995,1.30806780598537,-1.32579589706727,-1.1229361338415,0.361206917021383,-1.92430158258247,-5.10509823694381,-2.57820906982226,-2.54684727322037,-3.94593326603074,-0.305365199604423,-0.0505913881010082,1.33273229251145,-2.50695025563113,-0.263084077897312,0.787301164961636,-2.06664932314682,-2.29812989944212,-5.16104482205632,-3.73580904947202,-2.76615409752233,0.92246040029866,-0.0968772822700636,-0.76307239777278,-1.78931127481132,-0.689256903209355,2.07629243708532,-0.91633622882,-1.44680210184684,0.367575388387001,-4.83266694454006,-3.20047764723774,0.493618220032672,-3.88343846632833,0.0853903071859039,-2.11761185492721,1.8746817189618,1.721655564803,0.8155713976748,-0.322662026957866,0.0383936417619852,-3.38701405553082,-2.85769196835051,2.80989439653022,0.0518649658278987,1.24794723337002,1.03602650690184,0.452503144203912,0.413615893554126,-1.14406842429101,-2.98032888370429,1.81950283829268,-4.66767637461131,-0.251715247942734,-1.64738933715027,-1.22415517091334,2.7530975347213,-0.29539269310215,-0.914258965374051,0.486985496260892,-2.29843360902415,-1.15618105208472,2.71251202273585,-1.33557253770729,-7.31972035911445,-0.113797824146048,-0.563023279551202,-1.85877099440555,-1.89683529111328,2.5577971300554,-4.08738980322678,-1.74074248692891,-3.02530994413844,-1.24037582275479,-3.47249328069486,-2.41959383700507,-1.31808382535924,-2.59156899769361,-2.03971361877276,-4.69074811248596,1.78353348421072,1.25218245991936,-1.00980514492276,1.77720401628925,-0.45548478406007,-1.31434150997576,1.51690408435861,0.657621558219099,1.89057442766314,-1.06717547363968,2.78644217430682,1.70643804567607,-0.39909916431647,-2.55392935157451,0.44511066795968,-2.84751540267095,-1.11208734182204,1.12019935061438,0.61330713393899,-6.77493103809652,-1.18722600446534,-3.39855111971269,-1.14395087193959,0.915015647422581,0.717462826855266,-2.45921948932754,-3.93692727931192,0.0262286231094113,0.18721802965906,0.864177710622065,-1.09255306380675,-2.57723884546881,1.5671629355841,-2.02325349135827,-1.08734888875796,-2.58254256323021,-0.602605854787396,-2.6658998285632,-0.123588165010979,0.398247418566517,-2.20157317980195,1.33592983067456,-0.781102604235499,2.39770077641987,-1.88983732642807,0.5883601146922,-0.263390200063392,-2.46101310151212,0.581055354947072,1.1312180737007,-0.321362913098561,0.566256801398423,0.13362590949669,-0.906336186363829,-0.0805990462991399,-3.9191136265281,-2.23047611404268,-2.58042720742013,-3.49114515638186,-1.42573092050693,-0.739471630376918,-4.05932946721848,-0.814291266685307,-2.27591311323415,-1.90881898851878,0.695145958334787,3.06760881104291,-0.753651935180189,2.37894237987189,-0.716909675641634,-0.908643441565413,-2.15389729473746,-1.42452156246227,-3.10908423699382,-1.90647178333552,1.97615301721745,0.546052882257427,0.052445134243063,-0.166514803007643,-4.88202256331305,1.08287116338127,1.32943609570115,-3.76378797580606,-2.38095505161381,1.88271260656856,0.993188334564145,-0.630313600862989,-3.44881609514866,-4.22914823277504,-0.324397080580103,-2.87772260137427,1.416949439523,3.2072215607714,-4.23768459810371,1.9704116966764,-0.0912446179707304,-1.06886966657376,0.10044559805625,-0.0184150630119483,-2.9915839093882,0.275800900063767,-3.10344877174827,-2.0525715273212,-0.750024237035632,-2.8030591861261,-3.94943940933374,0.735180921057303,-0.6615132869875,1.78314158943608,0.74150859937143,3.62212176388354,-1.53129841545818,0.758963405297582,-2.58615444136047,-1.55332082608251,-3.87879033754392,-2.00387260672334,-0.811887949895564,-0.759886414340984,-2.22066391981495,-1.01531437676168,-1.21403333784609,-0.413921978965197,-0.559407433126243,0.660784826988049,2.39372121902326,0.413798762655636,-0.601039708872818,-2.14395786841607,1.0966141132316,-1.6464733213528,-2.14076066948145,-2.16794334269603
"39",2.2213701775001,4.59490727541148,2.16760342761571,4.24260368165405,2.60650701456119,0.93493833325168,0.794659371912382,3.25024607077323,3.67819476218676,2.72461006941886,4.55819864640345,2.42280264144179,0.726843232641105,1.39362165725192,5.64457357285035,5.61726206966821,5.03050794045949,0.929486356253969,2.88503949673357,2.647356007602,2.92689727916088,1.97776280569353,4.18937644185358,1.52007343386064,2.82793261366308,1.90152037685276,2.87212228380846,5.40001502708907,2.35617304027868,4.41318529205254,5.08034680403989,1.85618245472298,1.97500924049021,3.46042012150893,5.11575429330644,4.60513886120247,3.55934020067445,3.76318459327012,3.32073317968108,5.90644374802049,4.23094431322945,3.64245419872836,6.91941900391749,0.558607470403251,0.713471273288707,1.05527004685961,8.94043116165377,2.71785018828833,-0.196500211643569,0.302938584396673,6.44029773905001,3.73766956442488,4.73873440090594,2.9796222586977,0.0568015356648393,4.21771656895463,2.4220601127055,1.79058168961041,0.984345201610331,4.50061747291552,2.72491488648127,4.28076704635163,4.60065399605051,1.06887768504643,1.91145550981061,2.93236573171711,3.28727527556872,2.46163715211844,3.22021892242582,3.63774610376876,2.19766860336295,1.40823517689957,4.9054579502635,1.07187987388242,1.62892503626714,4.00781651204514,0.743483297577238,-0.942261887342508,0.741957858402916,4.11357304817218,4.89592068762093,1.95312020082468,3.86399018896454,5.62666454503045,3.60226574561171,0.800598581598869,-0.680540332267384,1.3098058596196,4.93448214084032,4.92844113555873,4.93020682274923,3.4946318861652,3.85515486735003,4.71184617365202,3.32295146216099,5.880063205933,1.31122089171059,1.47871816684607,1.48455604600852,-0.187983314243467,1.96896713695632,4.15197980638318,0.401664536783652,3.4763775144658,5.52178572981978,3.71613103253987,4.24614768591943,2.46070346776937,6.28160668571908,2.47780978025507,1.59756794852937,1.73674459876434,4.590221738571,5.41157537610867,2.90081802007129,1.80853601121934,0.497458802320265,2.74170637701992,3.17192304852497,4.15968692799955,4.40391800799693,3.24879597793495,3.49350793865866,-2.98331732129076,3.66009762305486,5.82148849950592,0.308095721512043,3.96700095328938,4.9850430898734,2.9146914666548,3.85343361676316,7.02482014074198,5.61558842529091,5.98809411323759,-1.01553970466073,1.13032379401684,4.50071360056117,4.27376835429644,2.95235816192072,3.2949585010281,0.614102983020883,4.28877876150995,4.6361269721882,3.27930696406512,4.15232541483449,3.19856911433804,2.8913300445666,2.87005786526677,3.16860569140815,2.47571499069969,5.89563363257855,0.747120768061646,3.95401641942417,6.68103169951322,3.88353560933074,6.4139538756017,3.3254259786168,3.1832459438297,1.01675597629943,2.78392131161252,4.1364735039478,2.33512288262397,2.26599322761401,1.81567825384503,-0.136556834659299,1.48748031115238,5.17223739359556,1.54012748768497,0.199756747461533,3.48114515512213,3.73781695597015,4.43505725873569,0.564934827508102,5.16272336604443,4.0478380444136,1.26288090312873,1.14291193417656,5.76375075305989,2.3811607762767,1.83881658787577,3.02081372509533,-2.42595326875174,6.40150690995727,0.750312684855616,0.946415756855528,3.2858651230047,3.46779921538149,4.44467926545698,2.37175581311051,4.42472881820472,3.60331075221455,5.31672116971064,4.36709829463082,3.70028292221325,0.105089356709949,-1.73541845000295,0.269441014891984,-0.546297597512484,1.60889003288711,-3.63369957894371,-0.759273468342728,-1.30850276145022,2.90360401875598,-0.783225059774731,-0.952669404901895,0.180131464395948,0.385826782629169,1.4918278473639,1.62631121531759,1.4430738391911,-1.15898668397091,-0.39137472447226,-5.36676257858291,0.899629352153525,-1.63014747703147,4.22580066815594,-2.85953802900803,-2.0643504648439,-1.26442600819413,1.05682071496295,-1.17593685315793,0.336278996268016,-2.01592870838075,-2.67659991910545,-5.71917316446165,-0.117018969966779,-1.73278532549494,-3.98107164904782,-1.13392930151457,-5.44000438273056,-2.10463411332809,3.25576792413046,-1.47721542785694,0.563357774871647,1.2404847982665,-1.34939993253589,2.39194318757435,-3.30791291426769,-1.00310710532499,-3.39593998205626,1.2401854793277,-0.439607966577762,-2.98744786794334,2.31026916367327,0.543113099431201,0.505253545101416,-0.794664120164919,-0.881997881095408,-4.70266256589401,-5.26098061779508,1.27345790973007,-0.976952728418598,-2.95171119243185,1.83331248106064,2.56366401080069,2.61793505843336,-3.59303759879942,1.32529534939416,-2.89125248072087,-1.04883182176024,-0.0537043996795277,-0.121429880886695,-4.43649191583901,2.49206639124555,0.204570368595117,-2.41798606560728,0.127948499348077,1.0368528724823,-3.29206990977792,-0.840118170631555,-4.05356113785479,-3.29848818737319,-2.26746822433342,-0.693136251469293,2.3939624165242,-1.43877854395966,-1.39824059238525,-2.65478039946956,-0.381586950826565,0.192924139826893,-2.07211546025677,-0.682083125665559,-3.80980584782485,-2.8708251816198,-0.934497475037519,-2.49524668372269,-5.07320684821562,0.901524858032726,-0.454665249206077,-1.16825197514168,-0.112967157420729,-1.32496921263711,-0.560458559692047,-0.525820443516628,4.36992017662448,1.93887676758024,3.82188291568063,-0.36672259119025,0.866239433289105,-2.02280184701956,0.278673101779989,0.33728205544517,-0.58175728164994,2.16970559319333,-3.57926098300533,0.80103038204839,-3.11866448210015,-2.25248396016891,-1.92628776677405,-1.5347193750383,1.3656851587881,-1.431933075648,-2.02224497868682,1.45625639377264,-0.653015702331996,-0.897964818628068,-2.0790524037391,-2.28537245528796,2.30747557840772,-1.93901646649797,-4.02870964892105,-1.58835952786299,0.28866968742086,-2.71662330852925,0.164566713553475,-4.08543557450659,-1.18923285428442,-1.25611354599775,-1.59110359511064,-2.42047130309721,0.0659551054368519,-0.789887620907974,1.92790553455314,0.630194209296495,0.604028585473872,-0.605164411225394,-0.0950836715631083,1.23296388719525,0.0337023489045678,-2.36937110340988,-1.36457470341464,-3.89925328067113,-2.20746060227369,-0.705147685341794,2.76584908447076,-1.13743479980262,-2.81897921141963,-2.63940750726474,1.03672931244023,-1.03687267532363,-0.321620650938598,0.626972885813,3.41012661472862,-0.446686544368488,0.254778087047581,0.949319561895008,-0.39754833476975,-1.78478630329803,-3.77817901154905,-2.92797301507744,-3.23973878208463,-5.9467108521143,-2.24339527935927,4.29887758370206,2.02562636648204,-3.65467931173524,-1.25680486504373,-0.108631906292478,-3.82598721077322,-1.16493448070128,0.413393923133544,-4.52712628986621,-0.542310159581219,-2.93198976911319,-0.0950830657602763,-0.856712644595992,-1.04206773737771,-2.23036491311352,0.615513253392586,-2.36466472603093,-0.84746964843762,-0.382233967795468,-0.696910457666035,2.69272606492768,-1.42785513800848,-2.02159696772355,-1.26673669237925,-0.905998876378238,0.511457993892471,-0.193550260171929,0.980618086378106,-3.71354224598966,0.142576965909684,-3.36140535515482,-0.424678943072935,-3.68279257160406,0.204073613397468,0.883048411630108,0.244492482794606,1.23575392891769,-1.35712536103837,-2.37093858451821,-0.158195178134494,-1.7928663987661,3.16690738762354,-0.578201108271349,2.83917514210785,-0.429294996273146,0.813131206561512,1.74617564283605,1.89709677729665,-0.447002288633682,0.190553402078152,-2.67102733220446,0.393672459570743,-2.57762629250219,0.60798103941782,-0.643868018553413,-3.85179807551392,0.433953913134788,-2.61811356097883,-2.46596878122588,-2.8849236560119,-3.90829721224235,-0.961403656515341,-3.02942374368284,-0.803339467905573,-1.1497533476396,-0.539469592975005,-2.02263721861263,-1.80543192976138,0.0840897063193564,1.47106170546736,1.11563634052597,-0.434031800312502,4.02667228215788,-0.24896870586489,-0.0676666697635814,-2.09828518531896,0.798219266243487,-6.19043300842928,-1.17267929224667,-2.94224250525748,-0.766450356207654,-3.24772529113443,0.507927853231799,-6.78609583581828,-1.96391564683155,-0.225540045420902,-2.54029434586563,-5.69956372735126,2.80099330600997,-3.638157464523,-1.75876532769451,-3.56728818417551,-1.95427953346774,0.730501455090248,-2.17168028312351,-2.22182589282208,1.91003491050104,-0.0127499613335426,0.274789029536552,-1.19213471959894,-2.82562241130999,0.746709608155948,-1.28570624331607,-1.17801894657609,-3.14240762217434,-0.860383097260867,-3.6933155517678,-0.714380349682801,-0.0507744108453041,3.13756835667718,0.616767353977673,-1.4909098692996,-2.42239341321041,-3.02865673385512,-3.27232768883465,-3.92658443580274,-4.25470294380842,-5.03597239724071,-1.4365760199629,0.287622229552595,0.66159973653468,-1.02321279258021,0.691133249627279,-0.894218687277924,2.4813947818865,3.43374528166123,1.67549555522861,-1.18128670092427,1.48963505794054,0.197175301309417,0.0399864738177409,-3.20213268911719,-0.718260356211064,0.278817952519514,-2.23289881203916,-4.24605072626569,-1.67214545480171,-2.20480711167015,-2.6666477130045,-2.88550793542351,-2.39176852075636,-3.18383193819499,-1.80328344398977,-2.14057803304549,-2.68548162950355,-1.62447753359921,1.8542452168479,-0.140951920927607,3.99402321203111,-4.59307032557363,-0.450130050576226,-1.25063389351649,-4.05059357042905,-1.61105021074681,-1.80312100447791,-0.474325807411964,-2.7820039805182,-4.2554359995589,-2.90956083123495,1.79477411017629,-1.4175335721526,1.68049166743695,-0.60908407344724,-1.87379188684116,1.28093550088116,-3.340597964572,-1.29658599065885,0.308091539507318,-2.85854758757688,0.609692812988692,-0.481077116239327,-2.68868577722095,0.720776314898936,-4.5660032754727,-2.05991057098433,0.438541784134536,2.74425018312298,-0.883048425065384,-2.77984224083036,0.532235122884539,0.764941445236478,1.48037951044047,-2.96072443983169,-1.3584767062747,-1.08549029732353,-2.01684846202185,-0.134645236246434,-2.46637209759898,-0.967475021155868,-1.93623602999349,-2.03426338548975,-5.51064221245688,-4.16089846336245,0.104029714724263,0.309622806066172,-2.04672221202374,-0.652333539322657,-0.0881303374096319,-0.0947836188264639,-1.60010202237168,-2.18369228813037,-1.40834222384527,-1.95905903284122,1.89951149936983,0.696224599404979,-1.50822754696351,-3.03258033604866,-0.906375254646296,-1.24671664626114,0.618101919970749,0.622876596140528,0.0451482868011532,-0.0118037427509174,-2.56661330495626,0.901695416890425,0.474863808353155,-1.1321034237895,-3.66706097292413,1.21798356642346,0.911035199881069,-0.769356185121826,0.534244244404292,0.602985928367744,0.302966533765902,2.02466841470395,-2.22711750504075,0.196879423282226,-1.17488888290331,-3.82104871680202,2.01041612656883,-4.04422564886323,-1.89429505575502,0.941587848434118,-5.55040299174048,-1.30314482744258,-2.69945654884531,-0.546803475858452,1.84381521756931,1.86260607527951,-1.06936526448433,-1.76977698603028,-2.08552206628005,-0.647915262304585,-2.54091374088691,-0.172601596299277,0.279729251790954,-2.17831509421894,2.37054098809984,1.71698665257049,-1.16338753848699,-2.35032361055049,0.404842054644682,-3.0971955572953,-0.519545467825053,-2.93118487249145,1.89049664600406,4.28945425445213,-1.73930278097909,-0.377948416098834,-6.58661235979284,-1.59058405444961,2.12802047077425,2.6706852206631,-1.88423009215774,2.0313218461323,0.617223595642352,-2.33972452455682,-0.0903626402441139,1.41253562701526,-1.36345246074232,-1.55184843557834,-1.07403055972538,-3.54090267569326,1.88123087356276,-2.97439516287554,1.18082254277008,-0.663141417616837,-2.10001553154418,0.885346879279343,-0.784189487542465,-1.38231370812601,0.533017232890943,-1.7701176784285,-3.57798595446067,-0.119154756349934,-2.20776392663602,-1.5271639661279,-5.95115696814489,-0.978237134969825,-1.08973536834086,-0.318937753418467,-0.470920649359347,-4.71541499240513,2.82446269098992,-1.20455139571819,1.08138890224054,-1.39939979495769,-1.56411461092383,-4.38961250201131,1.47888420417469,1.18887436072883,-4.0918553415614,0.59451794565502,0.400976803050164,-2.3210314345056,0.759009722491196,-3.35407717599341,-3.33011957183936,-2.76563197395942,-0.826003154660295,1.00143433325853,2.14324087637769,-2.03822921101823,-2.58321288087844,-0.0448551018527737,0.308623334778148,0.251736893456197,-1.24564557044536,-3.48759023637318,-2.65293224465327,-1.5963129710564,-4.42000735504078,-0.919170917128108,-1.83493217185409,-1.96473230807996,-2.15866094060287,0.211113359620112,-0.490838723387324,-2.31569512719614,-2.22191415705266,-4.26862259440388,0.0989556271123819,0.45806611686449,0.285494357279317,-3.98277240482625,-4.32201041231304,-2.29171474575146,-2.566858191203,1.69008987695696,-2.66659357424895,-1.88880740033822,-2.03165753131033,-3.22468731358448,-0.0343369192642903,-1.98239565309617,-0.159376129426455,-0.614813500681308,-3.73141869647083,-4.95678789462006,-1.88130697852436,-0.064480303681863,-0.835956894302634,2.2831388271321,-0.126728435443732,-3.488585108426,-0.580720750170242,0.472166221886362
"40",2.61680834574389,1.26726594551571,1.16369757436388,-0.268073603113325,0.601907056542851,3.62010399241568,-0.871309272896871,5.35839945224919,2.65897471018173,2.91268462206887,2.31338450472989,2.89607133797987,2.39569398627929,2.96908148236489,5.1672554625153,1.39098059775226,4.79341571975788,3.41828224888648,3.36108755800676,3.38560895840992,4.38266003683167,2.4981194000956,1.22416917049081,6.10867032176896,1.34384420133236,3.28444551785666,0.480402777528341,3.12478814745038,2.25188523237489,1.13574388749582,4.72568502698471,0.181088128060979,2.66113011796978,-0.66687704757992,2.06738550219304,5.453661867489,4.20829095903343,2.86392100730879,5.04249652236454,5.59133460452284,2.00227445837038,4.27161394285815,-0.296366781945368,3.81809968933006,7.13359579618315,3.51117984028381,2.29001202638705,3.92638306929501,0.86505661057725,1.66784894692994,3.62348725380112,4.62341692983481,2.90335572395795,1.16088558777694,5.99725166107051,5.94580269903635,2.69172789417492,3.92078980194432,-1.58312430761392,5.7720361947263,1.12960998319424,3.53687109461385,1.57355006006634,3.68861092036197,0.504973906734973,4.21592909259405,2.0741154543317,3.60666212056903,-1.35411423364076,1.88307612144512,4.3227009594997,2.22983145539033,4.55254931802423,3.58996155583949,-0.672931681404051,1.55021391452576,1.75611523344961,2.30246165405758,0.338006395666466,2.04898909155339,-0.0152500782764071,1.16155910510086,4.67616761435247,0.558064016353522,-0.320095999262154,4.46798937639678,0.910653800565202,4.40512108047363,3.54929145952993,5.16570864240752,3.98415585503673,2.48105245472531,3.00894727543271,2.92143417965341,2.98589710371889,4.34663644906867,2.00048341686926,2.80512915334011,5.84378247152255,3.37440493469185,3.5048911668982,4.73465357772631,3.81851197085094,7.74913419580602,1.28873518059963,2.98527391028137,1.31780622999623,3.43111376954492,6.75926639688207,4.93629174317205,2.95590155302749,2.31682195214455,2.03201540294153,2.40027561918826,1.4370086175523,3.01329417175878,4.1005509846363,2.7907543473558,4.28792643063152,2.92823957453676,-0.967020910610338,5.22788931819445,-1.40648088272737,4.38379470437019,7.09859419449708,5.02643175388616,5.73410427066226,1.50891172200395,1.34989743296003,3.68928905847304,5.51377008184941,1.67180586417092,5.11832510510528,-1.61013079091987,2.98975861804572,2.74093260758322,3.46602522366022,1.88720537591588,-0.183529762373373,3.11236952771116,6.7600759371178,5.24409898860043,2.47269701251949,2.90400618711759,0.234269786526625,3.40083023252724,3.99538393223706,3.2569228634165,7.13847020870181,0.362291061195249,4.20308433124722,1.43435072729279,1.22596291206832,0.779593395870219,0.0995575149423118,-0.804295556541174,3.60629193390348,-0.500953142411931,3.31317111768381,1.98408343256826,4.95392890436866,3.07085031414665,2.39084371824955,1.88043230782149,4.68564820767497,3.83943603840442,5.56893155373992,7.35448679205645,4.88648370375547,2.27982608202437,2.35908485000526,3.76889699377081,3.32705906405814,3.8887962325873,3.30541616605717,3.79373350673257,0.871776674898095,2.332956287895,4.08906623659895,4.29218447272816,3.24875110804693,-0.507343412908418,3.57473091082886,6.73186609260932,2.11989178463024,5.35529619083426,1.27644821215152,7.79868459059725,1.59816653343001,1.27411546208015,1.56383337730234,1.26995417453165,0.357046332557609,2.3077702560485,4.00407456949287,2.10809935576485,3.50687996684966,4.40469829096952,1.07158867156208,2.65961056149031,3.8233409117519,-0.324697283753276,2.65856045004752,3.5050586323875,0.759734313351187,5.91003265891449,1.86550381424093,3.61681809962205,-0.432216613500906,6.2176827116712,-0.629852415597544,4.09392139066038,3.0009116250284,3.87926141477138,3.14676411764567,4.72307872719086,5.07076599713766,1.13796196814938,2.47129848533757,5.68829665931476,2.59394220935756,6.08077493543428,2.1055644575513,2.67826852465631,4.78997915116943,5.34712075650464,6.02697971760111,3.48320302592403,3.35542236116965,3.05614111244255,2.4875437528512,3.29930667463606,3.40596729727956,1.63898481227055,3.50305411793099,3.45666492382467,3.20938803481388,1.76361587652188,4.57751271361322,5.81515702548981,1.75139897749773,2.06879977664326,6.75490685164108,3.01448572109404,0.451506799312305,5.02918476654596,7.02421087525396,3.27536836807787,2.086420879405,0.237537752210779,1.37174593331932,4.81068009007338,2.41606094784977,1.34695480449428,4.71826587891572,5.15304778788539,3.02756307162907,5.6377879657867,3.87364616643512,3.65582523205468,0.701293282296097,5.09791935427291,3.09694497607774,0.398920406903519,-1.37417631002216,1.96821656272978,2.79385440951971,-1.35713468071843,2.74195569350513,-1.50201746090168,5.4095684587015,-0.852463806954698,1.39846160988829,3.77380214779015,-0.721923652673707,4.546747427375,5.06884287187711,4.52916253666865,3.43439981778781,2.77726871069685,3.29342238613412,2.54786454419656,3.70963608969364,-2.42396420911779,5.57219463337251,7.1841029790628,3.91451837800455,2.28637269693991,5.8414696625274,1.87617502973633,5.16044848021835,0.024178509902403,1.28141519838207,4.06409247022252,0.2740011423722,-1.72501999342422,4.50775083260586,2.33685561047068,1.06264279632316,-1.08528808368098,0.49563962576864,2.66776247452649,-2.27265142295804,3.34563709892581,0.15120247716576,3.7841359607502,4.39380434302629,3.77689080620883,3.0095281829585,2.39090243405403,6.85261653319293,1.66401115276226,3.00133872194089,0.48447445577599,4.93651372068565,3.79366611498748,0.909665360607011,4.00073903813505,-0.823309404539885,1.90494436225736,2.02664421795129,4.71418828886172,4.93457477520214,0.269854535156707,2.45836708791851,2.48872165780031,0.458863405958262,2.24810709523168,4.73272406377309,4.37182841061778,3.28305534106797,3.90700409161381,2.63412342722943,2.43475805262555,3.80064274894438,5.30274891199184,3.00954932974337,0.743840344529285,0.856482844308751,0.0782938856248605,3.01012244142831,3.13102531868006,1.50789366532288,3.37635069394783,2.24449410947087,7.65125907231082,4.79178104171998,3.26450771562244,3.17924549674305,1.62260366678162,3.48075872758171,1.89811133763422,3.45617273995564,-0.736020260576433,5.9176695753566,3.23355704510861,2.62084723298737,3.14317389733324,2.76887339663386,5.58933052905459,4.4063602305705,4.2624078920837,2.06748548367452,2.71397720661458,4.11461864472001,3.96287931937361,4.19838219159693,3.24344249326142,3.29386989787314,5.65502157580129,0.635464784156589,7.65046495316786,5.01517283451838,2.7838117719613,4.6749506429294,0.285145650715787,3.63762437424171,1.20378504807714,1.4833519861072,3.48266234725432,2.55161588697899,2.57473042433033,4.10227887976856,2.48641009812627,1.71015857511551,-0.34578901368746,2.31148833666667,-1.21830320694453,7.29973560085545,0.0416258825226081,3.36422476829568,2.0183222103727,3.63841158247463,2.78292596802293,5.03763260250452,6.86135962560959,3.28291857180332,1.31818772448861,1.38475444342204,3.36458013537507,2.36424012838198,3.45258225200265,2.84484806834282,2.81249896960597,5.32353489026965,2.46558710461501,2.3910603199057,1.88798290548451,5.14440987770731,0.311811065309308,-0.374846231280118,2.9747051850835,0.607981242148453,3.25855211204991,3.4909393824666,1.45199601437954,2.65791130913973,1.59301646661991,2.66840110784293,4.3730097761162,4.041604935801,5.24399326071743,2.4458818412627,3.04514359440192,2.54371982292762,0.589234812094175,4.35758064586746,0.0367211223491681,1.09781404945008,-0.00665699447356527,5.75279493023719,5.98793792042502,1.1190253849764,5.88030620838318,2.57958517139049,-0.083711037789814,0.5514182237275,2.74748722017738,2.9265719279591,3.55663673880313,3.86623437685987,2.91101585245871,3.56217637756141,3.01999624242799,4.0839565313262,4.21709460549723,5.31257243260206,3.07696953477866,3.38779352580048,2.40562034221154,4.23848542611624,4.31442726715232,2.88184417369651,-1.18975280331839,1.9518299355207,-2.2457284604941,3.04135624496711,0.720868765662043,2.9274977855759,4.83164227386968,1.51234369230869,2.35170770579195,3.86846735528187,4.56039689949738,3.27338381001157,1.99037976851101,3.33869301211647,-0.765524409941168,1.06943321511952,0.178552868227124,3.53538535926987,5.69258912915434,4.23881771685681,3.91983049858682,3.03486031332104,2.97713085081742,3.433034901177,1.48189166241122,3.96912347959184,2.58724181039519,2.9793155886861,2.51492780889983,6.18356433115464,4.32045110889322,3.93754876050061,2.47349387692235,4.21355168869098,2.74216319467975,2.82575907921442,6.72398162385701,1.29134884730261,6.42864402455856,4.89661259122569,1.42951313831575,3.29774314219867,0.40875234717267,4.23244577661356,4.29240512498076,2.31469183075463,2.49289709596996,6.17157082708409,2.11476756645909,0.0534523753165703,2.19090892331773,-1.56615255009289,2.69761370243187,1.05427084395216,1.61558622406769,3.39897865902096,6.30963485344006,4.14104081008517,-0.611132395956372,3.1790647190595,4.65270268707076,5.2518858828486,3.18019835977334,-0.72954524917598,0.0409804028776217,3.04529700954337,1.59785870435771,3.3546085257532,0.998955641400957,1.28041232397329,2.53029154103824,-1.34095216710545,3.33645155285952,-1.71121060604582,4.32305685515377,-0.418002845817627,0.472481456825398,3.10072925119393,2.81093665238694,4.43682492934571,4.39208236763773,3.42961786816925,3.7675864384324,4.65033546235898,5.31131169929522,3.96191538595073,-2.60008869577099,4.64856240090447,1.2542774532249,4.48621137562607,2.99679438970678,4.2847041700897,4.13081482950901,4.23747868108491,4.55784571679122,5.86453974987888,0.9775218876017,6.25724221687206,1.94313489273454,3.63941081239545,4.19985745761313,3.1160236460361,5.78905624601961,2.20276395172353,0.999765551640473,-0.803148234719227,-1.13969708848473,-2.7007472794211,-3.39535305636058,0.99581782133323,-0.759710840766642,-1.82290769139265,-4.41424057853093,-3.28834935987405,-3.68829506573039,-0.0156001173934653,-1.42990452608304,-2.47111144186728,0.899913202228004,-1.58174912174326,-1.12257094797916,2.34078175490269,-0.190805190889587,-1.5160658348395,-2.5825513305404,-3.62564255550222,-1.81710905567767,-1.8099798153021,0.454226683748339,-0.731837704334858,-2.04354201462774,-3.53598743744575,-0.799810158546976,-1.83498025926828,-5.16417008923535,-0.683001799942717,-0.853705916182655,0.658308418675137,0.710173250063375,-1.43032020498507,-1.20615170390031,-1.39260231989682,-1.45706297000286,-0.594417628814461,0.660141863537295,-1.39028626324446,0.23840828007453,-1.52092149309016,-1.37184864872005,0.500343685419126,-0.697436330481307,0.355989452702853,-2.05974486403491,-3.99726627945335,-1.93825395286201,-1.51545047087003,-3.18578950909875,-1.64008552073544,0.813313983196841,-3.43021500904052,2.24343170569846,0.643762120469471,-2.48660454727425,-2.2749724282063,0.325984052939549,-2.05820251183788,-1.8114737420915,0.443726549903029,0.242500701008331,-1.68202520181391,1.44664635597244,-2.3160357180402,-3.67850317201662,-6.37346800020021,-1.43053093850104,-0.0948942102102598,-0.206074497191361,-0.572872338430497,-1.12812609957294,-2.90073725427774,-1.06884767068141,-1.49911000279689,0.873889209021517,-4.89097030055859,-1.00072755499143,-1.11749093972234,-3.56069508698474,-2.86257607636212,-3.80215997212931,-5.26238678418754,-2.46206030487203,-2.18344396371179,-2.02789257670855,-0.964852073183929,-0.194217321460758,-1.06873253035278,1.4401216428228,-0.0945143503862625,-0.125780272741448,-1.89400067514119,-2.34122002228484,-3.31363202815168,3.48003211484196,1.96295046904723,-2.22272652352181,-1.67802997416622,-1.93053549935841,-3.38086870420131,-0.906274510198064,1.50293489805353,1.34344994962076,0.246538299090925,-1.40347789845998,-1.15289168946079,-0.72309364103399,-2.10777448221445,-4.61079168208609,-2.31980786164728,-0.990499689281913,-1.57147863834667,-2.27789531096744,0.233236179872347,-2.64817911935248,-2.21249992572614,0.514951678327317,1.06299471245386,-0.125624244710676,1.20115172933766,-1.28935155094471,1.65080744627852,0.662963735724537,-2.09471628231522,1.00035121101676,-0.417176858375131,-0.950129871132745,-1.21677157927065,0.8296444249894,1.08659049862133,-4.80000074973294,-1.24613234734929,-0.236671186682592,-2.04827704311047,-6.00565173264789,-4.4609067435768,-0.344973249415222,-0.502046925114842,1.4334359324426,-0.784351681420322,-1.53990023979058,0.95648471683221,2.34987729630167,-1.50293731997836,-3.29415104834042,4.73891525741594,-0.99638577913607,-2.63112804963554,2.35594988325597,-1.44958123674946,-2.82129467119915,-0.537650882000525,-2.03733108207888,-1.01754466928181,-2.3909166684685,0.29714786137546,-3.88604149521019,-0.631069652411167,-2.42585603113075
"41",4.77838897066238,0.0578733247301897,5.11026959892081,4.79913741675177,3.75317517628739,-0.204376784230345,1.51093657792929,0.800226748781959,3.54711801486456,2.04184306672462,6.40040341913931,4.66373521178735,3.04668436896596,2.37382017629469,4.87271698293472,1.34890318065101,4.46864206806373,2.78371786345966,2.63088980146404,-0.197359471956004,2.95465246695027,0.0985012376218983,3.76633420517326,1.71099765499919,4.69546646391952,3.11797942898979,6.58117895524081,0.667172076048936,7.36064466025488,2.84806097663036,5.51569867253941,4.11428927231644,5.14518911354129,1.81421475594788,3.7830365365575,4.48410595105597,1.46907878856404,5.16562421915531,1.27077217652664,1.8939612164368,0.32153466797022,8.52499067434515,1.69519344067788,1.75784047197531,6.75722472768209,2.7221486441315,1.27761194923324,2.35564487331798,3.94866006220402,0.564619543963542,2.17762382596327,6.63173734982592,6.49314940626769,2.62183053159207,4.2839907007914,4.53044730277962,1.52780018235946,5.91284486167842,-0.296639097655711,4.06122930510833,3.72801547365411,1.49224760870771,0.833050881106583,4.09232663410586,2.09946510324682,2.13028595300954,5.47549321306385,6.19366392309446,4.49497401868511,3.5817633618263,2.59426293140754,1.4767308163336,6.6066571756392,2.65392010546107,3.00506501165841,0.484881896725098,0.0465780268239135,1.81468983037617,3.16088948970549,3.32382346852019,0.0997529540376014,5.53406171575227,0.991530355166578,5.36434179259958,2.35516116280588,4.1903647746769,3.27679366994258,1.10720948665127,4.14071093791142,-0.881847217385082,3.56681837316036,4.12037936222849,0.826780990576812,-1.16706883096905,6.82190732861431,2.03827979081682,4.74553992757042,4.47240505852939,3.34096079451222,3.06982990665043,2.98674531399035,0.439538462034227,7.93431188474484,-0.922364352159387,2.23597581895632,2.46326637948389,4.06227135543367,5.66188299750429,3.67316002777717,3.7751999948222,5.60824744401483,1.72929870008525,3.76645444951476,4.79672837060035,2.3914901207986,4.25543433590155,1.73172636441631,7.2729315154781,1.61067463931184,3.37549163634879,2.80389956350961,4.62667345448338,3.35978053005233,3.04127437586929,8.48903742905993,8.2456650250449,7.22101680219725,3.67885628270152,2.67344258637573,0.805472550450199,5.00007802770072,2.91805615701817,1.0112649538051,3.14834297367352,-0.0162634005906095,3.21776968739793,4.93831276444967,2.96282539749536,3.70219690867135,5.97104064398473,4.42699701472242,2.6956738438055,-0.730351886642589,2.11231646307636,2.05117391358932,-0.0474200790894619,1.42200227434027,2.53635506389776,4.54478823116284,4.62466962567223,3.80012863691346,3.1777218566712,1.93100600188947,4.00877081040192,3.76958942658935,3.27167590697135,2.40462391064943,3.46964936484065,2.50858287855789,2.18410548568392,1.71928181970234,0.649843058917505,1.58005487214909,2.49005377965155,3.84512870726438,4.13121620675606,0.355335109736937,0.806139652696031,0.972957027404456,4.31042933305314,6.06405700518879,1.35728048643026,2.67869133448602,5.6205010993347,1.59678373453391,0.780285359767054,3.96603440990056,4.33188054961128,3.55753705878194,4.61212088974181,4.63768785969404,2.96116126829268,3.49419016229598,4.23107458702845,0.5112821348092,2.61159345711418,3.64122330943377,2.54176518699427,4.8746781229746,0.0844624749948446,0.361738860770143,3.51753845785532,3.59043551488156,4.6300695384607,5.98585032473679,3.86345419756064,4.31833978423793,2.07876824518112,3.8422025738612,6.00742456920729,2.79865451967258,6.50702622849498,1.41508049383188,3.76176400983578,6.24739604896506,-0.589555871397446,3.23043275761879,3.20942550358963,0.0315330530308375,1.84783228232367,5.46514484814356,2.16326095844364,-0.207309405198222,5.43600655780888,3.21334574164029,3.39937346448117,4.8192039381178,5.06796535894881,3.59828242129387,2.88353394527146,3.84931907683053,4.99086711720745,2.90186857230107,4.15050199195852,3.72283507068697,5.71159070588399,2.08468038942767,0.991203405375397,3.19045439982915,3.41810457408309,2.79934656465427,3.06915199459143,1.26368548034374,3.59632340938887,4.11476190933501,2.09757303941886,5.48243784781249,3.90138249458206,2.07474193958207,3.39283133255749,0.299724464876575,5.44110730552013,3.69075138321628,5.94248543051176,4.1202458331511,2.37869066905419,4.39948725019479,2.34709406075497,1.95276697497708,4.85904288180244,0.91211243679394,4.26273655862174,1.52120904209852,4.83834188687672,1.46008600624839,4.58861074230195,-0.00622819827951071,4.07276626134501,2.9083832836399,1.15791412762714,5.11391983919394,8.32116769197477,0.993422228088046,5.63820524415367,3.20496396117732,2.6962097157465,5.61682013613386,2.75617388536281,3.77853280717184,2.08058202210866,4.09940076768605,4.57825097303765,1.26554555555007,7.00890875966561,1.65148711152443,5.9700569189044,3.26691635762455,4.5312754756869,5.53821584922775,-0.167288181004262,5.16342711625913,5.51313239757018,6.74982212978163,3.14210397247122,3.71226156906929,2.54700805582645,4.56763812886231,3.49345482112329,6.21134950280925,0.67132710771904,0.462862290533071,1.94070091284973,4.40572291064714,3.8595105476673,3.31799272279183,1.86435635437282,0.402239906231278,-1.1733988092393,2.78998996084005,3.67339182969918,2.99312313182172,1.97270741243584,4.03956146149054,2.17305938779627,3.73403756369275,2.39730917413317,6.08940706697482,3.09375343118655,3.09804369660421,2.89555939238837,2.81385391033868,1.60827780470933,8.73049980236983,7.08132259580932,1.13072507937318,2.33452868747562,4.01381549488895,2.99478660431673,1.69520153233981,2.44023641549651,2.96808072003721,4.33506918247142,2.32922066199139,-2.94138017301625,-0.504271483836436,-6.80043727201516,-5.99198057671201,-0.657538403746065,-4.85417114189804,-0.681016556116563,2.06806212336275,-1.59035378165655,1.29386933026599,-5.32604739042531,-0.295974592418666,-3.6024438046266,1.42548459035075,-0.0871993923294849,-0.590714575425243,-2.65695985655034,-1.66841881321805,-0.113378077285956,2.80966885486599,-0.189424563793477,-0.277746066601066,-0.895196437656447,0.315313709613841,-3.52608051401477,-2.92692512745966,-2.67217021902944,0.485034192556006,-3.99977337779548,-2.03320563458421,-0.302179810135147,-0.465558403794246,-1.9302472202965,-5.28745912383108,-2.56547470824824,-1.51200435446568,0.705294605026012,0.358919941946836,-2.03776738886883,-1.45781547682027,0.15647123350138,-2.60428891902511,-1.07409502341051,-2.64405721328712,-2.12459796314794,2.25870615868459,-1.51564647352154,0.0220878746886752,0.118435390319491,-1.77078070421022,-0.510799283333912,-2.78691431708731,-0.739652595700822,2.02097003234187,-0.229454965503235,-1.89515410166623,-2.77212474828339,-1.46148894603839,-0.923548835410746,-0.44083928065013,-1.03243783424651,1.58852423778252,0.897225941036941,0.314516687195158,-1.27933536568034,-1.90174969915492,2.09110013002846,-0.40623849421732,1.07439896639305,-0.480037680656001,-4.63274176503894,0.197010674704078,-3.98653576608076,-4.14414564016468,-0.94316458762743,-2.11946494655688,-1.72321281992029,-1.92503952590679,-1.21902423338127,-4.0822116580642,-3.53227188061805,-0.0797487871011845,-1.07206030907922,2.31347032414972,-0.469239404153889,-5.6584292953874,0.946129453768669,-2.93759360542513,-1.94967924627203,-0.713670227551729,-3.81705517476483,-2.87392029024763,-1.73328350786486,0.176628383916155,-1.73714046073904,-0.654890918392204,0.0694202212264592,-0.469839177565496,-4.75476605760852,1.94728896690832,-0.905674285073325,-3.39667558520534,-2.26555922609811,1.17976351347288,-2.0671667960294,-7.71104213529676,-2.95175981506163,-4.27684725616893,-0.198640448212588,-1.42156356207393,-2.93924318098272,0.308909302868003,-1.8988515854952,-0.604372946626571,-3.20041990329713,1.62538381554924,-0.895965201836929,-0.839875528867427,1.87214409819992,0.705690126738814,-3.16526258944182,-1.46286535836631,0.74362898970948,-1.64309164241453,0.931443111563315,0.799410450876399,1.79849290574659,3.03240239750805,2.95617931812537,-1.46787187755271,0.431083956642252,-0.712371943255675,-0.248786955261981,0.849817829866919,-0.428734398618905,-0.194176774827814,0.177356756832249,0.859057654578023,-1.36061539888669,-0.28089655696864,1.98839930035309,-2.22230088791252,-0.0364472657994901,0.545552594389614,-5.50515361341261,-0.492474646590319,-0.503551671775748,1.88617834323512,-0.269525013683577,-1.0431567900226,-1.34687611453493,-4.47662042394883,-0.708429365783481,-1.90687898514839,-4.49294676153149,-2.69696370691039,0.653137378447748,-4.32943289292095,-4.59095605573666,-0.890805447392019,-1.32537970100645,-2.57598312964894,0.531607754198082,-0.943536985052083,-2.13845829347869,1.34191109039874,1.74341818096246,-2.9882315887337,-2.39472622654022,-4.16282159532118,-1.82370964723913,-1.74244947761556,-0.0517004101252283,-3.51976727322276,-2.90435105649692,-2.02285404943646,1.13677643296035,2.27760470671281,-3.59149308743802,0.975493874024634,-0.905123634917824,-0.499757869176776,1.17390942550547,-3.1395187836432,-5.24888214019546,-0.52761512585094,-2.28729261899277,-3.33437306790795,-0.063943749428726,-0.442585046887988,0.30866750360221,6.31933184097786,-0.227465355072928,-1.06199384615429,-3.39758365584747,-1.44715082814077,-2.16118358153206,0.368929016658192,5.53624902874894,-1.01829963394322,-2.98759963879938,1.59611507827032,-7.23726930522871,3.86323339467937,-0.586048684023239,-0.809508220392897,0.0603641083448792,-3.24178632383221,1.24769219954026,-3.68475524128781,-0.459696722518845,-1.63266712883737,2.82652507600767,-3.17665326651051,-2.03333737917788,3.19402744579407,-0.788149141934179,-0.84245066330989,-0.207971937643972,-3.66671319480137,-1.92280039962912,-0.549532708224592,-1.9681303607313,0.283846388919784,0.816632436785933,-3.80010481241179,-1.70836666013899,-2.74601170395467,2.54049736686312,-3.15257834504927,-4.3754266038936,-1.91562769348078,-2.70507438612605,1.40822487203424,-2.3818328763426,-0.133757282463463,-0.327190129700152,0.893847313272111,-2.12334272600268,-0.691323281080566,0.128155571804201,0.795341712426534,-2.63241442058308,1.08907835417762,0.625934173473123,2.15671978202204,-1.74639990306897,-3.12218599952863,-2.82169172851892,-1.03989426286004,-2.93902424704754,2.21466377026674,1.25502401073105,0.662417278048564,-2.19099457899703,-1.17602872346541,-4.74044402615595,-0.520509839456122,-5.87958372229952,-4.96839204954971,0.123174202399489,1.43679260626517,0.492620486883633,-1.91848608827676,-2.26437589888201,-0.19470135602609,0.338881142457462,-0.7203430823151,1.83841935262536,-2.474371286461,0.986982295256096,0.234854916452835,-4.54678223345259,2.01769109182648,-3.32426021249419,0.791730038772708,0.168550147716538,-3.62673657511194,0.184060928486117,-1.69256282720839,-3.84487729650767,-3.00487639057365,1.08580882532523,-2.48165054572281,0.517874265840276,-3.27810781580184,0.184270231695058,0.178617112367274,-1.14479710353277,-1.92513015920225,-1.85519310285093,-3.7918936820933,1.44982290624278,-0.387298070723101,-5.02770872316103,-0.971321527834573,1.22295088918875,-1.42702866905121,-2.75665815659016,2.12619776133932,-2.75445666097799,2.58755304162337,-1.8821010514929,2.8057163998185,2.69496344726129,1.44793502852974,1.48276608924942,-1.91423510647989,-4.01421038176951,0.786741427473827,-3.51055599013548,-3.14368681362602,0.404987484764769,0.309213370865497,-0.421937327322406,-1.85847131663237,-3.09384217148218,-4.38288885513426,-3.08890858164602,0.525023724759464,-2.20378969039096,-0.478574752797005,0.700604327163968,-1.62538503846907,0.542041118939205,-2.17035786455537,-0.925416480798268,-1.6783819234878,-2.58812699615614,0.643558673831192,-1.21843011551231,2.4098603062026,-3.86428823889066,-0.961047439154427,-1.02902313064832,0.0667409514986357,-6.86274412198345,1.59933201792047,-1.83981395308916,3.34491055326491,-1.61745161278376,2.46956399858652,-1.36951502879642,-1.90630206624177,-1.09377880389461,-1.74986048451692,1.89043132299787,0.693530531216369,3.13261761042838,-4.04479822538969,-0.915807958627758,0.129560420729428,-1.97830780082323,-1.93011554683434,-0.232370704541558,-3.25310822977843,-0.897195371793039,1.65049489212122,-3.56152418435875,1.2378050555895,-0.123000336711363,1.13651664989015,1.05525225638238,0.0553185534718703,-3.82267653691168,-2.72080106038677,-3.03867352937745,1.18697508785668,-2.34882882680654,-1.2503023476852,-0.789693137932212,0.301821761979867,-0.639709721826581,0.544849059307301,-0.324944354984051,0.461327547434037,-0.339523832312667,0.528373225672425,-1.68772802454576,-0.727811121105021,-1.61216288694636,-0.702288202106009,1.56960740679971,-4.28932877896103,-1.44808984196516,-1.30434911919098,-2.22079025397822,-5.39055653417473,-1.50524813493713,-0.264709185353036,0.308690475609533,-1.61446374523463,-2.63946949760632,-3.3555233146539,4.05052621555273,1.26922033843012,-3.00559419051845
"42",2.53226571856388,2.55564916379326,3.15257912159816,2.14540807907454,4.82359766274684,3.99511022286957,4.46198364529215,4.51569444625866,5.15489758066584,4.64237622999054,2.47995673867962,3.01497866306004,5.1624472265545,3.50957505677984,0.834607077721822,-2.42638748753943,6.71768128233449,6.36201338912876,4.25267038170165,-1.77058378768344,1.33048379777973,5.49935944315261,3.34770149248202,0.331553821953289,5.13724150154547,3.65102919815704,0.976705067095285,-0.641636545849551,5.31027289349758,5.90985264365367,6.79852492465249,3.65355726824673,-0.0195725903357564,1.98709920535754,5.17090092150258,2.87049722947923,5.57886746535457,3.20491822683996,3.94832223139168,-0.859550475653252,2.34357175220116,1.33677054798974,5.88287160143636,4.24543038864545,2.69264110845656,4.20409285871146,4.15520933056172,5.60215844612943,5.21269463641886,3.82221491014497,0.256030566556595,5.2665595376708,3.02878730613202,4.38323859741285,4.35614707454848,3.13982817071263,4.12437512820798,0.986383796137005,4.40503912029409,4.7451841820708,3.87561987575427,2.94176512485126,5.07014634120575,2.27166058517832,3.08959561075038,5.26415501351214,5.68314245323812,0.181463053958503,3.88296085455326,-0.255075434855522,2.88850053540813,2.83753679528756,3.03079337092798,7.25458636484859,1.14949917207194,2.22624268814507,5.1187253215381,-0.235546506080413,3.51811527862216,1.99294191322281,5.09156240737765,-1.29037882803058,3.73340714930563,1.09247315980129,0.64410453311112,3.26553248780018,2.67473396703917,2.65928231856283,2.50725109233707,3.01397060935112,5.08019861055221,5.35595434151074,1.18477678401162,5.4541058687033,2.45408690629905,2.38331494820741,2.9497453336693,0.38333427274188,3.41814021844452,2.20035486920832,3.89717612088549,4.00067338318452,3.10449725804053,6.06876995184114,-0.97694906051712,1.32133202889237,2.05794019594021,0.432580927909658,4.95649087699145,-0.341185235383043,0.964682909860394,2.89839441852828,0.776237579223787,5.47261497278543,4.72372229711899,0.603483962688894,4.55433941540307,1.56749949669569,2.47092777378247,3.75379204863203,6.09611329616622,3.39989515481964,4.18530519649811,1.09386117265879,0.793652182877477,3.85097053105684,3.77552981007482,1.99634121567788,3.79354513288622,2.60258446485573,-0.371619683843619,4.51141419487178,5.00952730039687,2.45899643908589,-0.602696313694643,4.31373158633437,3.2732208827,5.52685973460993,7.13570608139603,3.84154159431399,1.29797028869344,3.57481464603567,2.96622030732855,2.14797046137524,-0.945727174447196,1.255037805853,4.09042927995567,1.92842703287299,2.63004295661942,2.02892255074881,6.70667991359846,4.49917877586461,3.56935734924496,2.84985056784844,0.334468443378643,5.05403209198704,3.31442087348481,9.23834316803537,2.51477172412343,6.45505992496324,2.97969212656071,2.49312308908174,4.97395049552082,3.87402925414592,3.65091890285094,4.69278366759241,2.66568931313316,8.18622472995203,0.773597694452711,-0.263088616759052,2.7506922305037,2.72922335831009,6.90387618063566,1.58817084601757,4.81121085298683,5.19929035861298,2.0416106078737,2.75822237285494,1.22774959702721,3.30622968345915,6.17206187907408,6.49495853460995,2.33121184458211,3.81641233092527,2.38442058485242,1.69880688862078,2.05510204784014,4.17634955086968,4.07904229238855,0.867958791378078,1.72841224774739,1.81684172138891,-0.11479551708462,3.66339451753021,3.64809788704656,5.68299291869373,4.75136317891466,3.41743788851102,5.53933768898651,3.67985299890693,1.54514769145631,5.83348606300686,2.94008735151561,2.65378721510233,4.78993148232362,3.4531759805245,-1.9568154134886,4.64004815875822,2.88473197289699,2.69602389781556,5.8155157750974,3.11433043662987,7.75377339288047,5.12417897423255,6.41778340298816,0.851042680100868,1.93396256098815,0.934446926860089,2.76933942166094,1.51105371115488,2.92729243596272,4.89799869082135,2.94537441694359,4.20411676964104,2.68999476466264,6.44428451663905,4.03036399040356,0.760041482699725,1.57875350184601,3.63735833003361,1.61883325123628,5.13861246109106,4.42079310678367,1.4582946167628,1.98460706129673,-1.12195456004282,2.99065808386386,3.22196418872647,0.164857111495589,2.23299155018841,-0.779237235869513,4.26734259372931,3.11011588559469,5.58224497296276,3.27169838533535,3.90834102574742,7.82509737160348,2.19300635553189,1.74388658325455,-0.703374471954785,3.82768121763724,4.16497108493335,2.4836706513691,2.35575244051266,5.73069337822634,3.48103717000976,2.12643883454116,4.26746649050353,3.00410719673855,3.27353665613926,3.95706643432969,2.90882104405509,3.02121838643029,3.08857645334033,2.55491062421092,4.50461465945691,3.16600351398837,5.05389912622134,0.656257018385419,2.2887117643073,7.14227087723764,2.86117336361109,4.27368913076839,2.43349366695444,1.48932578636079,4.32691122956188,2.67512156404845,5.27933817304607,-0.962825462891562,4.60610756528024,2.78760219366554,2.54361645191391,2.55714877348458,5.30081371991013,7.68038452945458,3.06389051610576,3.43795028426235,2.82895444304405,4.4282393377939,5.37721204494546,0.318479672669506,4.74903730273537,4.04404179762768,4.85445464450085,1.58283171218291,0.287491929557995,1.77222717081101,2.24714002103283,7.30206420645486,0.559270414316216,4.16076572279822,5.15869496128882,2.73233580376694,3.45766087428254,2.30397468639814,-0.0698934627516872,2.80911881286292,2.96572521738147,2.58792819010555,3.23960120738666,4.47585415031885,1.17608010967224,4.19827761198121,1.42367248399198,5.51001697983132,1.57896553241992,6.07714379536684,5.31102158385924,0.516266799726365,0.769618595213553,3.31032931467961,3.98411733339759,0.817961606421687,3.7045384115847,4.14082832769268,7.41957549195393,-1.50979617,4.02570771792027,2.48190801471375,2.99574075452918,3.63028128259769,3.79519388601244,1.57604840864209,1.1322940145257,2.93772287916051,-1.0450159235196,4.11332086285869,2.68316013073298,6.73263548874156,-0.510226178219804,4.13939170146057,0.4494848164419,3.18200728960998,1.64698111797794,3.75007401864237,-0.530845713318672,2.95872602661304,4.35152875294587,3.39938699379097,5.95326166408893,2.3917789107605,5.7677673711634,2.68453903803464,3.09706795943592,1.3456213109602,4.47473776419675,2.15346795897826,1.85635035058583,2.45895751075002,3.19191663286972,1.61151387098785,4.25437045426466,4.59898860917047,5.96499838753469,1.48029453560902,1.6250616591071,2.00309577968306,0.232748788908856,0.713359642906752,4.42369771782915,1.0626066421887,-2.67734166634119,4.90225063296807,2.67648811507866,4.8590965194334,6.18693910001261,2.96518075309603,1.73687386156359,4.69034544106144,7.19971091366648,2.02138752748708,3.64442146710495,1.57585921906475,1.11760991768586,3.55091519038287,3.76802160180355,2.85551646150122,4.17120376776618,2.63784471111176,2.82808837343132,4.77145835537726,0.449412930251377,2.17424211942855,0.592706731259056,1.31941644188892,1.17649043126504,1.42892625817658,4.68553842737263,1.1815593335737,3.26782031600576,2.90972453438545,1.82534986651325,3.49951768054393,5.26829874241788,4.73041704015092,3.80073388117691,-1.75125284705592,4.34250374703473,1.10160199551593,2.57169382342284,6.02869497810515,4.21931953384622,0.657999081633102,0.232460026273867,1.65912085302384,3.47301915024904,2.95570120397157,0.72761005526048,5.86691740622263,0.102012136243658,2.94513516004526,2.82068342136263,0.831719973252946,2.70855994415552,2.66311073065502,-4.60643943142035,-2.81726774951248,1.05333304892866,3.9188683981713,4.06772349944835,0.848600271197,4.03581661551929,2.8421831676814,-0.101400509066351,4.92885126264058,1.53774747388537,6.45036708481376,3.33825734125081,1.25695703343403,-3.86220330851126,0.66756049183311,2.28342690013016,0.760933459920951,-2.09903491228735,-5.15314987792281,-2.08989274941503,-2.91292316135883,1.61642546436576,1.74653301797962,-3.10954065576041,-2.68949504151859,-3.37771324948724,-0.480195936968524,-1.81988037637248,-2.14442785401124,0.240318908092884,-1.46580163956769,1.02741781046417,-3.28735701843416,2.3307622845784,-2.27918356406087,-1.32719800266364,-3.97847583844504,-0.254431269209897,-0.522662766086176,0.619248156172717,-2.73766925469297,-2.54228112375966,-2.88790731071516,-1.20412741585289,-0.830672893310091,4.54681185022508,-1.69908932286466,-0.754403431311579,0.00684488219810486,-2.14863841159521,0.387090725021343,-1.02662298173454,0.180282730220839,-4.63803633932408,0.935803491764966,1.60145941389332,1.21917042002633,3.10962345248992,1.12630425716934,-2.05281448949903,1.51917444747388,-0.976024640143097,2.11272782120161,-2.98604491166578,1.3127377052645,-4.02785196143128,1.67097929876561,4.61136684953285,-1.75659207168344,3.0665300139055,-2.91900975281016,-1.32619400154529,0.737556472166142,-2.31933607657257,-1.31562419636484,-3.1587364370248,-0.155930364887907,0.140630173443498,0.628525398057115,-2.58687034780622,1.56897954937545,-2.27303059418276,1.77183366958594,-1.6343105869801,-3.47363219837691,-3.43177686765805,0.149379928626135,0.562392790333941,-1.41206005884369,-1.70733956831148,-0.552745933229013,-3.50504769321214,-3.29791050392455,-3.05364750702202,2.71488210958483,-2.03763816624313,0.685837210977208,-0.350668797207896,-0.0116256068479785,2.43623363896257,1.96199175049495,-4.55807055740423,0.244426763392051,-1.69276517893164,2.70479638844149,-0.0982836550544326,-0.640860062972725,-1.76420449044839,-1.37395194098428,-0.811582145783888,-0.0528371343670433,-2.32611333475598,-2.03071444796943,-0.511835701412173,-0.639591745791608,2.06840358320284,0.304332671759414,-0.0325909646374553,-0.288161190673431,1.51053678574926,-0.884372974696503,-1.04947599616402,-3.00338138738831,-2.35977118631576,-3.85235559707952,-1.90676753873283,-5.42896131221528,-0.462869287126281,1.12082432875387,-0.285282313543746,0.93930834472189,-0.176483524395608,-2.01351493203713,-0.214113112646259,-0.596570367310293,-4.46508953146951,-3.47001706265177,-0.797538442387598,-2.66548560849368,-0.295948705722867,-1.10657690162763,-1.16683328727514,-1.01848628533453,-1.6164527790508,-4.52285936989463,-2.29709240631362,-4.49330436881653,-1.36109986620588,-2.44209357471662,1.58759024697964,3.11600917245409,-0.533939748976046,3.49450672801366,-0.437507137053467,-2.58240686233267,-0.451251967403976,0.229051157989722,-3.15268927081784,1.57527053738986,-1.81019739701843,0.983868242817331,-1.98515915814052,1.81990045225827,0.221916907732353,-4.64736882116542,0.21791476248439,1.27251999212665,3.08848654617609,-4.24459105837443,-3.7362535173608,-0.55206855096233,0.0804116826220189,-4.98975262086411,-0.20006375422677,-0.250858780261588,-3.54664946758789,1.02546962909493,1.30694057250999,-1.06053248401939,0.482459721358416,-0.492659768968772,3.60438502217209,0.02176121391564,-0.363064564723702,-3.04648291973276,-3.13562657154718,-3.3274273304594,-1.67926529012472,-2.43556338096059,-0.409540120854327,0.452512691626563,0.206785657973409,-0.0836081763087426,3.81780990676899,-4.2151000410489,-0.00440878390352539,2.16781596225116,-2.46819207741377,-2.37995807740704,-1.1447364387657,-0.0274029083266917,3.36648509977336,-3.38103862548698,3.3011942392632,-1.9557513594232,-2.86760011248977,-1.09721875767049,1.3198632058158,-3.54016826682863,-1.12788053657621,-0.980467394377779,-1.19894399886643,0.356499107051789,-2.31728854366894,-0.616057076366271,2.35261376820614,-3.13274065883014,-2.93103470785672,-0.198741345433178,0.338340968392809,-3.02984597411858,2.67502510598708,0.853442553147234,-0.316103005274976,2.3268046356875,0.0197812545440645,-4.6536948370988,-1.04214443572959,-0.11648929975125,1.74438932844367,1.59243501575588,-3.86518467264241,0.0556585693212566,-0.127207248584379,-2.36797580907874,1.39591580988865,-4.58446294574333,-1.31813378579137,-2.58244357198499,-1.98390526491974,0.84333034303695,-2.91474949574157,-0.992395834724098,-0.81153894048629,-1.77416364152189,-0.993265120335129,1.13468074523262,-0.945617183985322,-1.23662635648474,-4.47711369894195,-5.01382754307248,-2.27756436213693,-0.272788913090684,-3.93399690124496,-0.12288835927835,1.01351742059933,1.12122760488046,-4.95039295425904,2.78677015526779,-0.415438054642555,0.607013355187877,0.125687650590362,-3.52530990476179,1.47020749458879,-1.60705808813996,-3.68654379822409,1.26208809464855,-2.07755785878341,0.11630379284147,-0.601256836731036,-0.903391831331447,-0.11269932223003,0.771670425237694,0.703822510069214,-1.01110961225976,-1.46175569788767,-0.931922938676905,-1.56947853728006,1.77137362388036,-4.22791088499786,-3.50067677430726,0.626895752764275,-4.43630398628558,-3.16743570641447,2.38688718292253,2.02003985979806,1.33004341163632,-2.90678924867022,-3.68741462917516,-1.00358714200446,1.06501059600346,0.534467309773507,0.416708483473812,-0.433433671143188
"43",2.94558929408634,2.43126228478297,1.74648640116818,3.25851987576617,2.36804054001306,4.60724452362128,0.289790386633131,1.62881529361016,2.98432594299929,0.932204149638165,3.82044013922142,2.74465146619921,-0.026610855585008,2.8920872437981,-0.655213417981627,-0.219654392312516,1.7311071788038,2.35231625852337,2.59439824621087,0.562183493784522,1.62235931102824,4.53013385674082,6.14400716269892,6.36661752205061,5.62276402837677,1.71463522310139,0.540145192138655,5.09885847561652,1.85907697284298,0.438278984994459,2.34276497188141,2.89189684244933,2.43300329943795,2.26934850330439,1.79044052449783,4.4011350951658,2.74144081719992,0.216916000031757,5.78531854824951,4.56091862463577,2.50785988008834,1.82897312445304,3.90284395021353,3.04295722252598,4.38909819431926,2.05703630350638,3.05335625760506,5.71253889082412,5.26113116257267,0.910068772146236,2.3865582319713,-1.01913476137692,3.25924437303644,3.86756611692067,2.55527451418987,4.06541968128576,3.94009693563883,6.5142052098029,3.03406080359121,5.07945826289282,4.63033563631594,2.50299098727511,5.47103803853059,6.14799683380856,1.24914963083829,-0.214687137983263,5.17102260252789,1.52347771476036,1.960846812429,4.17658728336897,2.90215144643023,2.23046721361462,4.55975585400668,0.00784816482064121,2.89250063817682,3.50369047525647,1.76796469498587,2.65945970753006,3.775133876816,3.91597743113036,1.87491531372121,1.16213101014752,2.77888857428505,3.20618601336931,2.39720608050089,4.53973456350419,1.8718199530948,2.20674860432027,5.17948103010704,-0.192895479238448,8.11079472324107,1.9518345854251,4.09589264186938,-0.582347691589619,0.498195865954661,-0.214853949988754,4.49299822307044,4.7123960738483,3.62999484143968,2.56782587581563,0.981901041685035,5.80139014788657,2.02379876089055,4.49694807340813,1.61275793279923,1.25730486047461,5.42451898865527,0.0511687106590184,1.99077933355828,2.63517323921587,1.27000805969211,2.3273627770111,5.38765445148552,3.6238926804964,0.0904063660081786,5.29642060168894,5.73064151890457,3.15389351711645,2.35297620420347,3.13606302573914,4.12682912946427,5.68547186375235,3.02254816437173,3.73315899708895,6.63512872266242,5.44495427677004,1.58054517013395,-0.867846825416132,3.39249898930805,4.73408498230818,0.230057589421048,4.88602596855245,6.33052311372746,-0.0862304805926688,0.139257134696192,3.12075631296304,0.736151583662264,5.8359367513519,4.32317381582408,3.47388338177926,5.03740960241261,3.87302311854085,2.85164177727243,3.32078599258305,4.03774748847193,2.3019443016203,2.49843202006073,2.16933276494498,6.02291730247778,3.83330571514468,4.86518515756172,1.22352317855387,1.6205442661904,4.04985201437818,3.74900402031993,1.30511350273391,5.54321967543182,3.27996001526569,0.456521080379307,4.05933025969267,2.77396366914939,1.67418380801566,4.67924678619122,4.69498175454119,5.19710285076269,4.86215636051205,-0.341760732812868,3.91971791042031,4.03648398810643,5.63696780902128,5.41244866105794,5.13245435767349,1.38782347912599,0.994189878514251,1.586175919312,3.53015757615636,1.142665239178,5.70653332299142,2.39235471088328,7.77565245822039,4.2268200093317,2.98346229740039,1.5772150496914,-0.279060563046345,4.92390855099233,2.95862418188615,1.37790057458988,2.30404782449239,4.820677294387,6.15283921916281,4.38510434726669,0.78122233499146,6.42248307280382,2.09349206745904,-0.875007479126708,3.95043664024341,0.347265156751319,3.33322880633382,3.39409475109982,1.00545697560828,2.4398124699143,1.29594378095003,4.36238143853047,-0.468458031235111,2.84273650547669,3.80178535746587,5.58929472005653,3.08759798482235,4.16842411425436,2.04259004518708,4.33252078518262,0.690312116798683,1.59356865067116,0.611679634815407,1.62279993838999,2.50363479538665,1.09895153559867,-0.133573141102558,2.39098329314082,0.932982873955434,2.94598583618799,2.35835190933757,5.31339504933634,3.11175400597399,4.70124584344182,3.61437711436463,2.40810307915575,6.68992515924067,1.02028217987314,3.81383747150348,3.58324517928616,2.07699768412383,0.858032684043125,4.39430211348746,1.72285669356644,5.76073650586118,5.20953273703154,1.39766115503224,2.51583260359293,5.10286021731045,2.61589124550983,2.10654903070785,3.58082638189477,2.44474822054427,3.59457861500722,3.80164148576533,5.43129935174656,3.59884404018461,5.08149490611316,2.47290737305201,4.32143060054381,3.08364419164727,6.05062170750864,5.38032362327949,3.44214035642775,1.89320473110413,3.38195157450665,3.02012569311988,1.96587766965255,-1.71551638929057,1.25944557369088,1.59095513621239,0.713170015509649,3.6112866670131,2.60788956400445,3.35696046495283,5.74334374105566,1.72339494182761,6.39221843188972,3.16679573161902,2.88447798589468,2.58739592025921,5.55542922789766,5.92182959303498,3.64070907348301,2.60461188755966,2.33555981260191,2.26501504688196,4.7650554677321,5.21158849908663,0.476446833126878,2.69027578382726,3.52180392341777,5.53896463129196,4.8605641940293,4.20568216827267,-0.404888797739706,1.65066602750621,2.48841783902201,1.76406044702551,3.34865195089324,4.48480419052163,3.94346518017361,2.27134236630875,3.50883882938541,6.51695637844998,5.64490248056594,3.10360647854557,1.82404751282296,0.112367705073978,4.88001176413297,3.86430367135893,1.27283724121828,2.44162265822456,2.64469605348933,6.84571529602227,2.41363278600224,3.62708065886241,2.5317712798818,0.000617098267346794,5.02398566924992,-0.0958405595446341,2.60277936449609,4.62736276424608,5.20058728079376,4.70459473571439,-0.310810802068378,7.36609059468211,0.974784943390143,5.00038048355492,5.63518483723404,4.08039071805863,0.390962660222804,2.07531704409955,5.48912236213079,0.712100861100249,0.762422731641014,5.60832767846065,2.42216580263889,-0.936280493357913,3.39027391478078,-2.02614332760316,0.00595436052039644,-2.18928334771253,-1.13721365009882,-1.07312721259337,-3.48442414206957,-1.59784656849473,-2.3250591013972,-1.60257510649461,-2.39497089256616,1.61358188343828,-3.78411147706123,-2.78763984004291,-0.954902008088582,0.266700986899963,2.01001114397901,-1.78164647482341,-2.08613575149172,-0.886124049579981,-4.36598214791902,-2.3681190959072,-0.455533872001827,-1.10998507245852,-1.95924114528664,1.91029391054661,-1.00151496171541,-0.428727829749831,-0.771142641547575,0.395497185123745,-0.439038160560465,-0.409215836070213,-1.21604579548752,-5.21295296414952,0.627444599673811,-1.68981907968058,4.47744314915321,-1.7437238695586,-2.46108345538534,1.25155514428612,-0.508677027021933,2.29616439844372,0.19035668615165,-1.55272363269329,-1.6719481414368,-2.79225182125617,1.66645641594275,-2.56980630258419,-2.88340052685643,2.38068189936041,-1.44220687354914,-0.761752807749286,-0.754177872803629,0.350366474145406,-2.56246581257982,-1.92452743010211,0.0532582004085478,-1.7429402522314,-1.75331948781037,-2.6608147714354,-1.43000382732392,1.02368320186366,-1.48372161399716,-0.598914249149864,-0.973183324669523,-1.45849366688246,0.614627182357682,-5.23383409720179,4.51193104480751,0.289123181446143,-1.49257851786689,-1.19328846690795,-0.488259938663426,3.25736749438972,-2.85346518582751,-0.11765592318776,2.44340564344198,-0.363552807568791,-0.881352677068212,-0.114819443447061,0.293680527561695,-2.1665540157969,-0.590623744468823,-0.936596267704742,1.6864184397285,-3.15906745139852,2.66392028266868,-0.390413827363348,-1.47061075586247,-2.19500983098566,-2.36381491841677,-3.03475888981017,0.175160725846196,-4.04466056113556,-1.46695704041964,-1.17933737420186,-1.46062194694685,-1.09990669790342,-0.471493852519638,0.308769413576632,0.276794352866644,-1.24125875285189,1.46251660139759,-3.106841422493,-5.97635726734391,-2.73719157463558,-1.74045167959963,0.207006777829795,0.424360210058569,0.378269745338843,-0.349858195832396,-1.77631904268663,0.278960300795029,3.05440313572442,-2.46507319903264,-0.443955965439277,0.693569371922976,-2.88269526032935,0.695216475575555,1.1434449547757,-4.83876636024895,-0.287882098915925,-2.02587398842601,-3.22673268352989,-0.787973489397354,-1.97223287683289,0.955417203703529,-0.88484189363894,0.105076975073155,-3.75105662843852,-0.374284470621266,0.490452582433912,1.86913966489568,-1.58142670404675,-3.44870992118167,-4.67629124798076,0.737741481534221,-2.51799287575624,0.164589094237945,-1.74931034098667,-3.84860015513159,-0.447055601320195,0.127523096679694,-4.43300835205665,-2.3107721259166,2.40617761424046,-2.30479237167675,0.265028427948766,0.579831782565018,-1.99129458335793,-2.12508136577654,-2.86602274292123,-2.56212214090603,-2.55226013292341,-4.67338499992058,-5.17826770092408,-3.12016535433298,-1.55394948127029,-3.92755932749302,-2.55884303212997,-2.82059240388936,0.761162866085273,-1.21175684027117,-1.42052211035203,-1.46463520368871,-5.27808413818729,-0.965152784495155,-1.83590463695684,-1.89152291477364,-4.88841892774881,-4.16034836087893,-1.37879581864206,-4.41373497021153,-0.304776409006266,-1.93836807438817,-1.80322801516708,-0.241611811264604,0.192457254562951,-4.48872461933986,-2.86233499631974,-0.462994447946439,2.38249785451047,-1.51022584324306,-0.583335021340816,1.35000978821669,-1.10251483903327,0.27226426610209,1.66899380477818,-5.2638798637836,-3.50811950297158,-2.46511534297036,-1.1924922758047,-3.03810997309591,-2.83952641950558,-3.77813501348482,-1.92158956056512,-3.9059667553789,-6.53246846577996,1.5087025342941,-0.497391410541909,0.43585551591526,2.80740753430819,0.237989776985876,1.34594171954311,-0.86085395913815,-1.49715809077716,-2.2712272622878,1.51132784866134,-1.27676708118138,-3.5858295063817,-3.97868552247738,-2.58295979997403,-3.68704922917484,0.0440244489907573,-2.55329628537975,0.289021560205511,-0.862272160673926,-2.21963579354804,2.84488713946209,0.00559215383684442,2.34068101566459,2.28639645040572,-3.8289731950503,-1.99893918217207,-3.2555828853226,4.33341305541682,1.14141787351879,-3.39182798428734,-0.589224704255911,0.0446530732051955,0.511520922976531,-1.07741324920463,-0.380318020931588,1.254722975662,-0.924644529825764,-4.1895008089639,4.2682077746511,-2.75555647646692,-3.21802409301647,1.85737182319218,0.671712569136348,-2.46567947327698,-2.37325656063835,-2.37534227064539,1.70262609184677,2.97284074966176,-1.66507479031268,0.650030698601506,-3.31240910523974,-3.73725966929983,0.365766399452341,-0.0867888174006971,-0.516857013891431,-1.34934838586935,3.46711751691993,-1.16006358610946,-1.07356483504093,0.198907432678529,-1.98626506603169,-4.3123692205874,-2.53517082939997,-0.0472410483799028,0.608152945386772,-0.825334903160016,0.200381840001964,-0.361729234747542,0.316263574288294,0.439579723907896,1.36890576294062,0.665038438797207,-2.12207317316243,-1.11235107911988,1.70716050984614,-2.41231565678603,-2.46122702350483,-1.05109102039454,-1.90848133849324,-2.97008686927529,0.387819782446312,-1.25447026341586,-5.85547028960936,4.13208142297139,3.23072147127821,2.78544121385269,-1.89818918743178,-3.06879107530171,-0.962449907552133,-5.25312589815152,1.55045031656349,-4.17614778594669,-0.732515756537182,-1.16302465205673,-1.18584934887775,-1.78452257099136,-1.21182902300372,0.111681828361571,-1.26116258235562,0.299298811731481,5.40284444543949,-4.36529773799021,2.89171882139341,2.29859716156315,1.66309888570572,0.868244045306602,1.11782028579264,-1.3843611260467,-0.356968559046073,-2.94903179350674,-3.22419921691076,-5.86025643129659,-3.638626465866,-1.15555829397404,1.84723577357962,-2.3138398835702,-0.0716356673571424,2.09891508621246,-1.71379574285728,-4.95452191132007,-1.76246448651456,0.0398919620353175,0.713508512567561,-1.23019048266141,-1.63957256281914,-3.07548959070065,0.439500910742908,-0.544958379403086,0.514839365840187,1.71516537388914,-4.20885132613816,-1.91999532699893,1.70745288964215,-2.4078733465706,-6.16513366372858,-1.13984031847512,-0.232324409206021,0.464509616264549,-1.73115269876722,-4.77461210811577,-0.720573708349529,2.59556309277978,-1.01795284969869,0.292848157639286,-2.92237227381994,0.421412640341583,-2.7442008550272,-0.841890027294973,0.981020498509718,-2.96701340891514,0.540513776925033,-2.50865842272699,0.231173366316252,-1.90392152814379,-2.69632852507481,-0.484624511200739,-1.55836322581405,-1.92841558195639,0.512385869049277,-1.12389196243557,0.637843714329061,-3.78071697539679,0.584781367706152,-0.0658117516968947,2.85023740954053,3.07632101514129,-0.797572039537464,0.631714267482175,-1.0884823239823,-0.87864210572327,-2.7000813966898,-0.279007729908985,1.37927774862866,-2.46300516967306,-1.40128108808098,-4.83968120575373,-1.43008682776782,-2.76335545780055,1.45862548365122,-0.160571101543985,-1.50743410169553,-0.910880447657561,-2.08835097484729,2.08624513940979,-2.83914979951356,-0.364847435444282,-1.42904066846662,3.63079200348245,-0.32360461678935,1.51019429972137,-1.17468901185819,-0.514991854012084
"44",7.58834740300645,5.4801626662293,3.52411952990612,1.00724974028025,2.24555942047139,2.88689848730381,4.55748841054705,1.22248153782491,4.00700907908367,1.5421799032712,1.76403971350859,0.577813335762174,1.69703277933442,2.81448366126466,2.45303925376989,1.24181186014466,2.12974287613381,3.20182322406894,-1.08552992657865,4.01065381465453,-0.271332491811751,1.92205388429415,1.68571726924553,1.80936891972903,1.31092880026915,3.61210460337817,7.09616563854788,3.07385445435641,1.11495428042117,5.78531384033524,6.32373425542016,1.11454367652898,0.787967446833088,1.79252577285744,0.844071096785618,0.597949809390784,3.33779491374065,2.5473616840147,1.16624957131746,3.5755086740536,1.66002835532476,3.55040525793274,3.75684816066772,1.95834456053977,4.03704244291259,2.81353371578131,7.3111928172639,3.59443948788027,1.36318664604014,7.33754360014317,2.92250422831891,2.3941485052929,0.0866168696660532,6.66445847757733,7.71471266152359,2.42654592602425,3.75079398106307,1.62505489371635,3.30380488361651,1.95173551625971,1.55019375585431,2.83434890269101,-1.32636618801043,-0.106194520644325,5.94962931933499,3.37998184902536,-0.71819003303316,3.26913996913098,-0.284722381430492,4.97584609084416,1.99057965480689,4.32920177597237,2.73932107446405,4.5899758712795,3.50321382841324,2.6534683953044,3.52667269925456,6.41668018780007,3.62783599991631,2.9064059410081,5.19002533493669,2.96117132297167,2.05916567047465,1.17023854030658,2.68317897661773,2.35544445965233,6.96207487361261,2.08401079244586,6.48041218003099,5.92443483027053,3.82100093451705,4.01270173633958,3.9727988556756,2.33411632253439,2.73348377875274,0.725276697848557,0.982158989834923,2.9321750236237,4.62273850721346,2.96483945371886,5.06841390287329,1.43281911102116,3.81100223668353,1.55661842713296,-0.464595692957547,3.68333122187708,1.77146370205654,4.36777365542261,3.36788258583705,4.75168751009772,4.35901860581604,4.99655272773409,0.405915978030432,3.61527507033982,3.31844528822861,4.45293771625099,4.56040713348155,4.55456641072273,4.71002622957424,2.128201588176,3.80788384264882,1.45110395534473,6.35797391763152,0.108864629442641,4.5668242163194,4.10776682998416,1.56423893745413,3.49597110877425,3.85339815662554,5.3282861526677,1.59198819916103,2.21419513354315,1.52293228238161,3.03905350918478,1.66052786589766,2.00291671022602,6.05594354090215,1.77023262684484,2.53404055717177,3.60520998887298,0.8826439400082,3.3275504452326,7.13109553450741,2.03730517925461,1.4082418268269,3.07578449720925,3.96054666170551,4.08330436637729,2.07456878976566,4.42259755624482,4.51944537043707,3.77866500289072,1.46484233995505,0.287305730794075,5.91216575042998,2.89380223664979,5.95971274883095,1.30312942325065,1.43088065075208,2.51521655280387,0.624783873707755,2.2287195473146,2.92835863198614,-0.749385522103038,5.38689317165442,1.35363182003957,-0.6987898737862,3.14613592702878,2.37207672889837,2.95500155826191,3.51583352408404,2.55088732729735,3.01708074137536,2.82094191786257,4.42394814083542,2.82877366342949,5.91979849625424,3.7428639929992,6.56880045199477,1.69587995892702,2.10770604500736,3.93596670050622,8.52117763714574,3.34167003233178,3.71077760581247,1.45346464491763,2.15887470080012,3.86812574894918,-0.0553085461320113,1.65409713583112,1.49235933433673,0.669770138262233,-1.70695473933266,1.01650390530273,-1.06483144516422,1.59950016287083,4.19369747140313,6.71934396551097,4.35803305741458,1.36454409792975,0.575788127978845,0.179659380524985,2.65889551974576,2.29362864157026,-0.309435510711363,3.35239102414188,2.84319142114122,3.46792560934825,1.82292001263578,4.49626764378393,3.64909757205267,6.63320342604974,1.40828310280891,2.69022139511664,6.62029230532824,4.43790027892551,5.61044073832971,5.17465847488713,0.640792060939273,5.91296513638696,1.54498277731311,4.46839092323075,1.0665663787057,1.6207210252238,3.78566152522238,1.28671390970868,1.17565897328966,5.15965661039218,2.27225859750807,1.89617793659449,4.38033195254589,0.418361707794442,1.45361361422139,3.00101442137543,1.06080800823251,5.19167691345243,1.94674301758508,2.58632200088564,1.69277186435254,1.83180315689696,2.47266615483504,3.87489953080202,1.78927249715226,4.87793258614075,2.01016961075324,2.79909738988603,3.34168693524983,2.63545706950529,5.9291525389821,4.00356421212964,-0.213235768793111,1.12557520465559,7.38406198339096,8.97342778259709,5.61378708408791,1.31538379271496,3.77863250063593,4.8760434377837,0.307591699388949,2.76286956757648,1.57224656381394,2.37038671652159,6.22905270126755,3.29251468226283,3.25127752670832,0.848073134658992,1.9765243996921,5.1563158924204,4.80344851544605,4.01608026456143,4.88807381696381,1.36399228163075,2.59537446616749,1.61316277656815,1.03300202956811,2.76143099709803,0.867154445862598,3.61915093058714,5.66972457437663,4.50673505288169,3.19155268676196,1.90247389895086,-1.60557611700573,1.97227644352041,3.48567045241703,0.410237540320733,3.97239875179484,2.7069414367237,3.87189002625819,2.96159987476831,-0.0736646618248078,2.1062924675226,2.49819166248311,3.98582512802451,4.51885800203329,2.94526514808028,1.09813046230245,4.04744958960733,4.62183790296187,1.54319734816036,4.56974150364839,3.28311231320629,3.36268755271015,3.38502965952489,5.05670951700657,3.21410273429811,1.40562278753931,1.53379275920817,1.19746047051274,5.48579909137831,3.88349488035802,4.61001973764054,5.71658809889918,-0.0310815162573448,5.0713889178438,2.2362272778367,0.234134623730458,-0.230082554736595,2.64265975087956,4.70028379200956,2.65285605052258,4.44279453115357,3.74961799882978,3.0060299469367,3.1574854978486,3.02857560823293,2.89209470024331,4.20202431882341,2.86427029255484,4.56421550463961,1.59267472278887,4.13954430410207,4.57465347717049,3.73508032678034,1.32528925783429,3.13903729643047,3.33729612636707,5.93454470044579,2.9839265579928,2.86070805548754,-0.906392280048637,2.6105440829003,3.38856839128568,2.79540436190156,1.82289682560008,2.29800123523511,3.22845502233968,1.68999532900625,5.07191529011078,3.66055267213826,5.71044502945603,2.02695772052981,1.0388696969965,6.57807668561375,1.02147072968266,5.51704578580924,2.59520310862006,2.98408311362993,2.67080504472372,4.24882739081995,2.71450792774426,5.70756881043303,3.3528031190033,4.6883754292756,3.686978678216,3.33674894327997,4.48769705456661,4.10546778889224,3.05005608950139,2.64909924287173,4.17825707242303,1.69971567110454,2.97157387315288,-1.53776959370026,-0.38605487638804,3.8301118283212,2.7497780894196,5.70439189017081,3.47226065517941,1.97934501898838,8.98695045236763,1.28266226158771,3.58454101196081,3.78454949480463,2.68071945670046,0.101580964342954,1.56838590500719,-0.361088594017313,3.13316446503111,5.16472454542772,-0.397788650475726,2.13907510485391,0.463204129358061,1.67301809043445,4.94881421084266,3.78901401384888,5.25420286205014,-0.193824826565175,4.47425332078841,2.47114642294895,5.43325801654675,0.0430626716336109,0.547702341374759,1.24304536195237,5.48491781602401,2.96708862039746,6.08722244561043,-0.556024113087996,4.54841597565085,1.80458533919187,6.61014773780548,1.96992892083604,5.16494572544153,0.57737829283311,-2.48364993259915,-5.02159381677959,0.1002018592026,1.23391890912702,1.23506786644749,1.25518108153591,-4.38395438237358,-1.11637324143267,0.256140219864524,-6.26705277097721,-1.38938677415471,-0.886349209855727,-1.88427047422625,0.623885860096762,1.7961789039714,2.50983113681353,-0.771877244852297,-2.20768603732909,-1.68574643868976,-1.52800187861443,1.92681758112973,1.57664170861201,-1.26072278934869,1.74517477276896,3.45647893148628,-2.02639704921107,-1.07979182618946,-0.147178321195695,-2.56637887954691,-3.03859818439496,-0.577009904411386,-3.29874160929617,-5.23784515862469,0.222519591513592,-0.951224847355872,1.76692297511671,-1.25698771698184,-1.11324488118636,0.664618514969756,-5.33576414370883,-2.35511898226733,-3.38844449253448,-3.63811114524939,-0.551846555266405,0.676171417024428,2.24412970607811,-2.77998116343533,-3.41844321027241,-1.14230902346288,0.106604138886746,-0.416582907748224,0.40348194774459,-1.60173961049815,-6.15117304225224,-4.60222190056989,-1.66524116815651,0.163816422200892,2.29423127351944,-2.17445118947038,-2.90239300431325,0.564709176878578,-2.4066120578752,-2.3700146403425,-2.67548846225158,-0.55314515745524,-3.55968011457307,-0.663864780444459,-2.33508303653424,-0.512567554719324,-0.48286473433974,-1.89266908419632,0.0497909114916131,1.38422941525993,-4.16157745250829,0.700806159599467,-4.27886400832379,-1.73929465436735,-1.41031972632994,-3.80924800957025,1.39517189919092,-2.11347429879041,0.891291302815256,-1.96862976950311,-2.52061922440958,0.438356080318534,0.396817749058329,-5.18926132979398,1.50030976857942,-0.737976703463533,0.211230770455784,0.410618788515963,1.38346340780186,-2.10066722097022,0.198898310678449,1.18812562241356,-2.8977826765537,1.73663134663466,-0.808651154530985,-1.94233186266642,0.28163002263607,-2.49368437639488,-1.82879220897013,-3.24375457447256,-0.595628906375154,-2.39690856482557,-1.72752868457169,-0.0577003858855742,-0.925712098886252,-2.02104497291993,-1.22025520319233,-1.92747223753404,-3.3272278830371,-0.024458836666144,-3.25822610589465,-0.362841036444139,-3.77390351346365,2.79841250736461,-3.34339556551772,0.968519281948448,-0.636649151255316,0.866131660921919,-2.82055878546279,1.99195895384764,-0.210686247820846,-0.051844636177092,-1.36141704424882,-4.85110900022907,-1.88949075935592,0.694414124202152,-3.3970793427695,-2.29324392576371,0.266719697907643,-4.96202910375594,-2.18957268831743,-3.39152843060074,-2.43895545387847,-1.49362667742453,-3.94327398517846,-4.49652694879257,-3.76884930664433,-2.27250698035551,-0.19154899454338,1.42775304914286,1.49410836504828,3.46789728154328,2.06291906788562,1.2880111338257,1.68292457201527,-4.62277409845518,2.25308698520888,1.38451903415605,0.155083336226421,-1.26468208543865,1.7421884865865,0.108871482214553,-2.11964088240072,-3.98947526388978,-1.87530249812101,-1.70589321186399,-0.409232051214223,-0.208008024671559,-1.30991264138201,-0.299831765679887,0.163035213722327,1.96495002273858,-1.0391340108482,1.76624887462911,-1.92456650631417,0.968755859461527,-0.426425933849995,-0.0190505918141308,-0.689836723905297,-1.77892819822051,-1.97707106727377,-1.80963832543008,-2.20563024891738,1.45196430650243,-0.264615345442232,-4.69713120636617,-2.28268935771585,-1.67510188392468,-0.510982803040197,0.875455139276813,1.28860988227124,-1.29172780521432,-3.95963095545783,-3.61399361318751,-0.419945070086019,2.37819971326623,-2.5036160319153,-0.580379985909415,-1.75074641882965,-3.00487930007416,-1.78485236860671,1.2438415240818,-0.668868527079987,2.3335705745505,0.70999776585453,-0.676253346936391,-2.90989944356807,0.117795243126079,0.769965056555063,-5.08384018556583,3.51019465342833,0.34855276178016,-3.2592091400173,-1.13254442617777,0.900328826062752,-2.60691430075915,-1.96841686745367,-1.80061325932609,-0.529324716995223,-3.66569287589994,-0.858370323009231,-2.9055635804411,-2.15787475438805,-0.422741126225308,-3.8880252300387,-1.21368527784149,-4.62108531500482,-1.21095314627915,1.91909399489093,-0.0487511574157845,-1.40604316633568,1.63948808241066,-0.138484687453521,-0.890542849019734,-3.64457547079179,-1.46351735811991,-1.70193142739107,-0.75089384403813,1.46607414634419,0.398327738659869,0.934673407625484,-2.0605238223074,0.97215895725813,-3.60053791180233,-2.65219537334356,-1.13921166592092,-0.526607071404475,-4.69063671104925,-2.53015422387033,-1.42344676960662,-0.484589377000914,1.74945958139548,-7.30816311985964,0.327437179259187,-2.88683162808567,2.94539142126902,0.943248444423803,2.49590422871176,-2.34073376124646,2.08955803305937,-3.58555174105953,-2.64689765442262,1.97459210237707,-0.865045326796077,-2.14107396234737,0.697203107707894,-2.83838786923446,-0.749413574495969,4.55726494017925,-1.44456353822638,-4.0301434843023,-1.07274286132213,-5.00397223417313,2.96994375764637,-1.83224165319999,1.92930078149337,3.05990152072628,-0.194099817408212,-1.67226870349184,0.185215059911894,-2.38762100346596,1.14656464094333,0.455497844098769,-0.615290351006381,-1.01276112519327,-2.42663352716589,0.753448274602012,-2.32474371812464,0.720393212806769,-3.1550536009321,-3.1155310371016,-2.58335524318103,-2.32726559511206,-0.971521003801077,-0.918923921221433,-4.21449718601736,-3.31296996272364,1.47137389448748,-5.69282858270573,-3.53602529202826,-3.0855223858058,-1.51328812556987,1.17583428923805,2.58365304929493,-6.106784435666,-0.672331599262836,-3.8866185198878,-0.489765619353074,-1.95215727338971,-1.20329352344682,2.24577709287807,-0.834831544805741,-0.200248781169792
"45",4.41006407031771,1.32917231856036,3.30335602289356,3.55239911581273,6.7815870055516,3.8541195318411,1.5720044453417,-1.10209430171954,-0.975928944517373,0.963370837992868,3.08474350794932,2.98601324736446,2.37322056488151,6.20253917308546,3.76663085397413,4.16502037681053,5.91304208684332,7.31296870949515,-2.07218351035389,6.01785280098986,0.878537313534426,5.68092518378349,2.69384469898551,2.77788383349788,3.35380166101974,6.09848442561658,4.04751227362114,4.37685668064859,2.64174589590842,3.40347232768046,3.36186278288016,5.16516654436249,1.83494762825895,6.51154483981531,1.48220075617346,2.00204306330843,5.16518393529552,2.56732780165131,0.509152848251793,0.600844183434857,1.18684632518986,6.00410236656462,0.997434922913198,2.11135645039702,2.51593210387566,8.35681855512237,2.49791239443318,2.14304593037699,3.24273310267555,2.47784537626777,0.842634614185216,2.77125184540849,7.48180594704768,3.74262948134388,2.29567076617496,2.14396366374367,0.503834127932091,2.24609082529079,6.59505574591643,0.903691809357078,5.01486308325051,3.24612267196972,4.48367640535922,-0.298184410971089,5.87272129314794,0.993617524119947,5.14061911599669,5.77218549253284,1.3768550803869,-0.593609442426075,3.97458035459001,4.9990117828526,2.71494618128549,5.58824297160231,3.84426976195336,5.78861743314534,5.19414327556148,2.02261163912944,4.58886913502236,4.70432373626882,6.14326868286265,3.64768989810317,0.426832343003805,3.59162313295985,4.93648018935441,3.56126917390445,1.45238134891164,4.48665326993017,2.122996940878,4.22868180903379,4.3660578489908,-2.81255466841405,5.50038639041128,8.85026079737819,3.91843706554996,-0.511885147227999,3.05264283510621,2.39960105637819,0.310750757896383,2.40435020688455,2.30970750072717,3.31877117212841,2.88682457287809,3.64634236919641,5.3363437626314,1.59184341646662,1.7088293779957,-0.181453038994413,6.47698672731049,4.70797997214193,4.3476205426751,3.3219965145473,7.04021716310353,2.18568299606982,5.65851813748391,4.52168605298204,4.20057318429978,1.17411624048102,2.54640998130355,3.62507399195676,2.31271496035675,1.88645053148358,2.22485239080478,5.07663813852598,3.62567303641925,5.86402620241084,3.64929002181816,2.0863987377064,2.48377010461161,3.45587160623005,-0.13978990072731,1.211531500093,4.96796743062995,6.30709141005912,4.6695354052164,3.63282583938027,4.09239146580874,1.02611491098053,1.90644063145371,5.49676605216015,1.67246823714897,3.43054575244546,0.789054875765084,1.17203516535439,-0.340812674582661,4.04464020700038,0.701044234686367,0.525230671943365,0.595925590914248,1.9990736758266,5.81675969310249,1.41731815971054,0.0790161819547395,4.32119064555942,2.68521339384002,2.17388179154471,2.201608657727,3.42674607745646,3.62369650268596,1.62304842766011,0.972960024021035,7.43427411655617,0.265841805385537,4.22441317718409,3.97710497026835,3.52923136820541,2.82337065782065,-1.39956210658244,5.02017211309448,2.00114398054861,1.93262602975876,3.43915522839361,-0.803739868803867,1.79197288153361,3.17771667450457,3.78858762232119,2.7695834911842,8.06661587498489,2.19593118812401,4.43113485854275,4.47514087425852,4.95161212676779,2.63176124164281,0.99834583283843,3.24380775681805,2.50013328150771,1.85982169685832,4.88082077481091,0.28831316489839,5.08457396964404,7.36403602386684,0.203089579018346,7.95142129914347,1.79147881741931,6.68664860207553,1.70323465350915,3.54264032727058,2.57041361538133,0.910671204449896,2.81073551704946,0.0774714169127151,1.56171416065255,3.68704457622558,0.619829910144433,4.53304679642539,2.58110917521554,5.29722096676691,2.75613431420007,2.55389794393462,1.56470876825316,4.27196044726782,2.20048401477801,1.96162921771315,-0.594390123731451,2.21923895045562,3.98819297839895,5.66391543641354,2.04488608702117,3.40858411006735,-1.15647704167105,1.10355928595491,3.15818916064796,4.1946808938237,4.25504966809698,0.927733428004768,3.14637557561839,4.31481664619777,4.11235918121631,3.18455427467877,2.28828299293267,-1.736469402996,2.03574591856261,2.87779167587754,2.80584278453154,4.68682693468758,1.40486158424605,4.36010303620639,2.50562724653677,1.36496907564571,4.3124419679036,5.92686939398503,2.8749357530646,3.64580823040931,0.956226649986212,1.678118571389,3.41081037390874,3.25122862375548,3.87013962511841,1.36939098411254,-0.207922306267802,2.2907146828161,4.51503800621617,1.53419883029722,2.10152021492814,4.04943114798604,1.67392245544201,4.30124090093102,3.87469139894854,3.76399803678282,4.56187629369612,4.27465760111826,1.512266113763,3.9586973059093,2.67464870865291,1.76164785784154,4.94170276745427,0.794100225478179,3.63862066430113,0.313622948173488,1.78339279807012,2.9917889076269,3.72078596992447,1.78242841151114,4.4147930340255,1.66128660906119,2.77547783450853,4.04350733220386,2.27619071142105,2.83923883189846,5.37561967398432,2.24268960861195,3.99940124394498,0.635255114927917,4.95888847895727,5.75517382920154,1.35030975525892,1.88345597094955,4.5741513994882,5.46914188445608,2.58001926541092,4.61097628568119,3.93418365024474,3.64486250211721,6.62258428034746,3.00133928586173,3.01896804281325,5.97074761712493,3.59168947107863,3.89003630839067,4.63867065643556,3.72711199357784,2.98707560598947,1.55048016976836,1.37665378218428,1.5164635795731,3.32091616221555,3.62386235125069,0.923711888202146,3.78726430518238,3.94309356030345,2.97535061171543,2.20984174344139,0.541734708632373,0.579816489666279,0.375738312199291,4.00376786169052,1.01257319171491,3.31155401726566,0.465334898325456,2.32736225270447,5.04313528673363,2.08084373566288,1.23577908803455,2.22934539377147,6.34589175936505,-2.86222329714786,1.94378700864817,2.25181121851615,3.66464272256253,3.87713900784975,-1.24350157722897,1.62083495158374,3.69109022511298,0.328580177890881,2.17798362552275,1.93978782197968,3.5843672437271,5.41029896094097,6.23920529705456,2.79840561619906,4.39134076578947,4.15999046873928,5.54421292154949,0.272550969258312,3.38394967372538,1.56321528834702,-1.36293341361272,2.94403755468195,-0.36189002907097,2.64529085043509,5.02826503862651,2.60326858380928,3.46698736612397,2.77421230859549,-1.74053980495624,3.95072083786892,4.27637881767803,3.36705620861357,1.09951088176726,4.64619528550178,3.57887971145786,1.16259230287698,6.39485097465854,1.1763527941583,7.70783475652412,2.78003204705365,1.27495346778247,2.32904492894773,0.250931972546554,1.19649297107017,0.259669551593746,4.38433964776539,3.21973284925765,3.43783225614538,2.80446391735529,3.06651275483499,1.09707672610818,0.948269038821847,3.31818186319547,6.30949380713756,3.18171055958015,4.94076002757147,1.75363928779254,2.70080678581852,0.503404643974823,-0.37419786454309,1.21483598106275,0.579903979734969,1.1937374417717,0.152248371143497,1.7272881671945,1.44239967668236,5.2208044958022,2.3013513932742,2.16555972342326,3.14536771897629,3.32414124860442,1.42040870469971,2.18184520747083,3.23309631814225,2.90512901924846,3.98238867727439,0.185851693741791,0.181825706492487,1.43055211151131,2.84928792703584,0.576214756079088,6.06773753539893,3.87866721238903,-0.761866290170267,2.90857588522825,0.0876467559115341,-0.804567515730521,5.46353323734493,7.62258548075197,5.95622537280937,2.13500718353454,2.97050575184729,0.22837241086532,2.88289174926323,3.25161105002014,2.06974931906503,4.86630029805301,5.94669153453517,5.84259661648457,1.27501409794223,0.0271006589172424,3.14359461945741,5.13306061486298,-2.08936889599835,-5.32375777925968,1.12244881465889,-3.10664190636958,-1.50063082571274,-4.79765700737033,-3.45048308029,2.17427789061365,-1.20032194853437,-1.56187530482096,0.6402296102221,-3.70424500592819,-2.02150579599547,-0.349215969308262,2.96893218377737,-0.768252291775435,-0.0105189952944328,-1.13376179417592,2.46452825688384,-1.95194639908026,1.7059169044199,0.177762702824133,-1.29499668276606,-4.24580768101425,-3.7194790024677,-1.38307877707938,-3.31697789943092,-0.100991444658867,1.44946522424546,0.788017544266239,-3.22558007244738,-4.62885060048845,0.143934977678901,-0.173506188126464,-0.485629757007398,0.184409883603682,-0.159211160403103,-1.53492408031601,0.402332110474613,-0.743774253613992,-2.20532483389208,1.23751758541615,-1.63455136587061,-3.45786118283137,-3.16157909034084,-4.37251961547628,-0.983066018737188,3.02889982659779,-0.432026361724462,-4.16095776748213,0.208724688674765,-0.0944761997998217,-1.28817555552376,-3.02796220952461,-2.01301346320442,-0.864179492949096,-2.5189690682847,-0.900028080385865,-0.112743502945591,-2.80714890654163,4.04716013423609,-2.67168269199677,-2.70451303925373,-2.95259918636235,-3.19273702133014,-1.94172455730959,1.06553760537836,-1.22475235454785,-3.40077508777817,-1.87335278264048,-0.449426703810058,-2.30689063583275,2.61456541354583,0.363675094508446,-3.20650928291936,-0.129503429849161,-6.55720632090073e-05,0.753107687141562,-3.1533043141712,2.68986737765976,-0.468791862047496,0.267935046510184,0.300881175309083,-2.53759455859845,0.245721091246127,0.541425794065462,-0.825336689035439,0.0262858400006301,-2.35281581225408,0.314148210417404,-2.18945577182968,-3.50095263061729,0.853266176025162,-1.62023868353162,-3.21004855962155,-3.34950184768871,-3.73127537494673,-3.86561607013531,-1.46924322093179,-1.69882167131452,-0.843465873594355,0.966916124857973,-0.191606645628705,-3.79071467513762,-0.881210676357279,1.34459852917526,-0.250252453351073,-3.23159600834183,0.900798285422009,-1.12022803501396,0.891063506475605,2.87903460309082,-0.0119464515152724,-3.27665346727034,0.39652151452608,0.673858439397127,-1.55086980682358,-0.594563367552632,-0.513186606921353,-2.84597645236558,1.38550783788767,-1.53558316554966,-1.00851582033323,-2.78255212803905,2.51335398333697,-0.0496727763367949,-2.3029622153155,-0.460182962399267,0.734750687773051,-1.15816581422862,-2.89797886277282,-3.36381726903836,1.79488899811271,-0.213250764984414,0.264669971646021,-3.18221563030584,-2.78327494330564,3.63766306518682,-0.741394933045082,-3.47164839482225,-1.3995188422876,-2.27755885709938,-3.65563525070021,1.503949107266,1.45326157564734,-3.17839317849566,-2.69354620097815,-4.80091117456003,-2.49173940629723,-0.66814542095885,-1.1212785503019,1.1844982456702,-4.11015568966723,0.633621064465692,-1.36162559548188,-4.67491898253493,0.876394069020999,0.379922921300124,-2.21140219064262,0.338141872055913,2.34804571768569,-2.50702479259215,0.0597909415884412,-2.95009158924118,-1.09503575635893,0.177045679598183,3.27176856535353,-2.77951219182829,1.0325776673528,-2.53963400367344,0.262555441990145,-3.11190430418336,-4.84256503880777,2.18348850179292,-3.56443313822135,-2.05808494184785,-3.66168561207012,-1.00482035946017,2.04133675836371,-2.96290152570495,-2.72045244976403,-3.43632619913043,2.84952110340523,2.35218736063742,-1.33102407770269,1.56606229888027,-1.48136811052588,-1.2739259168642,-3.60093891664306,-2.51370639362737,-1.28136314155184,0.351503466681543,-2.54729319246495,-0.949954367539432,-2.91248193395,0.713170481350486,-0.663286840333876,0.997877228909465,0.017071553940168,-3.03940953516267,-4.44060661606354,-2.61675936013596,-0.970672858382694,-2.7095681638174,-1.43678609589715,0.0467149573158765,-1.70136954603522,0.802298951538954,0.360917001345407,1.53015457418599,0.494918946593757,3.24769178937179,1.78260210375535,0.341511558100022,0.816895376504277,0.556923587406675,0.0114147138731395,-5.23471169454018,-0.722511615993662,2.57823796228888,-1.03679511803758,-4.16758629859911,-1.20333748198924,-1.69872942296449,-2.46881225504818,0.566342021402521,-1.30469290720847,0.537882406936558,-1.16529981693327,-2.2952688681767,0.132459782123873,0.224280180548712,-3.40807299025509,0.788970247127218,3.46703623313993,-2.54952164792329,0.203156327319397,0.275564150415839,2.6620107114287,0.139015502343188,1.29662847162274,-1.26154425641127,-3.76006050687543,-2.07419659795613,1.09354051725325,1.96853960259242,1.39096887540423,0.0749317322801,0.192939870553555,1.07021180722004,-2.23741745563016,-1.84076720668565,-2.23102948238545,0.954163862348306,0.211201455583404,-4.26987858244094,-0.606415303314888,-2.42753667070793,-2.26879475917839,-2.45714955758802,-0.559433504529994,-2.45381159953386,-0.648950910119238,-3.67459790564805,-0.748451137818387,-0.567223060617425,1.80135264625003,-3.34436284627639,-1.91108137628112,-1.85298137895508,2.09742852083574,-3.55370243066261,-0.110117521704146,-0.805234031276474,3.21615997300418,0.261594801926317,-2.59559472548157,-1.53265980202233,-1.60317487499918,-4.90724168787025,0.363462791826,1.75365663264419,-0.296841854800427,1.05180521988703,1.06277520760769,-1.17880216394845,-0.118568179663028,0.513947841085106,2.08439860982604,-1.90111700789652,2.85613261383845
"46",2.47324635737121,2.5624517899386,2.46568236406243,7.8313756044097,1.36035890005431,5.3604391261981,4.28238737172041,4.09864915128838,1.87008274380318,4.35382977949945,6.05049290337023,1.95712791379267,6.62434694598326,4.29780851713255,3.23126675136905,2.97144753404583,3.42588141870213,8.73078393708925,2.46825361639569,2.06302437636459,4.99058907810153,0.403331046558177,2.50948473823237,2.90914255268301,3.82306478814233,5.7832980177105,5.25429208828614,4.21306717136347,4.72517868665741,7.25291118374429,5.61148739159895,2.8079764772182,4.99441769999363,5.90408904531209,6.10009824114938,6.10295798646743,-0.608660498462243,1.90966676777713,3.21409772040496,5.87470019053634,6.32478444681918,2.28727397298665,0.416046490433813,4.48425972507619,2.80341171565339,0.248846605823612,4.82902739725263,3.99050385933471,-0.270385589258756,2.55679405793201,0.0988992093901144,1.03719946145942,3.69399802365127,5.1311665895136,1.00194559761479,7.95625364659207,-0.366548796766877,3.98308037861655,0.755352084493076,5.01688402150027,2.46691544830614,4.23690287268444,2.3584562678146,3.43960377808201,4.80477219888516,0.230088243563811,4.00251463666939,5.30604181381129,6.90025551772809,1.66413427616147,0.163375079467904,2.30380023492237,0.131480869802901,3.27726009953038,2.47995215400923,1.47058730206852,5.2648255918084,7.43071567182766,5.46971243400869,2.19971553808688,3.07757073375374,3.42884345607864,0.37433048606787,4.74376165864923,8.258840082776,3.63356048218957,1.50378778291465,-1.00166883900939,0.00830583453276956,3.80754964442687,3.02705290663754,3.59694998012174,4.61351367252467,-0.152286779038573,3.36867688925827,3.7046241398993,0.856201309823959,3.02753861899104,5.10101133758799,6.46179602486759,4.34773239360226,8.53909595362998,2.8106230974695,6.71590282067916,4.20193761253165,3.1161286345491,0.673368171931644,-2.20864807608011,2.32002395258953,6.63703628143095,6.47991649847464,2.04690230139433,5.14596668745151,4.17676968045662,3.66083530682209,4.54914777639177,2.84640042763466,3.65262689324923,1.97054384236797,5.43301473559896,3.34446354059317,3.60697416702291,4.87362583621083,-0.863494400994476,6.13548172204725,3.28623537519167,5.03613715909977,6.01958349640795,6.58354155520959,2.93079867761689,1.48651133822347,0.804356218329069,6.57623045936325,2.34507143865718,0.870276264024707,2.64720443089385,5.44708400626835,1.2265318242838,5.08058051361342,5.08777957071175,7.57017498180142,1.08207878264327,1.47552807575972,1.91299281283938,1.08678288592788,2.42655069435567,3.07592854233757,0.947065640298098,3.39680723041243,0.443072564053785,3.53862801585298,1.6053652948459,2.0325929377568,-0.332050410049159,2.41479960366492,0.69323020210154,2.40518099498808,5.4867809988358,3.87608461492723,5.43462205334163,1.36548791059894,2.8475333285527,3.18000592543212,2.05006942997624,1.30309586645442,0.0197332799183263,-0.725780386524386,4.96155089271645,1.458721598826,6.48100403002243,0.467895692392322,3.57227443626721,1.77423108805168,3.17585726112985,5.81515559149265,6.33135557007507,1.00148216377552,3.62355598881758,3.3983430351465,6.24689160081421,2.47795068379386,7.39134790788966,5.99071640575335,-0.273352696745571,1.53529883559484,-0.331498365114655,3.66240120269857,1.79790574327797,5.20924893924623,5.86326518372893,1.38395944458435,1.11464036829961,1.05269441085088,1.93917870612932,2.33962751812059,6.13963516221732,1.85914362986811,4.05235026086798,1.73501011823902,2.86057639668006,4.73251034304071,-1.8530569852231,1.46638463220938,1.64592492461745,6.17565769572615,3.32724562325081,4.10425503143192,2.44475788735977,1.39532541992989,2.39553871822183,1.05722390948677,6.18074688698309,1.95025164589315,4.38965133477417,-0.627138207499154,2.06023529602585,6.42474123030152,5.89609353476336,5.04051303784412,2.77827065992094,3.27456644149182,2.96386497239946,4.40010854103269,0.555768410417826,4.29198386290357,2.79964682068183,3.73780362067725,3.37630004304024,2.30324967681268,8.24258122476965,3.29732411428458,1.97816882392094,2.81449680673433,1.72063534361727,0.875940133076184,2.808567983319,3.75006126859409,4.07765429676564,3.03064695194835,2.73137418618269,4.21986919115625,4.17981349917746,3.50378618757761,1.83753045497475,2.59909041614262,3.35798381750153,3.3273238062175,0.0803671149598495,1.4801219539129,2.00899395624583,4.61241249201139,3.75173851093517,4.69840868547006,0.752293194127801,3.18002779679327,6.08034603631981,3.72771854080028,5.04936423667454,2.32953703168465,2.90738535291687,5.01604891321771,2.98317932423227,1.44445818967525,3.23085359781091,3.13764271128767,3.36107228122497,3.4207619108792,2.88621121178561,2.0857445730961,2.50790541128908,1.68628722424121,6.6988046887498,-1.22119496833672,5.60525591841597,1.45117283700077,0.891433645682987,4.62174646433376,2.37368635360755,3.51734670194233,5.10922378531221,-0.195127337618706,5.74000426938941,3.10171404892694,1.94284144490532,6.14566407095142,5.35349730253135,2.73737866604906,3.50479694749196,1.60206988922903,4.89116362215083,6.89483456360449,7.06211682967871,2.35366619459025,3.87574758038998,3.94079511567288,-0.147695263177965,1.05674804968956,2.70370461169312,-0.168259024189895,3.20149500408072,1.60420740102141,0.68743422322521,5.06208512781186,3.89997448184719,6.04048929930388,1.05671488535705,1.73614927137541,5.1378741218558,1.46018470838877,4.01603129147362,2.45698024200405,4.37008571853029,3.87826549392181,-2.01309069705858,3.11854494654688,2.47137837214934,2.39609374257127,1.33351225931647,2.12090447007333,3.58427274956762,1.56839444579905,3.87619590057175,0.760177718225387,4.09026820194776,2.4013487432494,1.39257692444651,2.59598474969394,1.80723187630485,4.38633693072624,0.917042097507978,3.96828730474806,0.474455224727873,3.62392800728704,3.43142644964531,4.12849173469852,0.547748672720509,2.94282129687471,3.40964451201257,1.93137028219235,1.95265116882887,5.36425122394838,3.06447232658032,1.9258172826987,5.51363847940589,5.61856209911028,4.95522017821942,3.26657643583883,3.0187999108597,3.5790206092709,3.86712327950168,2.2249263073528,1.65212813220234,1.76861830606653,5.83585521036887,4.59465442702832,6.9891739906054,2.77032010117686,0.446703840235383,1.53227226922436,3.58129490428143,3.14949082375996,1.93065660878705,1.37656926623591,2.52957763106503,2.76232110085877,5.94919531664268,1.88403630831194,6.68293771242487,-0.661351519638543,5.53170855657087,1.53628379348274,4.71301666713209,1.07812614241049,5.3750378410809,2.56820587326618,7.62509316039581,3.15621204527745,0.690648226748008,4.34580051014706,4.12483394081432,2.5574442776396,5.31079712088066,0.889396963649573,1.20088537148884,2.5002653087362,3.15881149970976,0.697540182591553,5.33296413468103,5.68899741653556,7.49828428234154,2.95991486258608,2.39393021660247,4.53704602558683,2.36954182970118,1.70759704702817,1.27551720511202,1.2168099549359,-0.981605141603052,5.29349826864031,1.06217147997237,0.991822218394854,8.92143930561772,6.27823940081729,-1.71890300929878,-0.392818693336213,0.624340166050082,-0.35998706228565,3.74432267954295,3.35527729349246,2.94044462272399,2.99310404684998,2.69197991822679,1.24536437816554,1.70110593914709,5.00725707807924,1.6041588481108,5.12960984448807,0.43369809104825,3.59603787225191,5.35174528609266,3.13159750166065,4.02089188007544,1.39256262134671,5.11725319473356,6.27561896322469,1.30045640600491,6.40158429881198,2.45880229869047,3.16053866410382,2.77783154925744,4.04646077542997,5.41810338309802,4.49252327513434,3.01609458427532,3.27647745745501,2.32558690820044,0.867207489932366,0.545098674363033,-0.989649569201674,5.0519811458356,2.54316724220322,6.18850662042403,3.29524689251142,3.14320069228055,5.8345020268047,4.817230664395,1.55674565441384,1.78661727487773,4.39875942951816,4.88033470662046,-0.345250751865078,6.3140742096099,2.89443771075694,2.24186446838509,6.2300182607103,2.20981886314883,1.16371319998883,2.63528113161733,8.05477974315081,3.48518159446151,-0.243596249713498,3.46067764758326,1.97388697786589,2.04990123971636,2.81865174806644,1.89339786582872,3.28819398819053,2.68541569351573,-0.765787008790454,2.36973073252754,0.792435588827344,3.20296820283829,3.25826276576392,3.79199515631193,0.17051128510058,2.07377501159037,0.83386971997159,0.410925935180615,3.85342690455829,4.66277047026333,3.42613624318686,3.1704875282089,0.351448620569183,0.101742301168568,1.95919169601079,2.40108768342812,1.42466353602994,5.13530157032224,4.16813294368781,3.97391182921131,4.22125866445211,2.93155097945111,4.58179459965465,2.0182538834599,8.4550146505159,1.79232668786773,3.40077623272335,3.42611094494409,3.8409297447627,3.76441637436673,3.35776784763212,2.05567466687835,2.75643993341965,9.17604151481648,4.50072947471232,0.455485797369213,-0.0698022882296003,3.76121513646265,1.63701238314352,0.884063999137638,2.84756437432711,1.10474771828759,4.4130041358879,-0.911871097546859,1.67345584969148,-2.90595609023351,1.83814357225644,-1.60951086123257,-0.491045776826901,0.962693768488965,-0.959974097069125,-4.18931131537313,-0.305070787364222,-1.23846584328265,2.24489705893378,-0.913568320150883,-3.53882222035744,-3.4650619074071,-0.147144845849584,-3.05354050233219,-2.12959192721645,-0.216113315727666,-1.38607377022785,-2.97220611503278,-3.5788424118104,0.643270336813415,1.27116593493405,1.34359389856992,0.481140096465139,-3.87224781429317,0.655237413769221,0.148448366401636,-1.05813771762707,-2.29174961280676,-4.02266974018032,-3.44307422486716,-3.27164862774256,-1.54484182250191,-1.66171650407368,1.01536594634954,-3.05721493646686,0.181355610817973,1.74650510854552,1.74130364970779,-0.897326937436756,-2.24434553250262,-0.789450777846503,1.17846328498293,-0.135475036929092,-0.610901800191918,-1.9896945818062,-2.41193714590505,3.5359944518327,-1.41472346490719,-3.5276581036386,0.796519128709492,-1.12048335799893,-3.20722786225806,-0.106589575569308,-0.492372685284716,-1.28380353954953,1.05517416202241,-3.21042718315974,-2.78982013109305,0.851415831473403,-1.16179017636053,-3.13127042900971,-2.46066970478155,1.90708057784319,0.189900342955962,3.71892877826635,0.701835130123466,-1.61639711402768,0.570511700247278,-4.21991747700196,-0.0467213266301304,-0.113207376631932,0.334284420769808,-1.29511997108809,-0.779523679228983,-3.45757881472457,2.02550488415253,-4.30577495768103,0.662874503066452,3.05433618344971,0.650905232447095,-2.94137527946619,-0.743824125964981,1.75595204195188,-1.70787997912478,1.64994939509308,-4.61592410068087,-0.318361053179797,-0.17716774988461,-1.70151286212234,-2.72618594293957,-1.66375153976196,1.07219972122719,-0.682050645727597,-0.430492166941085,-0.750092629302045,0.250796209455693,-4.60389838999431,-0.0290592144785364,3.56564929935225,-1.76242960848484,-0.673081915073686,-0.0447961772263913,-0.691737091956823,-1.73087840429477,0.468066357466223,-2.10466285199723,1.50316625336661,-2.44194531327235,2.49445056587413,0.0146859160430464,2.20990683915426,1.37657125745572,0.109362010117968,-2.82070625845912,-3.89576124004097,0.523773767737164,0.248486590579635,0.287854985840526,-2.15656405350593,0.178951386442517,1.04599228592952,-2.6721798174242,-0.0722914334977696,0.425132985081986,-1.03577726889367,-3.99087923954046,-4.18533683730656,-4.40003170440897,0.928153757705466,-4.85926807061691,-3.8257319456383,-1.34773809431644,-3.00495240393175,-4.29021676873715,2.1788022359344,-1.14961352773673,0.0451524344409973,2.12756200555278,0.636720332019717,-0.477839469922958,1.41272159698282,-1.23441830272117,-0.612054634570459,0.83216410760455,-1.42843879490264,-3.7072958652247,0.148594242637616,-0.285057689487432,-1.67365575969636,-0.582691878544327,0.740925139256927,-0.571644214788172,-1.32788813554479,-0.63193057479378,-1.29795824780387,-2.87202263737317,-4.70368092012396,-1.39236745169376,-1.59426491776645,1.58874626330974,-0.885980905252096,0.22614469261212,1.60024186128766,-1.04014926010727,-3.14816322409441,0.817039941830623,0.594278417865314,0.803854389409819,-3.03315832697812,-1.23079877100721,-2.1908586634979,-0.941626092918394,-2.23175082139352,-3.50727294473805,-0.304939814886614,-3.40780152844872,1.66948790018861,-1.15399843998959,-0.386569612843988,-1.89751482275214,-2.21078555891978,-5.95615107401882,-1.6442350054692,-2.29175466104756,-0.69229401541472,-4.23077979580429,-2.54202070187499,1.0055454313625,-1.82337189702174,-1.25101933887103,-2.74464137394824,-2.25495619752183,-0.188576445355301,-3.83546273791941,-1.4285916731682,-3.97760471450096,-1.28475360269297,0.0222774086693254,-2.08083991585328,-1.41897369319759,0.605944592388189,-0.657817630215993,1.26299105240191,-4.14872261243895
"47",2.74778034269521,4.89122354230247,2.72977277799085,1.48319168076401,-3.42478187200942,3.68477141995024,1.30149254891411,3.27869426478073,6.84155529909923,4.93104236186537,2.3619157761479,3.97500004828159,3.26431458065685,4.36540602466378,5.65343378907396,-0.290824848501194,1.67582927850446,3.36522597249016,2.11392392290772,4.11749059386323,0.329620385501922,2.20281889973779,-0.196059063449741,5.21943234915376,3.22007033413667,2.85626482023997,5.47574633513835,2.77640727854428,-0.553735874374177,5.18179313916798,4.00054666756913,2.94888367822514,3.95414435660202,0.139466326049018,3.62697836317221,2.45305919054223,-0.454930221733713,-1.94816976154858,5.26925392390874,3.54976583726959,6.00833055013613,5.103609364812,3.61459482353494,1.73074664324089,5.3487821370827,3.46707484763308,2.22927509200645,1.88238005458084,3.35899701087272,3.47386572467895,2.74145009377812,2.84298384272487,4.33146590497717,6.64699939005839,3.86925143333411,2.20767634203482,1.69997081389257,0.74956029871635,2.86515360237087,2.5099690913619,2.16071453866484,2.18140470368904,3.41000128009681,4.55229171734431,2.60645354396319,0.584702760988583,3.85049331972094,5.50537030473709,2.76268968021512,6.07399517163609,2.02656342980043,3.15505301987199,3.55887669834995,0.759533399221361,2.8560432587586,2.2906561369227,0.767825160845857,3.33755846924647,4.38071992268857,1.39507623761457,3.55162511138787,2.70463602741561,2.31331678320045,3.72132613671121,1.51630567046635,3.53387804371368,3.95878612317851,4.49445547950084,2.30207079399995,6.21136646349724,1.60283495375559,4.17163381912985,2.31440774783137,6.63047694210878,1.33788341999049,3.62011818479761,1.60107150750178,5.58355929930495,4.34885662023755,1.539616248693,3.10759005257558,3.04175432488807,0.572763686781271,0.989744948431488,2.08368144314543,3.91475718640359,2.49045155060901,2.65564938359373,3.83118180388013,2.62901940735123,5.62161207538617,5.16470883548237,4.5220154848005,3.59631576260934,4.34738609334259,4.52498421708767,1.92138654242715,8.1839840088578,0.702108953138129,2.07420598579506,2.94652472881756,1.80843928777509,-0.623121902319756,5.28391166754292,3.25848728725615,2.41049825143,1.8431233185434,-1.62839556193069,3.6912724520842,3.40764537104859,3.22788576821261,1.52576105889411,2.61879639757637,6.99739534672943,3.26999357183732,-0.240308695873965,5.19043471286652,4.09183108776076,0.754022504817292,3.62128216296953,2.77364209472509,0.964211851725668,1.90817729465418,3.49430879305768,6.79998250574332,4.56777897480531,0.00493559403378008,6.54686508841968,6.82587385237744,1.35089924691077,0.287761032385987,1.77049451404668,1.88598329876863,2.32350389251877,1.41135772149661,3.98024533688298,8.87635553553745,2.44388682299749,4.09281115692622,2.80523391545366,1.913534716492,6.36450142337739,0.525729379991895,7.20303540145962,6.18517389692422,2.07642821345534,4.00469309720796,1.79021332892157,4.89161237527325,6.18285376049034,2.70599319857858,-2.06102055864923,-0.317008552610566,3.81265426205576,3.08655626737188,1.46056033993138,3.3276230517751,4.05433606903694,4.08599437854728,-2.7948672285532,-1.00524445610039,2.20770344283362,-1.03868433051203,-1.05602322561974,-0.328021364659064,-3.51957195512012,-1.20093478827766,-4.8297010039947,-1.88461128080624,1.0129962401569,-0.902965230444776,-4.63966059024973,-0.0388681936985367,-0.922879871261789,-0.34557821578761,-3.07742609930036,-0.963662841465682,-0.511322989793453,-2.79848959534871,0.0509514341733945,-1.22092031334008,-1.18512252594513,1.19291059864549,-0.360681736172099,-2.09734565988612,1.09572425328569,0.68770043208713,-0.731814929348604,-1.30578333765824,1.53865369126425,0.099439228347284,-0.455983141500266,0.124196224882765,-0.941363984127555,-1.59096618634631,-1.76603038384594,-3.62040588406694,-0.258753053215145,-2.28012467901021,-2.83873802553819,-3.86064158148046,-0.98826153096465,-3.3717879574893,-1.63180518078764,1.19002105535188,-2.25062638565669,-1.57705873950206,-1.46768838118366,-3.08370979447561,-4.08673124846584,-3.67277038884801,-0.00369311932378324,0.223780112142218,-1.19626105710495,-0.426768111375303,0.103315040163788,0.748118181978168,-4.65761618248689,1.43895942257219,-0.744904812295897,-0.149406287901301,-4.71392485341445,-2.12152871602954,-0.210527796098715,-2.6984680022236,-1.3930420891918,1.18950430687368,0.762222359023384,-2.29093289374669,-2.86663781868592,-0.126585487876908,0.062813148891194,0.255227365899703,-1.58507780038942,-1.44274202453294,-2.39367468256029,-1.27097900623527,-2.19741962373512,-0.414461323059412,-3.60029611884171,-0.0896727213485887,0.0901042029562724,-1.6674377028524,0.839340830100323,-3.38839239005318,-1.74730047590794,1.48662732120007,-2.11298675866268,-0.243587172939311,-2.2187923498244,2.19836508628216,-0.489067192944021,-0.175492341536659,0.0397317302402773,0.204154335232849,-3.282628219225,-3.25826971063936,-3.14482709412044,0.846023355766209,1.97496910300702,-0.643211938578889,0.228950541756675,-4.70564772096198,-1.11339856249435,-3.53659975800132,-2.74022607821148,-2.31580122472952,-1.04343996953224,-1.01691213050484,0.209595330015753,-0.80120863190834,-0.69412404564711,-2.26804801379388,-2.51802029575867,-1.39637035872211,-0.285238635491279,2.15228534526162,0.198825626050353,0.589794246657118,0.0471670210439155,-2.12350312464825,-0.314011240874273,-1.13620628798332,-0.682760938289297,-1.51772156789526,0.649900592724196,-0.519970881539475,-3.23288203985753,-3.02034058439974,-0.337701738720657,-0.45387737842599,-1.41554644566357,-1.66921605273558,-1.9238379308716,-2.5544822371605,-0.144532577924764,-2.55416483311238,1.5357616047735,-3.23998322826153,-2.79853967962496,2.21494027219018,-5.1029092148532,-0.125517576637794,-3.15019147988072,-0.220013419681394,-0.599937839008001,-1.97595079109182,-4.33495914828815,-1.96785094802382,-1.64182785520416,-3.42188907127938,-2.70258053126637,-3.9434952749771,0.297084969217364,2.48112215921621,-3.19255951053939,1.86439419038267,-0.594220412202879,-1.47723494942969,-1.98668292132757,0.0833409612525771,-0.0810412176200558,-2.85488657878742,-0.28096997554119,-0.144564427890874,-3.21839422237368,-2.14236172637543,0.843200085623522,1.48726776434401,-2.11947216521578,-2.7641320520109,0.725500572482748,2.80745194133029,0.412227487030198,-4.26947073527671,2.00603114905135,2.12113681438145,-1.76449029148742,0.389139816078421,2.41308930482835,-2.67413951101706,-0.411286817906356,1.24609157264327,-3.02166844024453,-1.68733564957582,-1.33944407773042,2.81213802704652,-1.60340990277174,3.73283930172808,0.267202463396279,-2.08173378555908,-0.192675746607249,-3.00666261497934,-1.57448042814173,1.42267228203283,-3.15659510417052,-0.677184208513787,-1.91242140918155,-0.73466383171413,-3.58987858459628,-1.33052747739959,0.399174616874477,-0.519085531705713,-1.36264830281574,-0.16671454702516,-1.20210966034181,-1.88463375162706,-0.0788041010666953,1.1015878341906,-1.51306104683788,-0.745917383285746,-0.528684079730839,-3.90898521438478,-4.8378761949482,0.865797080946719,-5.46116043957813,0.026744998124866,-0.256107011842347,-3.10529193421338,0.124057742174358,-0.879110703196612,-2.41020210038038,-0.776518836730426,0.78017858650518,2.50506819351078,-2.2538476518271,-1.19447275951638,0.973961709375943,-1.98895781341543,-3.38451404074994,-1.74290498275611,0.314081890046695,-1.6779905953419,2.8282692817979,-2.08407897181143,2.35974201765523,0.984859310035733,-3.32227451875738,-1.86396791941803,0.539231579018784,-1.22933708274303,2.11516058139716,0.168074018339121,-3.02906396290801,-2.29992845625593,-3.96250723963528,0.860857006972433,-2.50985562240036,2.14098196608028,-1.19766150441617,1.49574583086432,1.22437912878227,-4.22900443839128,-1.21838230743562,-1.7599497238069,-1.48231234100583,0.576888264800534,-2.71926364669041,-0.0719953519352393,0.29095268085139,0.913331758732502,2.61614131341584,2.34551261665308,0.890271896075332,0.715033072308037,-0.131278866122658,-3.88966521296492,-4.44391599235907,-3.19496968926615,-0.208614484683994,3.52532851527872,-2.48824928962026,1.37733780156955,-2.48698269421246,-1.01446354581035,1.67577014031067,-4.32878512715012,-0.756076951738571,3.68596676507696,-0.510237402342097,0.599776603004475,2.21861176723991,-0.131363890513239,-3.65387294535452,-2.54468778999874,-2.78262112534045,-0.400681792596912,-2.68798810049798,-0.312044076554596,-0.825247010948158,0.673333536365,-0.977232798841649,-0.00814612234957235,2.22772983674962,0.5024268858333,4.05041449814844,2.25138061012291,-3.8767158375288,-1.03989342111092,-3.42015700845879,-0.913835500662339,-1.78380910869431,-2.75171440597143,-2.58693182000103,0.201163848710307,-3.16405525397669,0.257881574106145,-1.9951227801884,-0.639519725543021,-2.73219856227384,0.483951709202335,0.233313079877546,-2.44237646899987,1.55329835394696,-2.21408308660657,-0.506941773999185,1.04650282781967,-1.71192567592623,-0.310486585416977,-4.27479507674324,-2.70224950312727,1.5372600267838,-1.5368189906927,-3.448837571282,-0.0129075412301524,0.222686441818952,-0.414913917346485,-1.30890504904226,-1.30484832131217,0.0797702379350649,-0.992788614185503,-1.41052921915912,-0.520412787029333,-1.81215132972684,1.36258990885992,-1.57713297149269,-1.49526288707819,2.4541894733516,0.472366796992823,-2.94212699006628,-2.0031244044486,-3.22438514668051,-3.32844303734651,1.39306007626201,-4.04629075757448,-4.78538664432732,1.18143610144453,-2.12317405700001,1.53281479531162,1.18539253742893,-2.3535445036042,-3.0234386041117,-4.43928777394412,-0.407752210627495,-0.644460376874676,-5.15916144770086,-1.97344866284953,-4.62324193720759,-2.73174522313583,-0.703102872421172,-3.12315553985676,-0.764046335673761,-3.48757722546212,-3.1326734087036,-2.38000748397526,-3.50900472729869,0.460503601559046,-2.81583301159863,-0.0929704758443586,-5.52354460104324,-2.48197347556813,-3.71933711019992,-1.31671333511297,0.372986272613968,-2.1933851164084,-2.75770428646867,0.951967050738389,2.50746426195516,0.551487969340913,-3.26931909732668,-0.549362815771565,1.56225248941161,0.0318847536501794,-3.30370809424638,-4.33517778561695,1.94663306258084,1.19243434944009,-2.46804674843476,2.99338765120078,0.666238492262537,-0.284898741891724,-1.8683055687845,1.07824414558937,-0.647594973524838,-0.361485922050569,-3.10108173826231,-1.83217958510513,-0.943663392300311,2.11786635665107,0.461943620451257,-0.926889096189209,-1.31750441805946,-0.745355653098867,-0.777732862951884,-0.945291314262474,-2.27141026485548,-0.331551236913744,0.549252674179677,-0.353903157572017,-0.55850887348026,-0.404803488499607,-1.66513390962241,1.58091448428379,1.06509350600214,-4.37574090439937,-0.20909887724922,0.224264258771298,-1.84994566908127,-2.84873179318658,2.22618593993669,-1.76632068440326,1.82255746747714,-2.99826659394497,-2.19695625434414,0.487403141453705,0.801954386185661,1.14122959712331,-1.67580086377282,-2.34792918215918,-1.39009413504019,-0.756751137465366,1.68735709680954,-2.16848242740151,-5.89046535227845,1.57647299795405,-3.66656514986506,-1.29237176964741,-0.137467065406953,-2.01501602877259,-4.75518384610509,-1.06230854460789,-0.986257860911615,-0.777474675426101,-3.03915560451449,0.0091153416260894,-0.00745517104710236,1.4329561602463,-3.63094421286268,-0.271839361517721,-2.53322128827394,0.63829039125242,-2.51298121283137,-3.60818851807078,0.781207054190465,-1.48691331815575,-3.21959308804255,-2.46241007418774,-1.88680608495672,2.37379936576471,2.7600351473522,-0.00943059166238436,-1.7970155886648,-1.08446528741781,-1.38996524618109,-2.00181696800908,1.56485494784517,2.17488773286168,2.60568506725586,0.113664294047562,-1.87620971929396,-1.32790366913111,-2.57561371789118,-0.0709087894828461,4.45134744679269,-0.14047830560011,-3.45583446986246,-0.686460483364626,-2.57418897334751,2.39999693281414,-2.00256211483161,-3.41305280542754,-1.80893096825598,0.66885515555935,-3.39454327821153,0.968429290824307,-2.82218279767716,0.756130138519879,-1.5531507956628,-2.55362751729936,0.000560990105414882,-8.03856876318624,-3.01422779689128,-0.149300560917946,-0.780568662823287,-0.945315948980916,-1.7760346710384,0.935991879983673,-2.44230117371842,-2.61544334592404,-1.65006691633905,0.655931386483792,-0.343966102368418,0.388214603819928,-3.00724180212131,-3.54266536513631,-0.81778711358909,-1.76424554624294,0.85981821573548,-0.00367535570946298,-4.93460921774686,-2.03087614768069,-4.52434724479353,-3.25505786366864,-1.02685323829101,-2.10662981777599,0.295147726393705,-1.08091775740474,-0.165355805108545,-1.98082012512805,5.76593068364724,-1.85294292108007,0.151673341859371,-2.77603348189438,1.20185664663395,2.20360796393798,-0.816987298676427,-3.48465642816707,-4.98215411869858,-0.354061997582393,-0.176515125601538,0.0160610274627286,-3.40416396722304,2.43670484295574,-1.23562538155964,2.16450076360308,-2.09642355846826,-2.47283439450054,6.60607393569359,-0.928137655526096,-5.16479669667224
"48",-1.50584962253836,-2.47718931622405,3.1571556989233,1.46093547683995,1.29179960200722,-1.89782685002626,-5.18765334716317,-0.946974266559102,-1.29779600965156,-0.306859710656476,0.885795606431179,-1.04910872881301,-2.34740608974966,0.0558686728494431,0.552584958406258,-1.47086139356585,-2.42799227234817,-2.54637599996075,-3.17723727738252,-2.47806645316917,-0.153187006842369,-1.73755144236152,1.73052538586934,0.722856566329718,-1.73732665288604,-0.57343859811164,-2.46979294333643,-3.20378962062415,-1.30902507980287,1.49816362937178,-5.11089254415049,-2.51156226322978,-3.3968554345859,-2.92301702249958,-0.571885227137139,-1.02285369726717,0.428922602105918,-2.36071284228994,-3.33160519227569,0.680731730585664,-0.0260928836208747,1.54030752382504,-2.61536978751905,-0.8462180758154,0.152117930185641,-4.88880298005655,-1.45202308392622,-2.21103770469204,0.370300359735834,-1.72479925336448,-1.54435704159998,-0.514003761132168,2.40786040414802,-0.117055018917848,-1.05170823727529,0.295528073605564,-1.78846178023421,0.435723819369345,-2.75202853148921,-0.536993829549264,-1.02681378367053,2.31215434392786,-4.91593957627799,-3.52474018722836,-0.358988746485701,-2.28647559797743,0.289545693512556,-0.150418593030676,-3.26970057546728,-1.06568542644396,-4.40600620942237,-0.8751227641564,-4.30176471104514,-0.613927045476705,-4.34936687486619,-0.969672264039868,-0.719638008456318,-4.25168365740405,-1.31679545820619,-4.51403417587314,-0.504626358201393,-2.36744547068071,0.990766038116933,5.77246650038861,-1.11149074074894,-4.26901783465025,-3.340288857634,-5.51901661050371,-2.73483915311114,-1.56632714139718,0.996467042157642,3.02403165952093,-1.60960690085797,1.88840943532233,-2.32410460946799,-0.853711132279925,3.30484534041814,-0.469937473058363,-1.37880967967261,0.129721147080454,-1.14977733802046,2.75453612661461,-3.90805306737742,1.87962651143715,0.455320054206653,-2.86319944891196,2.99205775006701,-2.27443082202759,-2.11161792939308,-3.11136125350049,-2.6983198497838,-1.99484131341331,-2.48350695620293,-4.41782070493433,0.290360514154938,-3.99837357096167,0.903975536399059,2.39333608094317,-0.617942087001315,-3.91074026597595,-0.659058120008678,0.527266884192261,-5.72354100365761,-1.6188128476016,-2.75917922657445,-3.02269752183866,-1.143937820554,-0.70847982815726,-0.422105849407382,-0.344196664794466,1.84793696565852,-0.0777099645519084,1.37648873039691,-1.29267341955123,-0.119536974467699,-2.14478303338747,-1.06534444623472,0.696802818935272,1.89498027777353,-0.676676317987811,-0.220257490974105,2.10481065164698,-0.2272434963323,-3.08688454420731,-1.4475477528141,-0.713598935769209,-4.29058088425117,1.09057332732033,-1.05422661550061,-0.911178808058973,0.0857483127687015,-2.43483549696896,0.950068096397378,3.01760990223528,3.36484750750411,2.25293364193249,1.09803544885805,1.97945525707039,5.1639017682487,2.10777032452304,-1.82430563730108,-2.76926780842087,-0.163549634994559,-1.43889836840044,-1.8462992541442,0.107622244027239,-1.17683645448162,-0.0786396100798685,-1.48885276505249,-2.74220423178402,-2.0980743551492,-1.61026208385907,-0.4953532369177,-1.99446661994798,-2.13394386113217,-2.51867407571505,0.576690235271144,2.10249620930706,-2.83008978019561,-0.014820010244602,0.264368010984776,-2.07614844846255,2.34024990574235,-3.20399289771889,1.26154961670558,3.02963012745623,-1.28186288767187,-0.938117406300781,-2.29516595528671,-1.89221734832116,0.0181105666775752,2.22691273334077,-4.21753172892322,-1.22270691768153,-4.8113642155358,0.73079018800068,-0.369790063031735,-1.46985460227702,0.23014853055805,-0.910129880566928,-2.92514644858335,-0.962006621082023,-5.15808573951329,0.193176649002634,1.42973227095654,0.143000783529515,-0.54157754895645,-0.0791375064748673,0.446243249266897,0.115355756706136,-0.670216819130226,-1.39369394829638,0.269085666121238,-0.0563368399989224,-1.54119460649599,0.697676535129551,-1.45324254085011,-3.49611646066788,-1.61026286053048,0.104183010514104,-0.499738109525673,1.7439628842035,-0.16996950507449,-3.36462344948888,-1.75365310749425,0.314693243999772,-0.885828930849409,-1.91441654804755,-0.4363918397415,-1.99405800955734,1.26040631701694,3.3177589166381,-1.98433170965403,-5.25059296818387,-3.89463941064052,-1.1541737346709,-0.416629163568573,-3.29904606965119,2.86054341138942,-0.817733848174187,-1.92758549113352,1.6495602793231,-0.0967767995092426,0.200993260336193,-1.32329262292363,-0.0916205689101054,-3.76861884275598,0.451021292817862,1.76815150394168,-4.96325549219883,-3.60353403586686,-0.280060243884016,-2.81453956583244,0.212595542680519,-0.124366600721953,-0.233953791937082,-1.54417537381187,-0.0416069280902738,2.2703325404681,-0.229981171736259,0.551840115401023,-2.26601698462326,-2.91601885640733,-1.12496579760738,-4.00903572108403,-0.964429397442315,1.79935173009757,0.551328099578049,0.182411930325872,-5.50176869129353,-0.442944476570844,-0.270181318727628,-0.58398418902029,-0.226756996452425,-4.46555322538186,-1.23337164949949,0.297823331873834,1.88737260410106,-0.286872991719588,-2.28249841798017,0.918512948664127,-3.85184758894565,1.17042313346181,-0.219492603359698,-0.424680125958796,-1.38425750585151,1.48460818690532,-5.52996372872013,1.76502037723519,0.347387386943519,-2.6790150159496,-2.72892343400497,-0.925878710150643,-1.51908368401733,1.50945237359035,-2.93961057969171,2.43711830746374,2.22299405564267,-2.41922728972894,-0.30010197724647,-3.42187449688,1.01636994614571,0.689296736868425,-2.54818527664054,-4.8097153079856,-2.89098137285204,-1.86384249007417,-0.688946605786955,-1.31172646528158,-0.406980303112669,-0.348529185679311,-4.60155144279828,-0.188543120697759,2.19380575132027,0.100142498041355,-3.82814921329071,-2.82631252091995,2.16523899072843,-0.69259980809529,-1.33787802861054,1.8583072147923,-1.32074585121237,0.863831530386494,-4.21231704353034,2.26473116191526,-0.77649459558988,-4.66357213864234,2.0653576863052,-2.84402737120216,-0.296997947758901,-2.50935536529545,-3.84846537950478,1.49877983689727,-4.12932535110813,2.11705173316512,-2.55381059825872,-4.48079983679001,-1.17445144297943,-0.638170841951053,4.17752198898163,-0.0060904838130057,-2.28809524116031,-2.08121044689236,-1.78733488483788,-4.55735265663971,0.322844585080975,-3.30619912834043,-5.12619062947008,-1.14504041966549,2.68296893076963,0.146124018969536,-2.86559553506033,1.94185589909561,-4.83455153743034,0.36998342509433,4.12649614771743,-2.14526964666218,-2.52257502932415,-0.877751464374157,-0.417839988720016,-1.1155651231206,-1.05932425913341,-5.34426731484511,1.04580108537937,0.389041918577173,-0.832618918351347,1.57322739821733,-0.101275348087344,-0.217042775264688,-0.0687756541104441,-2.91268956277548,-0.116925957149521,-2.25972210150826,-0.933018263937068,-2.76915998779691,-0.881071670127626,-2.46800725700128,-1.12670595922901,0.105105886316428,-1.45421005380777,-0.721304611381371,-0.0673309449700956,0.0645966978047861,0.565173618046567,3.32271939363544,-2.25323821361248,0.0845712091681432,-3.50794942294884,-1.94068892666291,-2.45174069128515,0.367476000873295,-3.44806922676721,0.645322593902859,1.37096792471226,-2.82945278580416,-1.57575907928758,0.239243551699833,-2.54619584782806,-0.272968233722367,-2.66760758116745,-1.04344079173756,-0.555569276833628,-4.10700107684389,-0.791879314868739,1.16453470464707,0.896489284072663,1.11989283357065,-1.17144759728257,3.11671956866428,-3.15836468443785,-0.717402966569224,-1.27194119944448,-4.63107499778675,1.44633339836739,-3.27028883414068,-0.98143967949208,1.80342395051205,0.667969919926864,-0.999797784322372,-1.94927415062387,-0.192029911490548,-0.00970243180988528,1.11541874966294,-2.53360123451839,-0.127540645155302,1.89456926734012,-3.43660049803932,-0.804634302780469,-0.230331353955111,-1.76883685066883,-6.36442170471993,1.5391489236798,3.18541281114262,-2.18642730405338,-4.63489777414934,-4.20483599782846,0.640067249944242,-5.74371225215715,0.959602344718217,0.560256763866424,0.965252961922173,0.208327377465706,-0.768283181615638,2.00127142818004,-2.81008277039436,-2.20590371059072,-2.91987758661943,0.640026623055925,-3.31864317946572,0.20015942147228,-1.79238872790009,-0.0263944505416563,-1.69855644504172,-2.95950946668142,-2.4695536629547,1.95886078618007,-0.366905042969465,1.6752480432527,-1.17597710590064,-1.07994030507945,-0.00923261143065213,3.36232366143457,-2.0859587873999,0.343749015078531,-0.88915123124237,0.198931643750699,-0.750724215061638,-0.526994341604085,-1.81565569413837,-2.67269307984048,-2.7985051387446,-3.32013109548885,-4.52241287685782,-0.436505029722247,4.17442792909679,-1.87562203378815,-0.303670863405276,-0.505999175659303,1.40747414239561,-2.8039851209301,-1.29003027268981,-2.50300337093168,-1.70207046715735,-2.64150083332296,2.30523454498649,0.957404103555255,-1.59880991026496,-1.90450520372726,-3.70434152700991,-2.21816007373855,-1.67994489526075,0.657275504019862,0.938717912988446,-0.440134122636127,-0.0892155455285378,-1.87243994991219,0.527059012072961,-0.56264915779563,-3.55127286349074,3.50770189373099,1.27717855991163,-5.48827474717913,-1.46720182465164,-1.32114277220432,2.31911648625545,1.5296671386621,-0.700512333693645,-1.55411285362504,-4.12023349552372,-0.717162084285524,-4.34667862789237,-1.01604879290821,-0.239910215641479,-3.19127923304649,-0.447126512733107,-0.633522536940192,-2.57646071562399,-1.00601083811157,-2.05196134775945,-0.614422140554387,-1.40470223700729,-1.53661692819273,-2.47792925706042,3.66218898022181,0.900126287997056,3.32027653994559,0.623935250705266,-2.37652492827456,1.00475052759635,-4.11426622309901,0.470482945355938,-1.87768690388058,3.90869038102543,0.17136138455655,-3.65657994666127,-1.90444042118206,0.0167798937405195,1.0728251811032,0.434749279679935,0.0515318843105017,-2.41765243269642,2.21862163900094,-3.30863439116803,-0.0681992873309815,-1.81800708192645,0.28321754282655,1.86847460726379,-4.04416984583211,1.71050915684223,0.23595064991502,0.337194584658569,0.374860676752747,-1.73050889537302,-1.34604237817286,3.02703143823956,-3.40071034679944,-3.40070895095743,-3.27094050746241,0.716799565041059,-2.16157883528102,-2.53505595586034,0.297959761471535,-0.963349985029455,-1.33582544229726,-3.02486173372394,2.6339981636653,-0.236693622168596,-1.51733371652846,-1.8362893237496,0.524455906664607,1.6367813445068,-4.38696387444797,1.22074005820748,-1.07689742529119,-0.79266450529116,-4.35355260788257,1.68793754891194,-1.47108295130417,-2.63983352438247,-3.09061083241848,-0.0127614383835992,-1.34142330563969,-1.2334830732033,-4.06653736616792,-4.22793584254497,-1.55770074689475,-1.48712513479367,0.443595323701951,0.932471353272897,2.21333869021962,-3.72666408029597,2.19661443107643,-2.36492316232727,-0.613843221860607,-4.4558402023934,1.63315578630988,-2.34300709963322,1.80298900008565,-1.06053595748871,-0.622790479434425,-0.684211295658867,-1.08968111628829,-3.53771881813177,-2.41448199868951,0.0750423305589454,3.93000250389824,-0.615627463238356,-0.595115248246288,-4.85099997109271,-0.124412441392412,0.437750506298584,4.76628202847133,-3.27102067846965,0.194644101138862,-3.29429073303761,0.0775204406406402,-3.54270121136985,-0.0159019124356083,-0.384703488069653,1.73749840453292,-2.872066159297,-1.57520551086029,-0.426597540224447,0.0632345050744008,0.929116587779369,-0.212896617520674,0.66858029838167,-4.1729173923649,-2.12695211555457,1.47453788555564,0.124778555922526,1.86149081873122,0.814919023050408,1.71207722928751,1.53859104158246,-2.15960611859342,1.25468269739637,0.312950753419899,2.38924951609333,0.209887257931631,-3.18648257320217,1.06568820505877,0.0253213779719341,-4.39260436723145,-1.64385318703919,0.628141539188976,-2.90591831233738,0.620229386988662,0.499248085240507,-0.285348730209848,2.61665344521282,-3.31595936430545,-3.49432220814223,0.664687862978811,-2.59436207299991,-2.54278980739946,1.73032660899488,-0.914180586767365,-0.490717059207085,-4.79293687761409,-3.11370389961224,0.11586545543855,0.269189201768785,0.603551468018109,-2.28355135107244,-1.34519073684413,0.467501731578649,-0.818184988801509,-0.711672354159705,-1.09109717041769,0.128589828371239,-1.64679694947098,-2.40042060758598,-0.3938611756769,0.628412403624082,-2.03687550025621,-1.46009705633902,-0.431588444741234,-4.10696425197569,-1.67527943960832,0.813403600642576,-0.290293300092491,1.879954760118,-2.03966026433798,-1.14695268922644,0.474987607928539,-2.22401088859027,-3.6520268597068,-2.31256123079054,-3.95786447860288,-2.48798467639845,-1.77521828843825,-4.08137383371449,2.14249497488189,-0.0479956002206111,-1.15587360640236,0.955229863713757,-0.0662291155403503,-0.134981119718197,-2.70763041998051,-0.626173627732647,-3.82789035077048,-1.93344551088667,-2.15769077118575,-0.601502445706111,-0.41283975401233,-2.41032414327868,-0.0674881941474658,-0.428532443645107,0.00917603112056176,-1.11915136929469,1.74515910860913,-3.70964959644358,1.75865985479028,-2.93769371137499,-2.38949300734614,0.802314020311804,-2.12921734207018,0.934183861225202,0.0595796621706246
"49",-2.19678942402032,3.74413373328906,2.72548962611434,2.86690118666565,0.188420304627569,2.27170861706113,1.90511112477337,1.15570636222236,0.990618619917143,7.62085624557462,0.114173796229206,0.890623871611137,0.84228352334203,3.71126325323013,2.92209814677196,4.19904251817789,2.65523406388038,0.982701058634459,5.85171748903035,2.42552424607885,0.957511924349208,4.18426393363802,1.86668688485468,-0.125217190512023,6.38331808894219,0.688484205464604,-0.144691055197439,4.55505746923994,3.58889231881398,4.18641184276848,2.22260755432695,6.81686613943999,3.97526957666524,3.39769479728245,0.119316778484035,3.63777158809594,1.55617326268721,2.64608131339469,2.89644002429544,5.58077961793211,2.78854262681077,1.0420641128182,3.5117406031525,3.00980161041408,4.91784341823756,2.75525398282374,0.0401749868128962,4.63860734897112,5.0814263456945,1.54636230685356,4.26633246815988,1.99029931089097,0.754469924712909,2.45619160358633,4.1631518873202,5.97092883829411,3.55267879474492,2.60024571208266,4.86965955960687,4.73002265061113,0.496015062166658,1.50672927370963,3.0831199490295,4.04794333738965,2.72311771893706,-0.0363453952498674,4.91697528611517,2.53800739220579,0.732124707314648,-0.759511709353799,2.77253013984641,-1.15383124448123,1.1849962401203,2.93443330612079,7.57004316604371,4.06251603939203,5.81568959045311,3.13822721261421,4.17840362594807,1.63235593672923,-0.816334387181439,7.24013763506601,1.09985068828145,4.29472039321266,-0.149235977867855,1.48149715969641,3.49880636948935,0.611744839924802,7.23804773754233,3.46752096094753,2.43097121372725,3.01629238837345,2.93664114266325,4.84040369570253,5.74745181037049,2.94484966123696,3.81330162313096,3.41706595959329,2.42145433811297,4.27723717136057,1.67709949597749,2.38537451884768,3.7898579753641,4.30912924423551,4.76455996971706,0.337867901635689,5.62708545551309,3.63283623511452,1.63086253370749,2.05924683954935,4.04904050236417,3.02216019896154,3.64372599024963,2.56961150870801,4.70312505976093,1.6237082489822,1.76759464874915,0.563751432014156,3.76464898289852,5.49663774074892,0.0080854745078347,2.99096707017781,4.02080285680273,3.04114370197755,0.0635138055918993,2.62002478463034,3.17522800308906,2.33810792191656,4.60755756921377,2.16046764665019,7.00253831542542,4.70958841173112,0.600049486520355,4.38306214632435,3.53009886193069,0.922777586846815,2.7830159493246,-0.501698136627697,-0.761666975828975,1.8609102050778,3.63723775068001,4.04595845659351,3.21124320873346,7.12477753902174,7.50019686157507,2.50745180723901,1.18856327547764,2.97709338511642,3.87197163719722,-0.504966352035767,3.92846892052455,2.21946263322125,0.905406456485223,1.50688100573185,3.01190456997162,5.68023136478018,3.4449080303416,1.12855941492487,2.12773280563864,1.96653619310617,3.42270741656524,1.7773798134638,3.68457112406685,0.683221469939914,1.77267747882311,1.15039360341435,3.2142243383433,2.30594708527178,3.59013293646132,2.89987514067546,1.46093570367408,4.08792540566267,1.37304966909773,3.11589850682117,0.54134144359441,0.865738183578068,-0.432241933114663,6.77490852476487,4.54291601647073,1.91866490599978,4.01238398339332,0.638321900269911,3.11906086525193,4.01047198615293,1.90089188008715,2.14401189362706,5.64736685757392,3.25442926559729,4.83672202936172,4.79020457555063,4.00608330593978,8.55904914924769,2.21829490082928,3.30291697278904,3.53257565493254,2.86514090406924,-0.505700555857798,0.663109332649396,3.89176005797423,7.83716530221673,5.48660099420984,7.41073667221167,5.36790097413139,-0.105183086102701,3.69287443917897,1.36498426493231,3.26498926521128,2.86350263253339,0.190712197452937,3.39535431397654,4.28700435845163,0.189966365670701,1.55266949478669,3.10434821627699,6.27151410558617,5.13036312265457,3.32443075874108,2.78871232007295,1.03886325923211,3.43646298073884,-0.746075364571321,2.24652304094342,-1.01978338132219,3.37606682043823,1.7580102112396,3.07926495853447,2.35408693972741,0.917338538237981,2.55591956043934,3.24440341173797,2.49281779490053,5.86051416888917,5.87734277509825,5.21428441956073,6.94886010952746,1.99476136452925,1.79007306972432,2.80446738274953,4.06210380783692,6.3833574336859,1.58314685525282,-1.65045691334489,6.23957160071689,2.22781160975597,4.21063305529902,2.819604673879,3.10477143155282,3.9002271565101,2.67878671464505,6.16017065094534,2.12720641248904,-0.0833805815002013,1.74977897312319,3.20064294898696,2.44360112642926,3.60565379608494,5.4755830853754,-0.433438404143588,2.94391751855097,-0.16104763572775,3.52152351327034,3.10755517820425,-0.553788902645587,3.86717056110771,-1.27503991130161,-0.652723889740677,4.74649501937911,0.585719503105847,2.87587362001896,4.39408458616542,1.06896341905798,4.23472499615239,2.48318512855044,3.09151340995071,-0.996236221134673,2.28705594369004,1.14236969140685,4.00064623277045,0.494254055883759,7.2234140048595,6.74488132446406,1.08907418563242,0.492929650978242,3.00328318889064,4.91458529831365,7.13927071150303,3.50222916672278,0.617102321997329,3.80564848968193,1.76861616996654,3.2315817336756,0.891056202616275,5.76798684936263,-1.63187283463313,1.09928494342402,0.337562182589986,4.03360492237535,2.75646825737715,-3.25601535515792,2.34772708287961,3.58941224269947,0.478862100399571,5.08315440001804,5.7077941145352,3.10450953737003,1.4853701668355,1.00896568821332,5.3497605358826,2.00894598852495,6.71354969319943,3.71807626252343,3.15327604760725,4.54897140634377,4.02064050702909,4.48202939813942,5.77520958324896,1.94860033056659,3.34704597955883,3.17724398937416,0.588836707517788,1.09790660799945,2.49873747860482,1.89338617975076,3.66648038319369,7.56273071275145,2.88725120076335,6.00369854686206,3.98853984498487,1.05687445465381,0.694316026166731,3.88484037410627,2.45022819513861,-1.32559080405521,4.16941287401495,1.39267628865065,5.15041953370332,3.95121601804577,5.93405327864879,0.579903432279263,6.65853404655772,5.85544915223877,4.32741980720082,3.45159861272933,0.408124254191367,4.81015013095915,1.15386588503809,3.71505731567156,4.07140104801117,2.14425412186181,3.21638070540942,3.53664530378485,3.20055572801094,2.53518250793251,4.53870593624338,1.47121573211908,6.00999358941581,4.96006370176915,1.01083421567244,0.716537010517437,3.20759005922021,3.57595151370552,1.79832450373887,-0.863324257925732,3.63244306602343,5.13424840611876,0.93319384823314,4.50599080559491,1.45183226965449,2.70817699005632,4.11618222388281,1.17297002371326,6.0553951576648,1.48849115165577,-0.71122916325687,2.68046780142679,5.03675375020149,1.89732430609691,3.39831669002332,4.20579974072786,3.35340199989068,2.55864649008991,4.7731184574106,5.61936290098428,2.33677110831191,5.54128054288453,2.74265762726251,4.56593215676514,6.02738175464066,2.43256491098794,4.82189648286235,4.2951983334329,4.44973000130832,4.92174439289415,2.47979269971637,4.58721538680999,1.84396181481564,3.9890083147761,0.751261345093016,-0.224114843965452,2.42410937791621,1.22929493114921,4.68768282158997,1.66147665482258,4.7323512327024,3.9672209550022,0.284360124826009,3.90769434195666,3.41508318970172,5.28074375126998,6.29428153312867,5.67564930965338,0.62609545319468,1.0939413630514,2.86248692789573,6.96307105267078,3.82810462365129,3.18266187134347,1.82404314683958,6.57768206162691,4.21239613211556,3.00904180561965,2.22248976458983,2.32791312687712,3.53225015840722,2.31035100561783,2.82156440653256,6.22268040511672,1.57877927256856,3.72151494044441,-0.950933740729398,3.10224151728118,6.05178984517419,1.57513043515872,2.06671767197733,1.66179386401834,2.95246025031957,4.40544428934007,4.69378907228336,4.31430399580458,2.94282847988459,-0.152344588737994,-0.524373763551174,5.18160915465044,3.69617427568856,3.54167849432213,3.17913208783265,3.79429939837972,3.16479520875268,2.78543147348842,5.63317979549614,4.06496786460025,5.82436529391651,0.8636115651546,2.81725756713633,2.62471532386552,2.77746082390385,2.65368756308706,1.56969929040162,6.71796456869824,2.431442396697,0.120801388142191,4.23789602891737,1.19740003545317,2.01354967766539,-2.08072885996315,4.25842384203471,0.528019995210759,3.23760859878497,3.13473928581501,2.28212506260595,-1.81961411280789,3.80075744700947,7.13844235831964,3.36480985520072,0.601237775789696,4.74949343369352,6.94827545774672,7.31079847163192,2.44725914446292,4.42273866065915,0.781474798191877,3.71957470881621,3.12339736656427,1.66648881162174,3.78231634999823,1.55930327991566,4.27114594846472,3.67489690381561,0.620288047853603,0.21045047730915,2.70216308737443,0.430851363304576,2.01302580427684,7.10240096439875,2.22764955428996,2.40905831214661,4.17956522267211,4.7248237804242,-0.535298634774146,5.20871941309921,1.85292972059447,2.02405519641247,4.68010280739485,2.08275472753153,3.24258153162815,1.99763280869996,0.233161003648386,3.30877556530512,7.37941654080298,3.21448906414524,7.28253816263314,5.91013388939186,5.85435059726296,5.07691984793288,2.27215695235745,0.33063234971809,1.67393785752008,3.25271873411581,2.10220409202796,4.93819407489155,3.57180097949357,4.13073708768245,2.79729725013756,4.58608821214477,3.58916436107431,1.83932218927067,0.602977030471688,5.1761712235311,4.33347116504742,3.3515041962413,3.20084553765878,-1.82396313619625,2.65576855123977,4.9841892038754,5.54841832527084,4.81686140948759,2.5572922004403,5.2105737297571,1.8559749696812,2.84456424590671,-0.382445527965678,1.66101833942002,5.24043615123283,2.40879694959448,3.06833559071115,3.73368263356803,5.19524077156745,2.07284875665225,5.21962884481639,3.31500589142612,0.392939095615421,5.0190034945445,6.94497807043165,5.02997054615125,1.53581328756002,-2.44987200707433,6.67228079838569,2.83020744743934,0.375768486366125,4.09408720454177,2.40546079001136,3.21850256538765,4.6756667750508,4.3341784363705,7.13336164437538,3.93049031762745,3.98025819475261,4.0856804006535,0.565346067759993,3.44402348673398,1.49016297713503,4.87387398166166,7.57316802094083,3.27661647724322,1.1344363920146,1.79390515602772,3.30635428723481,0.882590635465679,1.11202977684398,2.69747829411674,2.56168843838702,2.00434453936868,0.680701619853241,2.67309480596392,0.728083147521235,1.96876513527186,2.47639724737956,4.89717277313697,3.87790122287264,-0.895138420439987,3.06307472129887,0.868364269942445,3.63986628832775,3.51318510276755,2.95834047450761,4.62533144351916,3.57539367468246,1.45357579071636,4.53085227842119,2.7193564153873,2.99718464198243,2.10899291686875,2.03848797215085,4.28872462286308,-2.19165520599662,-0.839210225596497,-0.695197291765572,-3.50422514646203,1.74350460458873,-0.671225505757734,-2.5767364392394,-2.8165944831891,0.668091025850264,-2.500688189527,-2.98009457113656,-0.836022870657473,-0.541024459823039,-1.69955573765211,-1.78352001884059,-0.338770609674051,-3.20278908282967,-0.876669913502158,-1.14782417341922,-1.69803072659112,-3.25113449915403,-0.186366294023564,-0.45025610830536,-3.01421038543898,0.0474233041854282,-3.19871650070335,-1.66641186788642,2.57427557510688,-4.30501853946127,0.623934351324252,1.22836747999335,-2.01908199091357,-2.658327631725,1.80289894581025,-0.228144440244011,-0.160762065622479,1.89084802761678,-4.80973627881034,-0.810262710699202,-3.58824347313326,-0.62070593883278,1.07010718224416,-0.755297646141679,-1.56284156435173,-0.295491474228383,0.146986365141763,0.510265619589022,-0.977691377199593,2.4661300453541,-1.46244778271914,-0.214526443015111,-2.01251476490762,-4.01240781060444,0.51869142264464,1.09200188805253,0.685612743295719,-0.865634065891908,0.903100351216329,1.46868561169812,2.27446997919364,-0.297425149173434,0.136362227214377,-1.33241545812261,0.996187104590468,0.312887695809192,-1.97986523845015,-0.340461440276797,-1.6314516691179,5.43216218130576,-1.82648996468488,-5.57797845904382,0.00632482429371839,-0.857779424419316,-0.996084515270943,0.0848043048897322,-1.36953654443256,1.74033349198761,-3.56225628170523,-4.0347572892754,-4.08344455884846,1.02600099488234,0.887749631366453,1.92420392789035,-3.73174504688904,-1.87454865809303,-2.13968304976245,1.82339822341922,-0.279916419491648,1.16097697274459,-0.694099571606031,-0.655337012281315,4.19457315811869,-2.3849095885707,-2.8400526009278,-1.35234306897357,-2.28224379674339,-0.686501139797548,-2.06116083188334,-2.83323445326335,1.80958263960945,-5.14182880162704,0.638207109841088,-4.58618542241629,-1.65779326683409,-2.49176452365858,3.4298537319285,-2.69868813600796,0.218343166336777,-5.38378107938672,-1.72028974225071,1.08662377643989,-1.84550168134687,0.900868227329002,0.335422136527513,-5.14809801640579,-0.571586841691707
"50",2.22156584685501,1.09618836633246,3.75639748149702,3.25088381513761,2.49252072816151,5.45592441913218,2.8620775246812,2.44740078432937,3.78247801390618,2.71160838283298,3.82482359736599,6.74441354343311,0.674341299570141,0.787494814863298,5.08747405077088,0.515321996691562,0.426277931607274,3.42810098101561,3.21515378451614,3.28985737341358,3.74867638188904,4.21509165180314,-0.0200872140079715,2.33618385232111,1.95670378507366,5.49990844028971,4.08688352998354,2.66815007149417,2.14433237773049,-1.96456220476199,0.132739227990028,2.93453824436924,2.01443509682291,0.338794964012034,3.2271516222307,2.14462058908041,4.54763476359257,4.54034658994237,3.26851180047213,4.98778441404879,1.47810390368665,3.66809070703213,2.61289761801489,2.89810451905084,3.8833143112807,-0.838393976561139,1.41970333043421,3.91141624716535,5.29033541049697,3.48325081292732,1.44596980163349,1.59786821647735,2.20439009766695,3.14377597197156,1.23529192899111,-3.46238544120443,3.42497737091947,3.78127382738652,3.26851924757106,3.53468446970764,5.89984865376115,1.1494233319397,2.7119215101812,1.94983803143193,4.39516203222418,2.98870883702586,2.3897574241003,1.90629821507103,1.0050447825201,3.44014874844034,1.39659626444346,2.28195939174305,4.42703134145387,3.99988955366669,1.60603279457984,2.17670946518221,0.924124207562206,4.43989577917121,5.86235727456739,6.63895017041651,0.654942873237644,3.82981828353068,3.08261467268218,2.31953596246989,4.56412128905894,4.21865699813275,4.15590846553196,4.90333587488434,3.32956614300629,4.80049870941854,0.412035011914609,6.02453522953039,3.44025219775601,3.13325132004545,4.01852332312543,6.01598755295469,-0.825581513257252,3.53650228844552,-0.300606458288379,3.24034246947859,1.48539018641693,1.40541339492854,4.35608472195856,1.73138853845165,4.36736392259706,1.25665509576975,0.233022451397536,4.05512349419231,3.34420373388169,1.24890642351432,0.765125961193671,2.22907811227294,4.72606786330073,3.71113409650139,4.10951089308721,-0.778839735606174,3.83829342695463,6.40205499113328,3.05338389299293,0.15926208633335,3.35702154086505,5.40223251572888,4.7177483924514,2.67576357229203,2.34378757567837,4.67156112057165,3.66817499255426,1.15181831118299,0.0617342398544372,6.35255058488438,6.72136659764467,3.37155823514972,2.80349341413704,3.33848311977118,3.42425994358948,1.54250149459681,-1.61735956325731,2.94481731118961,2.7940430425728,0.716366659660632,2.10917017977651,3.04222167425314,-1.21747967759056,7.68600227603064,4.27458298288353,3.22439803831097,1.68873215407575,4.05515660642647,2.74807674116966,1.15861591753037,4.07889638283393,1.59075505971084,4.15895075226004,4.24254554252679,2.10946344022168,1.79998066406939,6.07594258249208,2.56462583863277,2.45630781094419,1.52479541374201,0.99105490777765,1.43082278736024,3.62040921104819,2.84480705337777,0.847568780926026,3.64603852558984,2.4472773413368,3.64316826228496,0.721028255271519,1.60682481527733,0.206807546915735,3.02135394502107,2.16303406317163,0.718597840324554,6.03299791614535,2.71738472971541,5.34937104966146,4.70937267452923,1.25168119307259,2.93126202032518,4.07924170721255,4.65257565756372,4.89191237068927,1.10281997283059,3.94878266434659,3.68309896022236,4.19803567818635,2.5365415891043,-1.1375280962081,5.83972836158835,4.91489240302898,4.98229383164619,4.23400625600457,3.07086471164389,0.792879809282102,4.78942180611892,2.66106840201565,4.84184272873448,4.34823322652517,3.21220605953533,3.62117764192652,7.19424240107051,2.32839151027951,-0.00612253456619616,3.86903546244122,2.57268257765146,1.2545759515736,0.809472723376567,2.76953406197794,1.0205438884037,4.00460223210813,5.58048032383248,3.1345378065646,-0.196389725776826,6.11433753943701,2.49119900490474,-0.32110703277647,-2.28698116730159,5.08689831574696,4.48531500184722,3.42951035378363,6.67720774939748,3.12242876086063,4.59394566553248,2.36390979794909,1.01985463917192,5.93901130929403,5.00865633152119,0.946501354527798,1.61101917421897,1.16326569925532,1.91122467341516,4.17280243405213,3.75137918860993,3.71177643753442,1.98562584599126,6.411460078536,5.11565888098139,3.47634656172306,3.70621061616286,2.86035757445101,4.85576866008746,1.97681425929597,1.57375294095271,2.4237793328157,1.60139609029372,2.80757791204272,0.79055780125271,5.30472823663992,7.7524981597917,0.512908985223351,6.21501149894233,0.372784788450109,3.24334375097639,2.06066927555865,2.36260533563274,2.17616419250352,6.22463558028605,2.78001173167816,4.0940765692601,3.03985600735526,7.88010016883103,4.35389131401951,-0.0273233767275758,4.83833341434716,0.566524014903457,-0.184563070278066,1.22042123483508,3.35019937043612,-1.24663062514294,2.84228959925079,4.91173807977184,4.54241912512752,-0.336669598528585,3.82271452213495,3.9404549356859,6.67104736584491,1.48340738380741,1.6758927003115,3.51787633866332,0.112869571875796,3.25345087715327,1.55898565577276,1.66865277368247,5.34331243548203,0.669153985413592,2.67532480595316,3.3493605504808,5.0754837518441,4.31432283343239,-0.548678034822597,2.66323051189696,5.65334326739232,0.67442718081521,1.71966764447452,2.55819702629556,0.614404967404492,1.86180070952851,2.93751063456251,-0.39963057206268,0.349251818106446,3.7389853238606,4.92272169580295,5.64354531120388,2.37040091819125,4.68052076779986,1.54676078090472,2.45179120711181,2.21189171721787,3.39163640129355,-1.21669059264443,5.38304702305903,4.11844316208993,7.05893688218385,1.63080662538815,3.89797555304718,2.12074723163718,1.88828788285783,0.0710940150333057,2.07328514074331,5.64578256217286,4.06129709857333,3.27466995465435,1.97261243865979,1.8315134297405,4.4443439326129,1.98382370102292,3.59056956935663,3.6761489628452,3.53887904748802,1.87153785868502,0.554793344767631,3.08132284484503,3.87343616641436,1.43407253559022,1.74457721313033,5.61622705018007,4.15918142913626,5.6170221605381,5.30255670960871,0.606690273934511,2.62503381118274,2.79329422820256,-0.397005937536486,2.54314927094007,1.84458022127447,3.0325145254736,1.93520839554988,7.98262668937677,1.30944305228966,3.10311383951244,1.58405241763256,3.10721165478858,6.64593215366585,3.97652653409692,2.41960103718507,1.7587666905371,2.23477814594512,5.48213476120731,6.76204407267317,5.8175493452252,4.94200093030847,1.12317058398968,7.34483725747649,0.102837308683554,6.55101078148637,6.89349556952403,2.0166086878215,3.39604225494991,4.87698755147313,4.24906850297846,2.71992390973049,6.80131231371537,0.342737264454214,2.17985507421137,3.60721842044352,2.21961304709621,2.79663838645474,4.74084442901062,2.10247154731058,-0.273000374780905,2.67913506506953,3.49354166697161,2.39560480831028,-1.98795199975872,2.09041376039948,3.61529439919874,1.46842455959068,4.5750597916103,2.68231199335706,1.54231748229404,4.54975548581078,1.46095892151433,4.6416566030715,2.78357563971772,4.77610623281938,2.48303296026899,3.91174842114306,2.12670864251215,4.33083042385686,2.90259290914062,3.81079427787521,3.03266499364942,4.02884396300038,0.959259514688111,0.944014219735662,-0.626282864696187,1.60009257512492,-1.1589103932182,1.00974109935174,3.05792700563275,4.45354993848105,3.19662597700913,1.40183601010921,2.65730229851315,4.98563985880058,3.40537080444377,1.02727605331003,3.27171547090721,0.924498929436373,8.31159634650365,-0.48253823130155,6.69404479765564,6.06271012929461,2.20628315545907,5.29345423513604,1.16888509583107,0.810014035006736,1.11117336525557,3.96282988431458,3.19323930005626,1.33410449782693,5.23295668790269,4.59543866477901,1.67417506499102,2.61921111275791,3.40051675857345,5.28903706066585,3.01127072995892,4.40903730866219,2.44118410100882,2.68913587807206,7.90211075488831,2.30232811197113,1.09424619829235,8.41923216864014,1.56865460538013,0.935948850895112,1.1039386729833,3.0325848354295,2.64134543670214,4.68973926672516,3.98788857307363,1.43275761485963,2.88519894830624,6.81442360057507,1.88353605677757,3.04287498049109,1.5707276084363,4.55664979461824,3.38402442418695,0.983445830812975,5.07204537777404,1.64268124954364,5.18832782684605,4.48544319866621,1.54017264027533,6.82133986475845,1.52046016965046,5.88349132484345,0.340215912849183,5.04446225794329,3.20287331598605,4.45295203103662,4.01835408254028,-0.83391626208133,2.3239263482085,2.18157418113551,3.57986124323424,1.43922374047636,3.98514444816861,6.36941859524539,3.30151754588854,2.86846109833663,2.78736153050225,3.12096858310834,5.80236660470704,5.89294660709278,4.56490330856223,3.45898510022331,0.834518089550532,2.47994840356794,2.67343848132388,0.591080665202651,3.11736342031662,5.86765891161578,6.3717406331317,-0.702381076299041,0.656203763255765,-0.0451837463041649,3.53093924601383,1.92006478265298,1.51791702198243,2.87277066750068,2.20691915765894,-1.062356597048,7.94138270560329,3.34177526232918,5.15208224827165,2.91959735043956,5.91831822684119,4.14360834058384,3.70889881845151,7.81643689465374,7.31428593003981,4.83577655476551,6.9620560773241,3.39692054858348,4.06459057230173,5.04114533677042,5.9410166722399,3.31886866943497,3.64762825409415,2.66805713127015,3.18395636948731,5.99330772908933,2.64772718351972,2.6159243231573,3.4442356985832,0.834522061272093,6.12364945340582,6.74556232342661,2.0949913944979,1.18691304528762,3.60864458806999,3.63082013179558,4.77316617911793,5.32033110228957,2.88963987600552,3.20813241410864,1.9394674730178,-0.493050623829607,3.46608976951387,5.66214109084483,5.50826614422638,2.84962762909161,1.89254481488094,6.41251933899317,1.73122973992166,0.631886006273795,4.02273596810852,-1.09688895711098,5.610848327617,1.52794553122407,2.72752242014916,2.3181673963653,0.666053677017315,-0.506954064844543,0.793174573476854,4.49595511814148,3.65655566884586,2.9628228802591,3.67875177393748,2.6004246836217,3.94666780201925,0.614029538380886,0.280763000676712,1.33541285691369,3.30810853640978,3.12231505436557,-0.353999525875875,3.25901737492793,2.91328340871507,0.691225936369123,5.80136276289325,4.86162030111451,4.76350960135826,1.8800459165551,4.66880073519634,0.894582980792383,3.01522718310119,3.82600465000474,0.97475389784871,1.89381638960741,-0.23824186205129,5.70527540814038,0.0158593895558568,2.19559761432756,-0.156143708821912,4.38197113061879,-1.63319050826568,2.02462306322974,6.55019207802033,4.45668371779939,4.67491221992578,5.09686076527552,4.6041947748019,5.77717767101372,4.33061066535321,4.09657299171545,1.77353527942253,3.6743704511369,2.20383865750819,0.869232467018857,3.46556123371695,3.05670331846961,3.14471413982823,4.41796590421485,5.04542832651395,5.12673034259153,0.163665232977348,2.71483736926558,1.05199061302064,3.63443439813709,6.08779415520315,3.49665074964534,3.47318746634251,3.96286085574211,3.53442766383604,6.97587671254496,4.85897568832985,2.62490134887167,-0.613871660994889,4.46865255517092,2.61609273295857,5.05413892733499,1.33852761496008,2.01689605053541,3.33754603867095,3.62448841708112,2.21178909243909,7.9294328787279,0.676271567739411,4.40542405059384,2.45631802394054,3.58274929357259,2.25077991252534,1.90328772671018,2.33398726743582,3.39842828958627,4.97206489207055,3.83873170575919,2.43576945497861,4.27697239833973,4.60060756936646,3.93257583231867,1.62143028798724,1.73048322921168,-0.358467771164871,-3.84693722231136,-3.23476602382624,-1.00242928245475,-1.59980040562578,-0.263654794543803,2.35925579564805,-0.921954317795722,-1.55730112930363,-2.70549648467597,-1.03313594564112,1.43326878909849,1.30135737852289,-2.17911204137223,1.4165601741028,-2.92121741597229,0.11405279003278,0.500791752927432,0.59362577475267,0.550429468672821,-2.91206929852061,0.628860531911728,-2.81061403078777,-4.46850168957679,-1.04344327226562,-1.31915719145668,-0.243490385671728,0.00241991943658659,0.257678828784369,-1.56536053016801,-3.62351093706251,-0.0496835144988058,-1.0110003963156,-3.85765917491715,-7.68532376202862,-1.97970491823425,-5.3283024198716,-2.01930794774314,-0.85076286629946,-1.06602704104634,-0.334871928299013,0.569698448590671,2.0252669084054,0.398065314135759,0.146872462826751,3.07110470106077,-0.999636963367615,-0.885806952053441,-0.742541482720859,-0.677724552826005,1.32945124792041,0.627647134766655,-2.48264304618626,-1.07856635912583,-4.55152090004657,1.01638418824819,-0.569995986274304,-1.31340680539337,-2.41081180357575,-1.39859368897676,-1.37460267905589,1.22720783942363,0.140764171238879,-0.557749521409943,-2.8898846401688,-1.91335748822958,-2.73326099742862,-1.48153500187564,0.699961010886839,0.830413899845408,0.581233559742493,-0.733841057763421
"51",3.1610232081814,5.08677418027119,0.296843647939761,3.71994716595138,2.11836744441025,3.93613578729825,1.4747957768432,-0.247993557542587,3.08744171384668,2.59526208216154,4.23937076917875,2.48753771050681,1.44695952822878,0.499008135230157,2.74426890747697,-1.88070271275564,0.107504731750146,3.47053994682718,0.676599738928949,2.74205350731628,4.59083299911021,-1.04601386996333,1.01081297767238,2.86504310184319,3.00399950990723,2.94151451297811,2.64601830309527,1.68194469630198,-1.04392333719355,2.83575009823028,2.76198479799924,6.14738955429924,-0.536277622955649,3.98440887777804,2.69942674687646,7.09125980714517,2.5344899227585,5.60005519616674,2.27330535013976,0.813962233696202,1.23948139345852,1.00199324683568,1.22197441668276,2.64460486522066,4.12319336759191,4.59768701574918,0.795610810621749,4.41183775139635,4.01909996615651,-0.163160994560137,2.77471462905618,4.03758265767996,2.40830554745247,2.18060914558594,2.20274229842758,4.67490647329263,1.2360776317734,3.83677776585347,-1.31998765687159,5.29293907914765,2.62616089789112,1.25437232566959,3.26521270281758,3.38789190146023,5.36908507877866,6.47610251691514,1.76818529279996,1.00645575273248,3.04397195945975,-0.544403167417865,-0.598716788201012,5.58278845119593,5.07673865552659,4.0295447431455,6.15310354247491,7.10748700795741,3.61343110779101,5.57756133094082,6.46434432953853,3.64824586231023,-1.64149106807876,2.49065121176721,3.94149662240073,3.56680192346644,-0.933493901427619,2.7950319812816,1.49096648047247,3.83113518690515,3.39529526143648,0.219863045736679,3.8678663472514,2.75905865273924,1.92315106410532,6.23146519593627,6.22955859809719,2.95074162074048,1.17835379824951,3.35490461028034,2.88446166507732,-3.2578246560932,-1.97556663016761,4.25084336128273,3.52635581418344,1.24832319883737,1.88040622400596,1.00006735740346,2.25924053467578,3.49550077834701,0.771095164186191,2.14988667589679,-0.496772799206271,0.874027948048105,4.16914057203331,2.26214094863201,6.23629210335494,3.60978076577806,3.76968511003693,1.95220900370811,1.15222658866434,3.85795541495004,6.48266862296067,6.29818471021687,3.3211723057864,3.6105760281805,-0.778915628438015,1.59273192359722,1.92146074942453,5.55973095788873,0.787872573615406,3.52390774554816,0.558187351443617,0.786506327564289,3.47335965478549,2.84300404854654,5.78700587647306,4.75585003648671,4.29179658927951,2.85652010850325,2.720707263603,1.99496528364192,4.42188150641168,4.27021198553173,2.05320795982565,6.46656041459182,2.69145425687654,3.43028599033606,1.52251035787943,2.48081196808604,0.607833758123005,4.78903215797456,3.27569647260535,5.85447083116723,2.91811143801931,4.96919577684861,3.79670740664675,0.615973720983086,1.26435085977477,2.34604912665159,4.01802282589251,4.02844014884379,2.75853839641172,3.11803208462781,0.797371444506579,0.508395532856347,4.07063278365612,4.60366745690669,2.24542225573961,1.9363934492004,3.84853233248843,3.52448551955924,1.04316046890767,2.24635893462842,6.5626250988864,4.30677567080667,4.82205433521758,1.3156753463738,2.75186725677895,4.83874367098892,0.639535213301882,-0.272333708118511,5.69610477186054,4.20668899978998,2.0244708094064,2.19583026788324,2.06118426777858,1.26035692724773,3.7180587345963,1.84621776149129,5.98223933332104,1.30561073774076,4.81396916332856,0.60976890083381,4.29130329994931,-3.15215131662088,0.298514354594134,0.264247910558074,-0.954956208443952,-1.8440016196051,0.944716325637623,0.467101059922089,-3.72003895882621,-0.330171207443508,0.182293126249611,-2.97950457377764,1.14397295778293,-2.00290421118406,-1.55415195516383,0.567116831050767,-1.04279957338996,2.38313411314788,-1.24809478656932,-0.107127079564454,-3.86824430897486,-2.26176892069522,-3.51959756320235,-1.50585321552986,-0.264747154099039,-1.14303651332735,-1.61944314180575,-6.23967498200774,-2.02496755434301,-3.80634752652839,-3.74981893416123,-1.77205680722718,-0.16321437324062,0.260053550402578,-0.57706270807195,-0.936754920578597,-1.43823480654508,-6.70067902404451,4.1730487171025,-5.74889319940384,-0.222959178085395,-0.0534366411273339,-0.144179578140918,-2.90146087699919,1.4510997314827,-3.51663695785622,-0.602954662387419,1.45264078333987,2.60278742756015,2.54334098379325,-2.6894907648418,3.04258468913877,-1.82255260694715,-1.74618400556954,-4.37724636691125,-5.95144315075242,-4.9933007059736,-3.6869867684031,-2.76186160979089,1.63346854201022,-1.88204457505752,0.635656162847465,-2.83518221777943,-0.599247175681343,-3.58739142016776,-0.881414942320914,0.175833084725707,2.33537791095042,0.826390454132242,1.58746639906776,-0.617730993898228,1.89135342576415,-4.11145250037957,-0.0784641875270139,-1.55647628198076,-3.43218620133752,-0.902512261924007,-2.22456759540078,-2.1593878865577,-3.65144045270834,-0.59775599663774,0.110621868941678,0.314011384566546,-2.71305426500177,-1.70779899951442,-0.541511969128828,-1.07532481945809,-2.14226522538994,0.898755980034918,-2.2586589257603,-2.02068604509358,-2.54582171038618,-0.535602730826635,3.40776974525571,1.45039556020153,1.47614382110808,-1.62196588932258,0.758738827510504,-3.96916806695753,-0.863575913406433,0.391659703861456,1.09201056039663,-1.62170826972533,-1.59460632227293,-0.454681683354452,-1.73688803537436,-1.82718328323831,-0.144020709399096,-1.59884831695057,-1.0911671117507,-2.29118743326388,0.282706015647169,0.625338019553431,1.52259524331889,-3.13749798835586,-2.23049401598508,0.3930614288073,-1.52026018090555,2.45445654289825,-0.445105165073532,0.455909350086802,-1.97524400535597,-2.20854706335721,-2.75129147839594,-3.1434412022033,1.31684509152731,-4.98203089999743,1.01240275865082,-0.659719632265891,-2.34576929932628,-3.97964511811194,-1.12465069051441,-3.22160312367888,0.682913578131934,-2.92621966889442,1.84881174694549,-1.51128058159886,-0.912560502191216,0.168796370054293,-2.92996410462305,-4.81244572296894,-2.37945097663298,-0.355346941966266,0.451227071980443,-2.18350632755644,-0.800953788389543,-1.02207322015958,-0.426122925849486,-0.486559678247552,-1.71818885445553,-2.78118730929429,3.71678377454193,-0.0655403815271596,-2.32243993355368,-3.56142103791997,-2.80810246724866,-0.603724858217956,-2.51584190921232,0.397756691705613,-0.301699896841007,-2.00934381897464,3.73434280214446,-0.878479689624662,1.76088967806357,-2.80041457499662,1.1079179044582,-6.71441811195896,-3.84329862999735,-1.71992150574088,3.11888690733075,-3.67135869101462,0.00993615870023223,0.0426251284940771,-0.0107165911796777,-1.8451322214823,-3.19824272891032,-2.62076365205495,-0.439969794581623,-5.26351034403911,-3.14263294402699,-0.989316300706862,1.7429671423502,-0.207674951072937,-1.49749951097385,-0.743021596517383,0.298403068111803,-1.90645337499109,0.0882009582420105,-1.49386542940809,-3.71507144032315,1.55933561314752,-1.61505480178214,-4.19102450614667,-5.32688289467117,-1.40906175241418,-1.06141469057951,0.100336746998379,-2.16605373721692,2.18022344399247,-2.16342391213693,-3.77511734287188,-1.59379086893277,-2.48016869017802,-0.978888956749355,0.63163433577321,-1.0210964924068,-2.83277044138667,-0.657530886794234,-4.74553969080156,-0.591927991400989,-0.321359623080946,5.70678419038517,-1.0492738618401,2.16956718573839,-0.0114401151866449,-0.46224941996129,-0.250046002291272,-2.5125867342303,-0.617404806632287,0.0599145931378191,0.681670626300896,-0.476162989187021,-0.148670526588405,-0.948239234167172,2.0962033337088,1.36068823288021,1.50589949432543,-3.35984977741156,-3.54932700054756,-2.25633861339209,-2.02779732042023,-0.683985805167888,-4.06601784655449,-1.98166744590542,0.0983884773537858,4.33458260937891,0.448028165230989,-0.912300316048458,1.08823166578108,2.76028218685293,-0.800731425893098,-2.01766160359363,-0.302010485655552,0.0981218122115985,0.623824693430878,1.07515095647156,-0.592380598477133,-0.425383665788742,-0.968501176439007,-2.38825576381656,-2.82686277346316,-3.66151224623688,0.895246992403342,-5.72329169397103,-1.30985273014173,-2.8280247657714,0.257866529202233,-2.16728654993562,-0.100989092192136,-3.19145691246332,-3.75083288165715,-1.84417395407399,-1.66303677129739,-3.0164936456515,-2.51758505472328,-3.22009261832464,1.43757840123993,-0.8398277922339,2.25492203089885,-0.609697949818163,-1.93046614161707,-4.10925635170184,-2.49888698209487,-1.1181160758997,-1.0192629152629,-2.1149197993681,-2.38035481458428,-1.76287945363392,-4.40773751535187,-3.25674844982612,-2.42775396101752,-0.111423826926466,-0.544674714724517,-1.84046517609095,-2.91179139762745,-1.8749863518282,-0.748370238882657,-0.56905253859649,-2.93582628953926,-3.10872043249258,-0.976137657578993,-2.67898708772964,-0.87532156390422,0.862714654714857,1.17009862110264,-3.47855088904079,-1.79652433672325,-4.69416542694144,-2.29993862659891,0.26776610293454,-2.48263178996995,-2.02334896517542,1.01794775642548,0.25749308156106,-2.73107274848298,-3.98969681701695,-1.74254110410433,-2.72707574785423,-0.228752548231073,0.776534056632747,-1.00488473778046,2.19300060083302,3.30500541629131,0.271926306048885,1.19889305757624,-1.85734347692504,-0.41295247644817,1.34358960746667,1.68291668021428,-1.67038156229805,-0.359695524285397,1.77572647655207,-0.0771502059846584,1.17786563479075,-2.76144104364246,-1.30742571324029,0.381939128502182,1.81032790262561,-1.3836783422445,-1.29431840373961,-2.37108077021134,-4.82486150117921,0.818095910134564,3.24496808520948,0.729694207989966,0.945558820106575,-0.0277424471880183,-1.89634232028968,-4.3261791357769,-2.31066767815989,-3.45151270331598,-0.24112532481589,1.76688362140901,-1.76571832291203,-0.748029182024391,-0.468092370395229,1.87044869159781,1.64646059008235,-2.93002084828545,-0.582075198213293,-2.10562544043569,-1.96648678991896,-0.407218629304362,-0.26841271262768,-4.26782965203788,-0.721964762672779,0.205707820054355,-3.57423249393115,0.152590835854785,1.44586653543114,-1.03924760727204,-0.690129116120764,-2.41525996550246,-0.669591574250678,-3.97943993238551,-3.63078836350679,-2.08656910593453,3.58941654747999,-1.7081668898944,-0.568298246428669,-3.08134074010852,1.44715197765456,0.0198936283919757,3.43018876346322,-3.22703687770973,-0.0654987659005779,-2.03265610483768,-2.52756208232875,-1.3870228640136,1.0070488488258,-2.64651631070809,-1.64313604539222,-0.500221310899548,-0.798056454500693,-2.71222251222377,-1.25360719796825,1.4313831969018,-2.81846346624513,-0.894642773039454,-2.8977008553935,2.68160643889115,1.48412311503517,-3.23299860414943,-3.90026349296337,-0.0976807334268059,0.762053704094412,-1.86965368615429,-0.982683340930389,-1.64525783058884,-4.61056870462147,1.59244865225692,0.850777879505801,-1.19364536059042,0.92577395490745,0.569016421635018,-0.0895075456291569,0.751868293662197,-5.12113174358976,-4.87332096915832,-4.5412243238058,-2.87375477262222,-1.90867187419096,-0.0994244058177536,-2.06011323294738,-4.65849300856093,1.15949022213422,-2.04244820907231,0.797192506391444,-3.75702780274947,1.92744397945619,-0.761828701293362,-1.79343676376865,-2.76547651737157,-4.18332300956333,-6.25005550269824,-1.00507639832071,-4.20727801526665,-0.995760322744463,-2.78800643759133,0.900852201123496,-2.48522031273764,-3.42271534651162,2.69638703519447,-2.68973040486838,-0.237917242978807,-2.33719194027122,1.97475689091691,2.46606102388913,-1.09521876375951,1.35900436218413,-0.711791294186818,-0.475980228630046,-0.343582524747439,-0.566760969453759,-1.62558587132938,-1.07553792185832,-2.42210867568581,0.530547919172297,1.84604342223942,-2.04216752366356,-1.05328810453429,-0.804291467488547,-2.54059043093983,2.58437416810852,1.52646166536497,-1.43625101786694,-0.523659537412055,-0.773813649013069,-2.08038529878131,0.860936448268634,0.995125198078495,-4.21880649520127,-0.0700660070887528,2.17515660053284,-3.61965549295434,-2.80130216074081,0.418567990855846,-1.5449702312384,-0.383193726496446,1.3114941812627,-0.608317543402211,-0.867517165908098,-3.6712728543284,1.37676706907616,-5.05627985517965,-4.99003737636785,-0.264727973977459,1.4180174867874,-3.59360621820237,-1.26346270299053,-1.79586615204587,-0.659446768558607,-2.11332127803959,-1.02855565375152,-5.45389024837079,0.133992943850539,1.54334296191623,0.461072768564444,-0.973464694109566,-1.42827647156015,1.82119093959237,-0.839570404349625,1.83840293984889,1.15996330811636,-5.17220003440923,-2.86067120488681,-1.54857646587312,-0.179798707590634,-0.765899443543446,1.99312940443422,-3.88223045142607,-1.19954659010976,-3.20801553677182,-1.16094633260593,1.7033539994347,-1.37832091394372,-1.64650322977683,-1.05173965418553,-2.56240764345958,0.134005291745566,-3.16050876496247,-0.160328878990291,1.11397757575625,1.50518699044594,-1.07519043165326,-0.978323563791035,-3.80233900027384,-2.88019280693517,0.180491021844624,4.05585476364376,-1.9957152943851,-1.49150060050652,-1.54661012625993,-0.407923121617783,-1.32772832161962,-4.36804983759778,1.1809695486275,0.0662389254493494
"52",1.17766994371059,2.41927284367872,2.89277719625718,1.77030033328608,3.36311917407828,2.71961474761193,2.89915224915677,0.895412532152898,2.50791139406109,3.6788917418777,5.16646103606627,2.69479285342995,5.16108298078146,2.98457847270619,2.4507097623523,2.15977144805134,8.7018244933822,2.4056369159193,0.440963813911247,5.43257883822561,3.61835143982393,0.201921954030759,1.67140804173126,-0.213619693676866,4.94488513542532,2.49678279280015,4.65985601134881,2.56210972387955,2.60779139536884,1.77728335437323,4.20657291481401,2.80477111398287,2.96918144062866,2.89450238610073,2.0628812528876,4.13955673658705,2.67192675163945,3.97990903613041,2.97303211565926,1.80351101512544,4.88248506440392,3.97632992247089,2.5595886889302,3.75277823457629,0.921153265264213,2.02632014808391,0.998764711093476,1.57182177615805,2.27086930181148,4.47438033586741,0.974567921420518,0.952008753935649,0.868484720658183,3.42417949110665,5.49112396390546,6.42890019574591,2.53459937338398,2.16165799174451,1.40287461847991,4.8486701989149,3.02245300359318,3.12413073264611,5.63910241567491,1.76306761566381,1.89837769003979,3.72680453980022,6.42944263332651,6.27081446283005,2.27537920769873,1.3530670255855,2.01240031655238,3.35153714312358,2.8507294855873,3.93292024254856,2.81921668289887,4.36471187143589,1.64760250564224,0.635135208794528,0.0190277936900949,4.01225381130241,-1.19434052843665,2.85064769512505,5.00923518080424,4.30543870062291,4.08341009761034,1.2102823952813,1.12942609390833,3.60465375159907,2.56192768250974,3.21106904448245,-0.0509353369869521,0.0757328785761726,1.40050488943821,-2.14501672392949,2.87251026627745,4.22833241441051,0.53654358494946,2.01230954927796,-1.96320622524044,3.17154341635881,1.4037760187272,3.01647815000786,4.90459787438214,1.41796606902916,2.00447138266384,-1.29058113037377,1.76640304720891,1.48101158251406,2.75309723862315,4.04885161400901,0.987790201311718,5.65523588664925,4.34988935804156,2.65727592945688,2.79375148186069,1.9517169722246,-0.0764004909674263,2.41047513008811,3.53456735436608,5.41423188681482,3.48909611742542,1.65955101460732,2.39480442426634,2.48199236660943,2.93731494272175,0.271423779600873,2.23759616709397,3.07677515029911,3.28616601475566,0.777443351062844,3.47124549020369,3.58768142136645,2.61840242262993,-3.64351150415873,-1.00146529023702,4.10600316735005,4.208356156078,2.94753825225741,6.2376403384732,5.52669109864522,4.01737344310393,1.71238500382474,2.49991195713878,-0.554062902885521,4.98475592221831,1.32357871077768,1.80882334781902,4.29771195079531,2.56599925581172,-1.91987915688256,5.89762675999161,5.28386746494044,3.83837654923378,1.77617394100264,4.03727624919075,5.26116740363354,3.32262445868767,3.58015717333336,2.860797628182,3.53525263025908,4.71518268023323,2.54358526668449,0.892297567615538,0.637959838607827,3.67256842631239,2.94668778097207,5.57175997045287,2.86102038237232,4.96379887514966,3.99490536627829,5.36878278510452,6.38856845189615,6.52359874343055,2.47155794282521,-0.221798569974748,-0.24285647558256,1.90758034981529,0.106371734007883,4.13668815928714,0.610337039874658,2.5921692625286,1.01173215184095,3.97899173911174,3.05203233698642,5.17415991227743,1.70699051637631,4.23790352938147,-0.796199039816579,6.50541826215741,-0.708731103789233,1.84734632218721,6.05850595599771,0.637852974524854,-0.400120698187509,6.4166980619599,2.42095894374321,5.0924159104047,2.88501869152263,3.82575609649698,2.03643581137098,2.14850802057432,0.742858577549879,2.34927687408984,2.57523555966576,0.111921295701975,3.23985428164248,0.776491030061635,3.11347189549605,4.16991471110105,5.44206705769755,0.801299006890706,7.84011366654171,1.99189689403612,4.39189607577527,2.02576849826999,3.04499114894311,2.48907006403677,-2.31253560327086,1.6971820197084,7.35638989625419,0.300295088411335,2.00450723791284,4.23114587885127,5.49337614923245,1.63201029891402,3.04324287947577,4.83049483031659,3.2898135708169,2.22101343225415,1.23932397154976,1.17497922080175,5.21592752946233,2.82183583508832,5.6467578235425,-0.51569214593743,-1.43462363402105,4.11944650086209,3.98052949245379,2.8530658992593,3.87578658386818,-0.0786802006284022,2.18854064290427,4.75999961787674,2.94876570751281,1.6205433037332,-1.01341151255743,2.01971701291074,3.58033525365555,5.07843052780716,2.46155040735832,5.35746684384066,2.85853254979366,3.05863038758305,5.4462644480527,2.0283253393246,4.73872667649447,-0.933043061789227,1.07030650915952,3.45550974217009,2.43612818721689,2.00443131344804,2.24096907806169,-2.73901722593838,4.27298450844103,4.57655532563795,0.712049413482772,0.0723457088548107,4.94051513621933,1.502253728098,-0.583161645627125,4.59757363372881,-0.764278916190581,3.30215216437439,2.51383619414886,0.265917450411409,2.03273234467948,-0.449674951671365,2.22446195892423,2.73843150439489,2.15791637176445,4.24223202372272,2.57735506003459,1.08333457279769,3.97693860181041,5.21945624533801,5.15598687950442,3.19176522655446,1.33466275952586,2.63277747156161,-1.9883208716829,2.29787376511397,2.51661216913615,3.33005971936498,3.12526926678825,1.16783324980934,4.84930890527226,0.210078164181666,2.9498692886585,4.92061807178427,-0.454180730802528,4.82693810878254,4.27047137053768,3.09044419600349,1.92558590295596,5.64646821114524,3.36108044112091,-0.908148368533567,2.12873950557865,6.30464747564254,1.32408187078225,6.55065887069082,5.47032193543671,0.281238959878339,3.55862143398399,2.90493189285282,1.88007530928046,1.3905180048428,4.73837686351938,1.24238755528148,5.75807044983284,3.68048153970343,3.040732748718,1.66991221038124,0.345299442298634,4.73805033520239,-2.3365522577608,6.66131717009724,5.32482851917967,5.30589283879952,4.28072967363727,1.52728952673174,2.03287759723734,4.04937364860563,1.91180433481908,1.55389240708649,1.28030588834569,2.57384043301043,-2.39978863328818,3.36019555258908,3.03570210538471,4.66304819657633,1.10573152741413,2.54421051164096,1.95848701041265,5.19576440328465,4.61738285933897,2.20427676573847,3.80635722917671,9.96867808836326,6.31500845937673,0.382642463818889,4.74562913331604,1.95855954729616,5.09708947866388,2.83718693428521,4.81229645806548,4.27504835628832,0.63614084390658,2.50919017597278,2.84744839005509,7.08075095282511,3.1340696977751,4.46708264421557,1.85793729398764,4.67282166549827,3.82781751664858,-0.440225230991342,3.01111728525864,5.31096631523014,3.69982337108648,1.28640715020959,3.88003458684091,2.74798333423103,0.381784364299901,3.20151369544606,5.39472176425568,0.318397545417653,3.69610203425305,2.52055937429964,4.27995822030543,2.13774849755273,0.919700780665428,1.00887950288376,5.23469310086067,3.29845097404844,5.49348275459447,5.28265111006857,5.42033418952072,0.926164351098727,3.90595530712745,2.13429081246484,2.27739045130519,1.74234608776853,4.49946113459299,4.55519008817804,5.32144296734988,3.66685093547157,3.49719852783278,6.05886542854724,3.05903864345772,-2.43412712068856,0.622939433351086,4.12832404663981,4.09239357128401,3.44154093407998,3.87190762397208,3.08596145953541,4.92029984568854,3.89808327781832,0.776058780109188,2.81683673128424,1.2147609434806,3.63681322171564,4.45972069821144,2.10688713383505,0.950448509463401,2.3333524959931,1.63331713100897,3.60595574935362,3.68376977484941,0.736390538388899,3.60976510830671,3.32897388509723,6.62683153448359,3.9179809129667,4.10618565497242,2.37934788551875,-0.560234828827543,5.67795935490146,0.69591936883109,2.0215778674522,1.8711825691558,2.35164588995675,3.00393522318169,2.98806674421396,1.38868126771956,3.47338197580938,4.32440224098958,5.6389246291915,3.91096663002354,0.240504542348114,1.6568634076245,0.628968670221568,7.16699602359844,4.4845522809177,6.99848995293665,1.53135144030818,2.37876773543111,4.24606241242397,3.03586868995718,5.14566461904603,2.57845805378495,4.55888637315156,6.146317884089,3.49794603048254,-0.896880925125662,0.77723940085963,0.489761620905182,1.98319696606966,2.5603029458131,7.44732222604616,5.39214122723252,0.898258926685326,3.57449654126958,2.56968507448243,1.75495133055388,1.7634784788266,5.14285431662986,2.38052957085347,1.93890855233,2.52289765451288,4.6351038247687,2.02610654033739,-0.095123341669114,2.01697437416296,6.36561717760062,2.67711895889819,6.08823677695902,3.31049973241318,-1.9181015810242,6.22284436828767,0.14323454958701,1.62605202194669,4.97658449467534,5.85843930868589,2.77186740667225,4.61647838730038,1.36100310558203,0.417859611751623,3.20148688223041,2.02499869027484,4.4390171307405,1.42064859083565,1.29272896289662,2.30164306965921,-2.87229610460319,1.76261545917692,3.38393061955852,3.71306351015869,1.87357647297416,2.47476308216173,4.21481196743927,0.841227332413292,-0.184798165030254,2.36369837443849,4.70846238104252,3.21089414846813,-1.70884523452709,2.97197137381515,4.40391411753628,3.81713018069004,0.805694997574877,3.41674406385282,3.14364019000926,0.237046567768527,1.12270011747749,0.807318215954211,-1.18228266481044,0.506195000429919,-5.28586914397007,1.54151615642566,-1.93247206797447,-1.5007015535658,-1.36486525767537,-1.74843805246119,0.244099721899438,2.78250976327352,0.912731842151629,-2.45156321123188,-3.17933072018946,1.15235250978323,1.4070118656664,-1.21160241379341,-0.961228653979051,-2.5146319973609,-4.68318917305387,-2.29399216870696,0.31656678537969,-1.94807531125762,-2.079580678314,-1.12520172010759,1.2472633951891,0.697119955838343,2.28122318056395,-1.97883367335665,-3.44357392412119,0.749953970014228,-1.96137581228487,-2.26936404874774,-0.228420973121436,-5.37287879153819,-1.30870682047611,-3.67883751249735,-2.12727973610439,-2.2622058273048,-1.26265477368509,-0.0335433009007106,-1.07819635268522,0.972311489369976,-2.81220514438145,0.817368919595884,-2.16816773740746,-5.16828744083661,-1.57097979640276,-2.72059337436613,-2.94080449165051,-1.58412606120174,-0.751477575927519,-1.246156186413,-2.82480279987362,-2.16781005810166,-0.593345875343767,-1.26982530278097,0.660184031757704,-2.03615370886172,1.31658966794152,0.0558641040387715,1.84194081277625,-1.81738776715733,-0.554753396843983,-0.714852974336056,-2.38047318043424,0.916805903441748,-1.66591864801393,-1.40906168774426,0.294017248063758,-4.09457498765459,0.405310666787559,-1.96341085608148,-0.240487306157246,-3.8836904227134,-0.229689624662016,-1.58008850285896,-2.53832894982729,-4.74808561049367,3.26161112009799,-0.414666604084748,-3.53861363822973,-1.29685633175472,-0.442927531749409,-0.919509755418446,-0.565985704207891,-0.745924447233835,-1.07756036421757,-4.45074325826225,-2.45579448809973,-1.38762631821653,-0.316156207075437,-0.139989335623583,-1.09881050574229,0.651683054995573,-2.6743843583489,-2.40927459700085,-3.24171712764675,0.640146155195711,-3.23441428440572,1.54816945226242,1.26131370462816,-0.271264312762514,-1.33824930001488,-0.522805710726786,1.25550212811373,0.0506712923541435,-2.49394332248394,-1.3795181556488,-2.70686681406108,2.25775072073916,2.69648188127183,-0.8699104529485,0.838688272935491,-5.39750876914271,-0.948583695102461,-0.66002074445038,-1.31996193465063,0.184299450787454,1.51927317653118,-4.68850134625045,0.253421222613339,-0.263625759205697,3.28672372450232,-2.1455777551436,-0.0606686996748282,1.73668501490981,0.384370289638107,0.817501127111017,-3.47018218804715,0.683368755995108,-6.18595062100935,-2.50750664023349,-2.72169808531711,-0.0647851463470048,0.541244152638635,2.89362465279283,-1.84718635995297,-0.120544787243949,3.046118810685,2.13426370610884,-3.92341852036974,1.42911888782169,-2.00131895975687,1.48132807118952,-2.26305061515383,-1.23840672871941,0.655151993460129,1.4897743145451,-3.90380518433365,-5.54238842143736,-1.44458513036548,-0.591209816137421,0.251265145993292,-3.11217203465262,-2.42463550702813,-1.03426609874902,-1.35671693070468,-4.78944304600303,-1.74594991527614,-2.69599393333954,-2.59357203515892,1.16772813547762,-2.93591226788849,1.23698720471046,-3.71319276459663,-0.631573312904732,0.369512240104389,-3.50709585678893,-4.52050263206183,-4.51621943626047,1.305062291073,-2.32976163808455,-0.739685272872211,-0.873200587791811,-0.816551194321989,-6.51690691858275,-1.89786593262672,0.0937296646898691,-0.210105167395019,-2.54758185752058,-1.59364278511994,-1.33841878164212,0.373606608232631,-1.45009988438104,-0.646471338230089,2.46369513744983,-0.901394930790491,3.53936035464228,1.31976037720143,-1.9939950584596,0.580839357495213,-1.68428522139321,2.16387065815039,-1.48400246228495,-1.261867743787,-1.58801352687589,-3.79289144214915,-1.59072987263856,-1.55729692330592,3.41740160622765,1.25798421780064,-2.31092948174271,-1.32753064812756
"53",3.94526830225313,1.40500170419477,1.4516383015919,3.63900749121814,1.9556659049383,1.95664360764038,6.08560961203978,4.04833364941116,5.2797679163882,3.86217037211285,2.96359971993601,2.6471039048071,2.95034860309491,5.28368661865431,2.38677981039232,4.63273818940914,3.42257414572654,3.28770167034101,0.712997424656169,3.12544235633525,2.66566302487168,3.82489112235411,1.60551443677041,3.61056414008214,5.06639728293727,2.36747947619327,3.57717332789443,1.01460717991824,-1.20307394635004,5.0491612022635,5.55111828091137,1.74084698306646,4.51913127404118,3.64355638306269,4.16205239986884,1.90478913120416,0.420445206691861,0.514384609933777,2.1483868035907,3.62770646461952,-0.633755885827183,4.36528707816427,2.82722166693661,0.522927326587918,5.07995516862879,4.17972053204857,3.4400366208736,3.8671339648317,4.71093201699548,0.927154602393007,6.09834118574695,4.5148115934029,6.0888253934569,0.442027806563257,3.33687850831817,2.89810395136519,1.64440867447112,3.90532836805204,5.19118459834111,3.25761467377401,-2.28151195952043,5.5974824861853,-0.738205735841436,-0.233760412064052,-2.56370671695069,1.61598529505934,1.51570784665124,4.36320208191138,3.69980270809311,1.10066167034005,6.65489999664848,2.69355504310111,2.72115469376783,2.32002428651055,3.95790481113191,2.64617811738636,1.4749039539598,3.79951616737687,2.04554321013791,3.36586594841236,2.57086156804367,3.76574202965478,6.38499492287739,4.48928307622752,6.28219276586978,5.98684726170591,3.48982453824105,7.53554915987866,3.01475211523872,5.07343261759051,4.16802939701704,4.26665563507548,2.08365711153083,1.81980819332066,4.27287921092633,2.85883384751616,5.96786407446591,2.67123337781298,0.94940646780277,2.25397425544467,-1.67363900110095,3.24301318317391,2.97041771482632,0.497243293563546,3.88791917246516,5.71243098623314,2.86710744707743,2.10673852887908,4.89377785900523,5.16880399206077,-0.522065910079649,0.86675269071331,5.06471839253762,5.16209558942491,2.7600685880825,0.7799751716898,-0.420384501169548,0.345462243380888,1.02958794110516,6.33790735565985,6.86449288983119,0.379033189932448,1.57669639790006,3.85527958182874,3.31501881632494,2.11001878730617,2.63944364539457,2.14329549056628,3.20550441412295,3.96341458336851,3.4068382711884,5.6339031827788,2.39758569564871,0.663900364896768,1.26756960484265,-2.0845562532375,5.9732816018866,4.001370037893,1.98737050075915,4.58113374098368,0.920057461621198,3.53213812269357,3.06710789250088,2.34711596472201,1.67239582818066,2.03300310460668,7.3281092979317,2.73244541901086,6.654166094826,3.13835968773569,3.40401846823193,1.48558995208863,1.78806730610485,2.98840059168882,6.2965773259579,2.89703458606152,0.179304248465901,3.8949703573563,2.71952312501435,4.48290042445202,0.222300453771563,-0.0891202875013684,0.288073174277883,0.779456859388343,3.85542383518648,3.82414744213388,6.19897294351635,0.676157776210778,3.8150183517966,0.530706309740238,5.69101276298566,4.15226144743176,5.89868483507474,0.572160970774982,5.04250698673285,-0.266065577201097,1.1450727342149,3.20354787131504,-2.70445430755723,2.68579202428733,4.53449350268644,3.00625709661499,1.91816297855185,2.41932943613195,0.922991573699221,0.351107592752053,3.46587432932958,0.995224241362376,1.60241257874856,4.09109567302475,2.48881507209605,1.13633953042306,-2.0018975814239,-0.4336307332058,6.34890265126409,3.16075899817915,6.07666394175627,0.972720888650522,3.8031252424936,1.07392829103127,3.3257538397035,1.19715030137038,0.54850449428004,3.33867700957595,4.16021699186806,3.85807026544245,3.25740398266809,5.92982492383745,3.06469530843456,1.64199945075968,1.94946877420376,2.56207507121353,1.83207751140638,5.86568260737019,0.347547048486333,4.93748432921701,1.25434611809912,2.0156978940481,2.18601483155241,4.54525771986969,-1.1941179782041,6.53027117144606,4.92807889895796,8.46336316920883,2.95739659479391,5.69070170678803,4.87622225412444,6.88950979274296,2.71108234948661,4.57461255715265,4.22140064526658,0.540979631879563,0.553319828152735,6.08528697766553,2.92717356917377,2.51599378495959,7.77553087598157,1.42185511566642,2.21424731118844,5.49518461738624,1.68349322070012,0.0887374885646488,3.14123879456692,7.09230656403659,0.944555400085949,0.767455125094254,1.32299857186421,2.27857387417804,3.98575491681196,6.99608107062509,5.92052897069595,1.25813487426305,2.99404604548696,2.85151568124967,4.67316433967652,4.56113300215398,1.13453042853977,1.56648971139319,2.06911858137356,2.74042689318608,4.92388636052494,0.456045631477147,2.79962720119714,3.25873267215949,2.31741069767803,5.88341244003353,3.12665224303667,2.56879918056538,1.41274798970299,2.46097147508719,0.562875760740352,2.77528614042708,2.89378451628584,0.628214692380573,1.90894173409395,2.01605422955623,2.02431009440381,0.534648237400451,3.65594784521509,2.89856200481228,2.64870388062217,2.96900000942104,0.0937651156157862,4.51148320164101,-0.745368079463081,2.71132178950643,5.97403357408128,-0.0132622641023534,2.09048536472737,5.36941437998603,4.46489650485835,4.75080805632765,7.16630388632921,4.85943931344653,5.94560821046407,5.41986452972201,3.00764599778456,2.8026908543198,6.40359088860523,4.8081723878637,4.10889233776582,1.75459498836973,3.45698291428412,2.15753915780088,2.66204924120443,3.35923994204562,3.30414615731349,0.806174304739544,3.77449792159095,2.25023687029,2.59580433615071,3.26704700901344,2.70586749544073,2.88457911674308,0.32756671015574,3.06828949417919,3.75669296147298,3.80130397232955,3.40453381226572,2.25307204179757,3.92748456327716,5.35943800986612,1.78247591053796,4.40850558238253,1.82950259360259,4.36375795776071,3.09055496111433,5.26098975125896,0.24711449514836,3.69713790302742,3.38921215076232,1.74022511844636,2.24484050775979,2.77387467656526,4.33615225826909,2.97504024440178,4.16429746141036,4.0435929275734,6.6955319715365,4.20182580812848,1.15316388266161,4.93621189140736,1.95453893493832,2.21076544054757,7.14309059967188,4.34532232567818,0.933437990934284,4.43340604400224,0.975633203212351,2.57773291837899,1.93087341859614,3.13583359680852,0.998036339333033,2.06714701832917,4.01949840226338,2.12901408147808,3.41880993465085,2.76957556354781,6.51291014529255,0.317230269804885,0.802264101436592,4.91691874364484,4.80048757870977,0.170564007444554,3.03034122834797,2.76682118799271,4.42357364773098,3.14688135042001,4.48536133515675,2.02085628921889,2.90978126267923,1.62449105864399,3.42393792575046,2.7007141529631,6.76630627766325,2.66398625038414,6.07250843972101,1.86842785450684,3.42423522661903,0.0227557193313634,4.23430399668187,-0.26100926769408,4.72962415753362,1.44029815837775,5.02501484249782,5.84491751746186,3.88497582473655,5.90506654530585,4.48530704179146,5.97227889858493,2.99815670200822,2.28382105329266,4.39298319475535,3.11447851546145,3.2046109652775,3.80213557567523,1.74994340064523,6.19574885263381,2.84219729556747,8.55772950317381,4.15563560506496,4.34488006783472,3.91137055151257,3.96007170768524,2.16206011848729,1.10155047834769,6.15972347976338,0.531521702335748,2.33925197225563,2.97621261029123,2.48773514700104,7.4098170511487,3.44928680289056,3.13718587808806,7.43633485081573,4.90966492326072,1.00610583922241,2.71660174603477,1.36431297118743,3.25609810662067,2.04234799922482,2.63745744262143,0.414755701170792,5.012614383026,4.59259029111585,9.16194784181524,2.70738016668884,3.24772117470343,-1.01795265821786,-2.18198231991741,3.44214164932772,2.37679483697045,4.52574286725205,1.90533668384555,-0.821798916016345,4.13567394921398,0.547190207998928,1.27352551535531,2.57638848053957,1.78887076514912,4.13706773801445,0.0832554493178015,-1.58020758871974,3.0816549280708,0.588891795154068,1.53738913439085,3.6509821488663,4.11389597268525,3.57967932336618,4.07864565732594,2.50301364573409,4.31017612486385,2.30930939423466,3.32876302949917,2.22544421343033,3.01039214162825,7.44170836812057,0.331236866682531,-0.352310180897957,4.28161961273736,2.17161575091234,2.35773372186855,2.2579105694386,4.47637218723963,3.16394250624696,0.164461057851894,1.85051358927485,1.10175417016495,4.66885762978881,-1.23817678788779,3.40674957332297,6.38093365875375,0.908959549641403,3.34706501181467,3.86073529012008,2.33553673744275,5.7811931193226,-0.831058190047631,4.9651119319341,0.50646360199368,2.66122646054621,1.34682362572563,0.573170649824042,-0.255094837491556,3.58969574647573,2.86375042934242,4.59794056479728,4.48473490360202,1.46313861656062,-2.83075711895966,5.49179678102305,3.80682169382685,3.89392988104755,4.5937642277613,1.3191150491086,2.47307268203891,7.30488321161575,2.03444919613178,4.40177382767535,-0.0270971955914372,1.7005309765738,4.10332035922984,1.3852757995339,5.14795531777949,2.80469191093509,4.19822752801731,1.45663092430034,1.52980627867246,2.84342843061903,1.57088942559554,1.80442218026932,4.3191161680241,8.48062808475603,5.66601750525588,4.4814810144414,-0.595627378633523,1.1250731716116,3.80731690599274,2.85600533279944,3.5868403979344,4.05648492958902,0.0880307819836395,1.4762310845599,4.57938062151533,6.32864546201668,3.39809675520262,2.08543543664542,3.26373282803903,1.68376047571637,1.76405682061786,3.8547654499872,7.00838095434653,-0.101952752123585,2.14464810238588,3.17236108064689,5.85825484986944,4.8887715100274,5.95462845986843,3.52500256923468,2.35010298336697,3.36633335335035,4.0256761262791,1.83687522549396,5.59230853929054,-3.79362602171304,5.51375841565116,2.74761292609478,-0.920657186416967,-3.39180723785972,1.0772341290852,-1.67106390973307,0.322908280154795,-2.95168739616179,0.312346695659957,2.84518012431242,-0.297290952406623,1.79143251173236,-3.29626957379501,-0.833492587306834,-1.58280593607739,-3.98286801349907,1.64667553418545,-3.778081492006,0.292012438082948,0.545379304799537,2.92861225283087,-7.40250123625736,1.08773705997585,-3.29696321324689,-3.61571282240703,-0.0995993153569023,0.0747682791082511,3.64894894756259,-2.76459373500929,-2.98035054776091,-3.38156165363967,-1.41958739296795,-4.15275473002211,-0.22633581562363,-0.958664987594805,0.774708220159661,-1.69946928217227,-3.62075801386605,-1.34224765384143,0.0528633761747814,0.588444002436085,3.74806881389208,-1.03135056214658,-1.27972230696289,-2.05037768495833,-0.614985025768363,-4.64115490990169,-2.22334564206799,0.369957685255619,-2.60599948746334,4.1579831263432,-0.467263531887297,-0.756228274966623,-1.05687290914103,-1.11664699843528,-3.80641213921133,-1.37716109671405,-3.14776390346241,-0.31316226939104,0.204916711793373,0.90226180691592,0.738601248865512,-3.7558831713309,0.593709792111228,3.55359743764261,-1.87693767859705,-4.04982689559702,-1.8486542448056,-2.76867959100247,-1.13652466944083,-1.55215055277044,0.790765852279703,-3.34109980290157,-0.519066838197942,-0.599804427606044,-3.69335534774406,-1.42184971633365,-1.19065560633944,-1.27461363852037,-0.78052704896593,0.146921330866316,1.96675729677544,-0.545453908015016,-1.46508568219062,-1.50055329575398,1.05017274035974,0.266277863382714,2.85947654567636,1.51233621843456,2.02651873764764,0.220892764782967,-1.52602990771488,0.389559487745929,0.260705477205969,2.46776971389084,-1.88244643881125,-1.39911912599857,-0.215502921345699,2.41458820007174,-3.01378573355809,-3.28278685705066,3.05246654784521,-3.40954316514437,0.548051053375544,-2.4020840239797,-4.99361723256492,-0.483775996352796,-0.559953251148061,-1.78967496010047,-2.52461443185132,-1.88801759072146,-5.49997068611563,-0.771083292692661,0.278850517728078,0.990208282033975,-2.92278005644771,0.815877124403656,-2.88642095806277,-1.30528530492442,-0.994358285950698,-4.05669824014826,1.12998695925036,-4.26181269662585,-1.31279795259713,-0.0984650635133474,1.67339309642212,-5.33489088897397,0.970004182657243,-1.1368240667977,0.596744342967527,-0.293287777379503,0.409051219361458,-0.0226877927839085,-2.8115616659711,0.0725396152156432,-3.27518333453448,-1.21439574496626,1.86170500385025,-1.65964890706571,0.851590452858187,-1.07658020895983,3.04311320287873,-2.19572160958942,1.93030662346161,-1.16427508405194,-1.26791523129649,-2.40449479614293,-0.308661417023711,-0.401356511232154,-1.65734667862805,-0.740640993701037,-0.0489835445343501,-1.58385732616713,1.09798134115584,-0.056614832403094,-0.934363007139643,-4.00702276019665,-4.05491045175997,1.31851850705287,-1.63698964222309,-2.23201026072803,-0.0811960638521853,-4.45023563381226,0.690096936348479,-1.79562217433109,-0.749756265553452,-2.28937527753379,-0.618358983850219,0.85489865869947,-2.01261174144979,-1.18845177564913,-0.489043783094145,-3.87170608782125,-1.45657974286824,-3.72547306073414
"54",2.93689343888662,2.45633414003329,-1.51322663349177,2.8020269137459,-0.0282133443722522,-5.1678301069423,0.753443909645773,-1.02023043528172,-3.41544913684941,-0.718546284191035,-0.712157423009449,0.438608189185784,-0.290263343205354,0.943123037318297,-0.64501869525419,-0.917708589646932,-1.49488455035942,-1.94431495270577,-2.85178213311025,1.95611060545624,-1.11624298051944,0.600527051250494,0.218804615450254,-2.67575885957601,-0.2912756102065,1.40272855754948,3.28028212731932,-2.73453461237039,3.4856954778553,0.373016863085319,-0.759999101734404,-1.58799644390245,0.445598468937958,-0.946381228454926,-1.1844757474754,-1.80083070196631,-1.76908173466818,-2.30438242341709,-4.28372231315264,-1.98281153896376,-0.120936300151897,-1.26265842700163,-1.30501303049734,-1.52445834984326,-2.1552226414424,1.21555332240801,0.519182410077942,0.615388268845106,-1.73252612235199,-0.722786190371275,-2.36128906258671,1.68460907821489,3.18777372128309,-2.56601104950974,-1.06314808859749,-2.87207909357689,-0.0213636390217766,4.468923660703,-1.79957040015523,1.3037689476762,-2.62551306638592,-2.05636742035825,2.47623447994971,3.24300009331135,-1.38855239832928,-2.04580497024879,-4.88840108383077,-1.95593281308011,0.155997856355125,0.0368332148402519,0.274369538624616,-2.01578233231242,-2.9134714072249,-0.695682976919261,0.0800487214647903,-0.0130738406430559,-3.0034662307851,0.968203987128895,-1.58460926219128,0.139906212131876,1.85186371200369,-2.38358853909022,-0.00468636349816731,-0.574729776475099,-1.91683193335068,0.676333384508927,-3.0936241107601,-5.01974797365368,1.90350061060224,-2.76596573739862,-0.378760455020767,-2.90377856847244,-0.240195885220872,-0.21450407713143,-1.78042553052866,-1.47536898495372,-0.961684485169105,1.36587466840592,0.464001475572795,-1.53165926672736,-0.111143408917894,-4.62192974564207,-0.714116595004558,-1.58675825288932,-1.91089524137972,-4.09491529077026,-1.95751634448157,-3.62146045848242,1.36125137663019,1.62361754624329,-3.30446033359694,-1.93758406710266,0.073510064119011,-0.341973143742663,0.83231184663046,0.0246352086139892,0.777249428911267,-0.42750954978763,-2.8100192735246,0.684107032395817,0.86633303726469,0.0595965554463425,-4.06800956148426,-5.03718396365927,-2.83030373337536,-1.03764031476362,-1.2687120127231,-2.15655613835825,-1.5794809898834,-4.45602301034817,0.882720897010445,-1.25649867432524,-2.12476315281853,2.16842189361021,-2.14727870574881,0.103323769152477,-2.87488275237884,-1.23872986028963,-5.71723743512903,2.27193738379002,0.50793743142031,-1.01694436234534,-1.13605305440143,-0.324888363869532,-1.44205644212429,-2.38882229348431,-1.10780309634433,-0.0438252636892486,-0.318476794411333,-1.47336825268361,1.23514865244934,-1.8548969307259,-3.71651199221521,2.16048909505649,-1.99946734148183,1.08531871179181,2.38237198934335,-1.42923454431318,-1.98903374632227,2.19630430966012,-1.70543912210938,-2.28886659240863,-0.745203894272386,2.70702435508129,-2.59188677201519,1.0866282931994,-2.25677702293759,0.839610617444198,-3.90283060478914,0.0616266269319923,-1.71063396521846,-0.580313406277523,1.2758783625187,0.354234319021454,-0.17084164009817,-3.29946021350305,-2.79415445816697,4.88832453636372,-1.58248257023764,-0.553683425719027,-1.55686399507849,-0.681880092741633,-1.03271930621558,-0.57873076202529,-0.20529248021384,-2.41099311167918,-0.711883858039116,0.29712452883094,-1.2111278352565,-0.792767225638646,-4.10178767782664,-0.477818221445377,2.06652230386923,-3.925698511797,-2.16744711171719,1.06859645615044,-2.19374490804745,-2.26585452071392,1.59889601829725,-0.170666546925485,-2.42504370192811,-0.742783454309545,-0.760503554164137,-1.06942670099345,-1.72428948353427,0.611862827240702,-0.456715462709847,1.32570286750596,-2.47326843913984,-1.14965837000815,2.52219372660122,-1.07103016239894,-2.23908465540812,0.967933723960966,-1.87179965438889,0.69315692858625,-0.90070720011817,-3.6585740184394,-5.61934772567529,-3.26631835105937,1.20275992986439,-1.76625031316627,0.74897393554421,-1.51784979458929,-0.233955176074002,-4.46411273661118,-0.203889143136182,4.93563979475882,-2.65555955640835,0.760667013143704,0.489581823689456,0.70152883384712,-0.840698339859243,-2.81058770994232,2.61274842602175,3.33301853186937,-1.46104329341769,-0.252434996795595,-1.99972191760511,-2.00097381115126,-1.74831061028594,-1.74169228843709,1.89879194732227,0.58830379900429,-0.0973847494569217,-1.02516092852472,0.779137610076973,-0.691580687683896,-0.36815809067676,0.159636372205699,-2.46224520282811,-1.66847403913089,-3.52537693217718,-1.36408795721046,-4.13089935014013,-1.38698085301187,-2.28625976266751,-2.19020379437558,-0.034760312232766,-0.663122261911629,-2.87193668149012,-1.3271168157575,-0.78942376826519,0.321724570949305,-1.67787684255316,1.35452319790877,-2.53409511693563,-2.21833312439834,-0.0884723727055391,-1.94116447196564,-1.64139103109362,-2.03044385366396,1.19271106618366,1.26418995464059,-1.14586215511047,3.69702478057163,-2.23600993759213,-2.79007213816413,1.70013743061987,1.57710737657205,-5.1353425348362,0.794777617674822,2.40379921470186,0.521725518334394,1.64113711690344,0.0122737136993289,-0.647316374704427,0.0282580384427453,-1.5303807120525,-2.95374245941989,-3.98525157822329,-4.17818173183525,-4.25062211867445,-3.11237051479211,4.12636831729161,-0.963597998201725,-4.09601622339751,-2.83793301925866,-3.46438018098928,-2.70395782459709,-2.58669056474331,-3.97210056061474,0.684479872110767,-1.72840611143059,-1.95020632824693,-1.19795222921948,0.522234758510234,2.25564971626876,-5.56533455517433,-0.653174744798104,-3.07909686524924,-2.00034935353628,-2.89563970791501,-2.35064194739425,-6.42136500577485,-0.137355225338761,-2.02251701135124,-0.727926288193867,-2.91234863743586,2.39739494435046,0.446123826894742,-2.8351907925552,-1.69883492511791,-6.10458685902435,1.48937362749506,-2.4657043511371,1.37709599294983,0.191219741219827,1.18383885832509,-0.748592375497803,-0.278223927640595,-5.60648441458298,-3.16854599107444,1.34675451904392,-0.818303639020208,0.00176949725367304,2.46851751767824,-1.98101634460944,-2.86461194441589,1.919921493027,-3.00507285029135,0.552050850394674,-3.07867074124695,2.16936018269437,-0.858078930817062,1.46757823740055,-3.80201939709164,-0.941942603224909,-1.97016796482155,3.13806627599671,-1.24204814190705,-2.46302703843812,-0.938230881780973,-1.86366867548363,-1.82724098632276,1.9196853628207,1.82209368878779,0.909890687719162,-0.127997751238017,1.56986525016798,0.366513880332565,-0.332429117642618,-1.36658929451721,-0.690668380194368,2.05343652967407,-4.11223951683395,-2.34150397811517,0.647365806546631,3.81717296394752,-4.45160247233473,1.20532893625588,-3.68792911516602,-2.07340348889431,-0.0127301107236556,0.113738036112729,-1.49325331123727,-4.90139313638349,-0.549725798805055,1.36687159933409,-2.59963645816916,-0.837920370740334,-2.48658444937121,-3.60517729674501,-0.863129471825368,-0.171441615336458,-0.774471997489303,-1.56646621280776,2.84927588249815,-2.7719980205722,-2.49781281558307,-0.0547594187514081,-2.76727868302648,0.878659107880209,-4.2768161735781,-2.46590141819483,0.275564714885737,-4.30314528891727,2.95943398660955,-3.27191447863483,-2.13751817134896,-1.99384707711531,-1.34854411370503,-0.644273673809389,-4.11323544741914,-4.86935979187418,-2.36208125473208,-0.644851853371188,-0.878560543797012,-0.445691945231873,-3.70888364704388,-0.623868965932726,-2.69415103471551,-1.4610410910539,1.84888841913344,0.133699105733718,-2.62571097666035,-0.590614637348188,-0.421291023470631,-1.72730796616459,-2.49092395358851,1.45810726038015,-0.876706162366655,-2.28067948922407,-0.826723033035889,2.12525915727209,-1.12837648780887,-0.296193636995229,3.43132873572632,-1.97758064719485,-0.959099981729616,-4.40910191621439,-0.434094120289916,0.356940465757598,1.54210727244602,-0.666368059129489,-4.77418580298031,-2.30077886195503,-2.39025688684351,2.29521281214258,-0.510841414119074,1.05537251530287,-0.13613595493282,-3.12142013965304,0.0219487300173018,0.0733497963107412,-1.62881840396825,-2.89190099195145,2.62015876185364,-1.24580796371585,-3.10100203574917,-1.35559415222213,-4.78161367014751,0.702293275432708,-0.695341934677907,-3.50557643221769,-0.492121693848638,-4.53479315553308,-1.39977471020055,-1.25206930511395,2.0465156034332,-1.37279067700753,1.62901282992455,-3.83959558626224,-4.73396314872764,-2.47474931046735,0.0692927722839196,-2.08229428662042,-1.99113762303185,-2.57226648408418,1.0040572060625,0.0249323850981431,-2.31535564932251,4.32344860235226,-1.91979314850885,-1.4037539970326,-4.25120644120088,-2.6393208542718,1.99907896460368,0.905625830537579,-1.89983623627937,-1.0149878280935,-2.98068115715673,-3.37111218478098,-3.77154784137645,-0.205108666019503,0.028973540142502,-0.908895900669881,-0.748500588118584,-0.564981475604544,-3.07360331244822,-1.69284211743167,-2.27031196311183,0.114780775723229,-2.07025343172745,-2.69184036383366,0.782025766162224,2.37979599559025,0.0880603731008405,-0.528091488107555,-2.02986779873461,0.583157667134315,-3.36896648183704,1.06612930020298,-1.9583005048621,0.327377365200675,0.91186730395754,-0.525199374480948,0.0326128144367599,0.644476707687969,-3.51280619667108,1.40513498207542,-3.29867047725555,-3.46067005743535,1.66434236309547,-0.552838810883479,-3.49876794230329,-4.24923903688626,-3.0100359560131,-0.329525880287792,-1.56074511446409,-6.85306482259213,-1.93680923944624,-1.89912032168125,-1.91086811813157,1.1890338040319,-0.656138561195524,-0.382489211809744,1.47531796164772,-1.60790396189188,-2.75561397298362,-1.60989281085635,-4.39860702302327,0.177346924014554,-1.45480455475012,0.389088802633245,-1.70041355928797,1.25369275010158,-0.162526751471855,-1.46034985906846,1.05491774009007,-3.65647187453255,1.06636375349228,0.0242767340509553,-1.31434461777691,0.690226309835926,2.73487975708749,-0.371034763500151,-0.400581380469451,-2.78306653574884,0.870944911205326,-2.83608689897293,-2.12521329215371,0.239183286307918,2.20384889145035,4.46454287471319,-3.10469933432218,-4.50445766059906,-1.32303476103438,-0.207436802566612,-2.33959299448441,0.739388805860943,-0.498367017601485,0.527400850294656,-2.47807639062288,-3.16639940842123,-1.5167633894879,-0.671888425780132,0.641726447909279,-0.419153136756969,0.864917205793568,-2.21812908123689,-1.33495307727963,-4.36946864073658,0.18949592912755,0.143986948184604,-2.46428288383193,1.00601825359125,-1.70622425699357,-2.40671649095375,-2.82437684921352,-0.144759059076213,-1.53506342907898,-2.7767531769546,0.153497756999214,-1.13120652846891,3.40066489631112,-3.43580228659674,1.26150393604461,-1.45702594835647,1.42088941159919,-2.67516004165854,-4.89425974813152,-1.91309409994389,0.830419423945227,-0.971173609175642,-2.02501731613043,-2.52677526545929,-0.913497108024818,-0.539585445456005,-1.3078588895816,-1.48325731739427,0.47311217104598,1.87339081223652,-1.52503994578142,-0.263650828372372,-4.32976219063237,-5.26660041501468,-3.03224796806078,-2.76617205645839,0.355498717247174,-3.37413605281976,0.529182885170235,0.77133827253447,-1.61221979518192,-2.6286257767667,-3.51554072801487,1.98570300274632,0.268507584867532,-1.82403432986967,-1.55172088740957,-4.56751590160337,-2.52148637060035,-1.80254149565163,-2.9514054171801,-2.49126626610665,-2.85426263913735,-2.61954417792978,0.135288861181064,-3.34866552897364,-0.160202061039675,-2.75100723972504,-3.05695851984903,-3.18868571541446,2.63518146368531,2.24564394323563,1.39090264617396,0.764926816676351,-2.5096895499341,3.1652229748073,-4.26899029167501,-4.54066509607424,-0.0519320210643379,0.39168016059132,-1.15426282410182,-1.30030183620568,1.01276813137444,1.09596067060802,-0.514065487088702,-1.62815027246411,-0.579370188853338,-3.34662423498575,-1.82078290436381,-2.01142272236979,1.62154867518409,2.0023623975917,-3.5183956958055,-1.97568552283941,0.43122424966162,-0.820697246688902,1.11689762861765,-2.00857394537758,-0.861537386140162,-4.7398969548106,-2.79322623575071,-0.653485142488211,2.10628640333386,0.0937906703904432,-1.27904084537553,-3.3098216640104,-0.910457641846955,0.198938462928517,0.88016583347658,-1.53900433434308,1.03851445107849,-0.58148236415954,0.883723024488824,3.45839885127003,-2.84573021948888,-1.65974553962937,-3.31386238905585,-1.87977846197481,-3.53344262708574,1.53042411656625,-2.55540468626504,-3.69472907566389,-2.59775381784636,-4.90460133980497,-3.00633078393616,-6.0034434232352,0.118416240651341,-1.5904544845045,-1.80166597773478,1.21720078441088,2.02223199945389,0.918734565390274,0.350631841725799,-0.750438892149292,0.620390662444074,-0.946899850336697,-3.21517149385186,1.86207813934247,-1.10300898448274,2.92878407605891,0.0742728843648166,-1.85927740056795,-0.424170099476908,-1.5872915325868,-4.34256990195234,2.41644563881521,2.69872108742906,-0.116762012739283,3.54658866313641,-2.90193810701687,1.34518581784039,-0.527173852243392,-1.72442052303312,-4.01538111565673,-6.20761939744455,-4.90172565681988,-0.355762874058493
"55",0.904432054729195,2.23834763593541,4.11750658441602,5.12458744241287,7.3740692533603,-0.109452228908693,1.27777789067975,4.63449826766889,4.95121546970544,1.82586422970106,4.2422888327642,4.04534763360889,1.05644807889233,2.1149510095198,0.00381923880610735,3.83123929089389,3.61280610939145,3.39037512534022,0.78063182787149,4.00634229245732,2.808142469094,2.09482132601938,1.76809278625136,4.28130128207608,3.79630321194106,-1.6327228489956,4.80377712939848,4.03752852137458,5.73151022404948,2.4138893921185,2.92776355267711,4.38554673644073,2.16557167810008,4.93424267745242,4.46345800144996,2.45476827237692,-0.58459998168394,2.19075656132563,1.40174028888686,2.03444300809439,4.84506809931522,5.32849437901226,3.71798460711401,2.53039334214106,1.61728368979227,2.68826643549533,0.692234054161637,1.94377886475362,-3.7397961939871,0.0273013276429346,-0.616684337486939,5.57404363492098,0.433379978308412,1.63121086943208,5.96399579519705,2.74647500714624,-0.638511058763969,3.60936064189562,2.61136183192925,2.96593200733236,-1.91872768504075,3.75518616820311,0.00542793339707348,2.74110918263929,3.42269177433438,3.75738162667045,7.10889190075324,2.31677304735923,1.24027596330427,5.79775149172012,3.16020686914194,1.81487751096226,3.34327982025469,1.51666431199085,4.37398024966179,5.15080524242762,2.31164077597989,1.77155119446217,3.60292171686027,4.71703635162477,2.31564614094425,5.10069617105475,3.93095951712621,4.17565338669564,5.93661692210047,1.9327348160751,2.31731804381019,1.69028336729622,1.69178672808785,0.51619282923909,4.16470572993387,5.66399265708585,1.25178699451063,1.9619060039084,0.587617787365561,3.94270375816838,2.64773251026426,3.51980206834996,4.13143834098984,3.36951008149613,3.66117669368141,7.70076541849255,0.506071080810955,2.7087267139669,1.04033281239907,4.0381154719858,3.73022437936083,4.18298996281588,2.38409469392958,0.684412831665301,5.13627483174725,2.57177124486771,4.96312962630451,0.0748541752509908,1.10880599820571,3.72295965914685,3.8537723880648,3.24733214745806,1.99183460759936,5.55587924008123,1.44441907839936,2.09307730409031,-2.2255398552063,4.21395127800271,2.37010343491369,3.12936964766761,3.1936087216782,0.1373177249782,1.20454957342156,3.09471216275157,0.332796063168186,4.93986451482007,6.64694802466019,2.66545029545069,0.360520149655307,1.62013347903155,7.16743357610359,1.08160191488665,-2.53456617213326,1.6806012994291,4.84752257064074,3.63707710131984,2.98761971901287,6.60593974583185,5.33323043466874,2.03317982454467,2.59419323446025,0.661380798570718,1.74757953838248,1.3694237919239,1.43412618081272,2.36022442848699,2.75333991375585,4.55950906874658,0.529495718264321,2.4261079387382,7.25384833965481,3.48992799495862,1.05686555032857,7.08893295756475,5.95014565855716,3.38737370875373,4.37181066723482,1.52663632828526,2.75659045577993,2.98517459785481,3.44270888033848,1.45458268670454,2.06493815589235,0.972627593660497,4.92483719660812,3.64167282715998,-0.206992310668961,6.41496488562343,-0.434869547135262,2.93416462510453,6.16712721157033,3.44135725102642,-0.256007286219682,1.97075910216726,3.71433322496082,-0.864534013955268,4.77792638049532,4.21252514672841,6.75909714538689,4.77469815063954,3.08591734101238,4.90147027235978,0.127992416379134,1.61590878765811,1.63079002996187,2.95001506524324,5.38440107323945,4.45693048019594,0.948451936616351,0.827169512820905,-0.625215765356066,1.48456416592768,1.60483681429209,4.04331567588483,1.72204676152479,0.378682283398579,2.59898218408754,2.36812541986425,1.96169432888677,1.60331309659065,-2.08512890456087,3.71196022729433,0.161855166901183,2.04069396199857,3.71906642988599,0.814732268815308,5.55567986893371,3.17800947098623,-0.29613418069223,1.65913355365194,1.08692234161129,4.04016196724803,4.50818634011893,2.26953732993816,3.03507392873556,0.144203724994858,2.41998944491545,4.82990670584959,6.09578754678531,3.56305419971144,3.76059883899277,3.45026676409853,-0.175686620531431,3.17328495518862,5.5568423325162,1.16584952571588,2.11321130383842,1.95751094582654,-0.5499031885895,3.87603032258696,5.58685334586172,1.09614883703293,3.22965484177897,0.987976679199575,4.94112161446128,1.18101296370094,2.82030477479648,5.49987164733073,2.3308650292121,6.09011072419863,5.85903220077459,3.35054146538942,2.39519593976357,2.17610883645717,2.58922184625432,1.66804672336152,6.21527208321197,1.49764835977961,1.944753092518,3.2438283610057,2.40922337213798,1.73408192394577,2.41173203602375,0.12165138934161,5.28253794978709,2.1070597615158,5.4454114191475,3.72797394655208,4.48354793628211,3.1532041913147,3.6927285299972,3.48463808945121,2.82474726408542,2.96941108459683,4.38602900517656,-0.287709523277911,2.27019585576998,5.84154864687376,6.41667985462901,4.77326782451167,4.33411660277955,1.94767722511624,3.59984374329019,0.575938428278872,2.63600198977867,0.150187614524921,5.69589937734317,0.933822689954336,4.5158289533011,1.27473226164978,3.82272349604613,2.86780785228823,3.17141262867802,2.84328940500029,2.85801592138822,1.66115698038988,2.67283700878968,3.50638366050468,5.84584142244194,5.56583099217638,4.8415581267953,-2.70670422860975,2.54400725817272,0.868873200393631,2.90982399814119,1.37769358176726,2.78199126231585,-3.08344032687258,2.27005539613619,4.54944174807846,1.59186041824805,0.452524511617344,3.54200325213357,5.36244592192523,2.66223056638953,5.35817828658696,0.768945014630986,3.43961649651198,4.13772458798967,4.1139572747004,2.54098510876067,3.52222160095827,5.1656826517511,2.80228174275237,7.17738515455603,3.32292547583972,-0.273503188253327,-0.168351574066981,4.11815631391907,2.635012684349,3.81430521998221,5.14191726867102,4.14744659883875,-2.82490823115843,6.42916200690505,-0.149132978708838,3.37348406281953,1.61624885170751,3.25810221818942,10.2394969740015,1.16652752908408,3.27488987113691,1.25082591443761,0.795981775907029,4.60186414548164,5.16507360514562,1.99533543329555,1.24554656886758,-0.843532121015399,3.56098574595622,0.362908923486232,8.77744639039461,5.98939546132477,5.11727805686414,3.6481475817704,2.47104853814285,1.42858919591006,1.76551895362208,2.01712381214161,2.35337086696046,3.31582995490047,2.78995536032554,-0.654415506092544,2.77795597919395,-1.09424381341016,-2.94760123109706,-3.73161931413662,2.45554258957677,-2.79705105129112,3.74400746870286,0.225644850404502,-5.696776310703,-5.64533458460584,-3.6362114852902,-1.26913827854482,0.953312306298692,-0.73805216589222,-0.42446008667791,-1.83259906119979,-3.38659710391308,-0.3235963941983,-1.31157530325845,1.11929937646582,-0.105036724982744,0.779082473196923,-3.34162362288223,2.11202128568379,-2.75923882275305,-1.948734053273,-2.1894160728294,-1.11505875214912,-1.31189371847726,-1.8256007935808,-2.10401914742747,-1.77168118931545,-2.63071053989345,-2.93928358370934,1.28908957854096,-0.0869904218915371,0.378269795987375,-2.44723245045028,-2.39866121871639,-3.1944142310933,-0.595810538178986,-0.133642733360445,1.14807736512869,-3.91428886051037,-2.62558321921046,2.94148470248474,-4.58485761152713,-3.14747970803205,0.5135038654027,-3.93669906796422,1.13324197689625,-0.504011786999347,-1.41417964924394,-2.58819988275382,-3.85460732959086,-1.09374092446166,-1.62892183938225,-0.652740744518701,-0.785267755818761,-1.33234357156888,2.80374697971296,0.422752213410073,-6.71431072076554,-3.30103464456281,-2.23322106504477,-3.71310985227054,-1.3903278452773,-1.57523737467118,-1.66886979811623,0.206684591020037,-1.98620452148674,-0.141318920317024,-2.35232200297831,-3.38956704474527,-1.53809821358895,-2.31028310181549,0.934117562303102,-2.33745586853172,1.98428431523598,-1.89115833585856,1.5453937554701,-0.758021751258215,-2.73879981235711,-3.80750698330685,-2.15015910896774,-1.33299701570771,-2.57791137394762,1.97622074982637,-1.56589796221969,-1.6898207657979,-3.34271865377627,0.445104748717273,-1.30026223287715,1.49383704636705,-0.373920081915073,0.589308528741647,0.0945995900532524,-2.16547240023749,-0.0638413155640739,-0.0748464524242147,1.32184866332069,0.912475872702567,-0.987142160358439,-5.00103512920636,-3.68416250763856,0.888892656706434,0.0886206089590689,-2.23656406934029,-0.0117919393221786,-1.24369476266126,-1.77297893023356,0.858918074222524,0.784167426079642,-2.13948858069388,-0.336550139462487,-2.31896087640456,-2.34409380846386,-2.91175265682378,-1.02112736060656,0.801214131782521,1.82674111388131,0.119980870756699,-1.36457281327935,-2.38155485990805,-0.865965600118962,-0.226434884474754,-3.27127527660356,-0.623220388409519,2.69900042335012,-1.73440836513494,0.953176427032058,1.62831744246661,-0.699989873616041,0.514197543672763,-1.6627688951248,0.255386777163377,0.140758505151345,-3.20529679444289,-1.56401812176067,-3.44334331514089,-4.72519212019332,0.589786240591256,-0.263242520703685,-2.02285824642438,-3.20545168841372,-1.20498152849387,-2.81170856796696,-2.79075013729711,-2.35822026425219,1.37270323898054,1.91052239131794,0.803613919436528,-1.47896933083504,-2.99376057708139,-1.22509023091336,0.573433514113339,0.939527520418558,-1.8722838685389,0.419857354712134,-2.48765677993117,0.438380710093409,-2.77322719098845,2.36828933243702,-2.7934575644935,-0.0377716240768966,-0.634094994620306,0.202512721614078,-1.25957480667913,-2.77113399524027,-1.54774676964284,0.940578027730827,0.803542363775017,-1.80486409715408,-4.52691915614493,3.87854180492668,1.0360947010768,-5.78689233836432,1.56159450708554,-1.03179276364254,0.76765900028179,-3.1756011571507,1.13342401703736,-0.0990666332305711,-2.4084262997875,-1.49938389841113,1.21837862286603,-1.58291765717085,-2.12195858080025,-1.31163114499329,-2.60269099585818,-1.36778937566335,-4.39686313510931,2.6395717123915,-3.09514721664684,-3.96651828135488,1.85293660069816,-1.61583476425389,-1.21329870488986,-0.277553051899709,-1.70730047500935,4.35130924729547,-1.44007612470913,0.675117020516075,0.516178067411298,0.331915469094529,1.76718858253127,-2.44240942375194,-2.28770638338596,-0.730549207330256,4.0326541617741,-1.11811750965848,-2.45333956104864,2.35958239655623,-1.29132976506087,-3.91324102672536,-0.548266912346144,-0.47313272921531,2.12417391284739,-0.873207857239817,-2.51283729232496,-2.95639575101084,-0.943344546246591,-2.27313446330974,-0.273610498649094,-0.0408172955629386,-0.422844336741583,-2.62465554293794,-5.60545799698033,0.408286344699696,0.169020669089213,1.08791884522683,0.17102326036425,-0.455301477787042,1.35013353645859,-3.53871990756702,1.17364495683292,3.47962579742607,0.754191812759552,-1.58374979125637,-3.13583321413681,0.67661684593836,-2.29998078865371,-2.9961284381965,0.289086361658852,-2.48623557788238,1.12559528554815,-1.26063414952829,-3.78547159437787,-2.90277519786787,-4.41780143085721,-3.41823149688745,-2.56072121191731,-1.03451953034107,-1.8189087534858,-0.720755584675632,-0.635255278279488,0.820951896048727,-1.86862813909857,0.373635505288562,-1.34037408960031,0.302096945502181,-4.05083439924782,-1.13103534113741,1.87959146627315,-0.768361585179447,-4.57367298694484,1.71011084703369,-1.81998064173135,-1.01539738988013,-1.80409668233498,-1.23534739960955,-0.875063646341963,0.0406166540477404,-2.62973489487748,-4.47172187666092,0.140132000028957,-0.823285741401006,-0.0667290619332896,-3.71939863104325,-2.54301629792547,-0.31497156546029,2.16060667797115,0.271582476832852,-2.45385014106961,0.728551510570896,-0.891297939292947,2.17998603615913,1.26581237749738,-0.950952904130785,-2.48448136212122,-2.22249554644923,-1.31703180452798,3.12877348147888,-0.855753153256202,0.904611805479964,0.0756057357235453,-0.236582447774871,-0.615579967687005,-1.83400559850585,-3.20919294371034,-1.81172235478937,-3.89280325819472,-1.44001655386609,-0.94849886903592,-0.0769491370173818,-2.25695163311115,0.405532536756615,-2.11594133764761,0.28223518938218,-4.53664783557802,-0.386073632545948,-1.50429779354693,-0.323365490232619,6.00493852091377,-2.4786612922937,-0.0857857249914347,2.63269030430903,0.0671169779704217,0.0705588048712422,-2.79046435015151,2.71490646861623,0.695413705835589,-4.66967837043351,-1.71336136936351,-1.78319527641954,-1.48499350023695,-1.43274843064786,-2.37898660569058,-0.731937231905143,-1.5028975405665,-5.09956418659935,-0.44612788477961,1.95170633676938,-2.58915526400555,0.652749200171565,-4.58015994582628,-1.25870087006564,-0.39522309429824,-2.72190573588662,0.483555253450367,0.673587201376399,-2.39288257624512,-2.02907586834634,-5.2167231476832,0.404595922277652,-4.86367907443043,-0.742043934236256,2.46260432778335,1.05214752188161,1.16817151051263,-3.51634399921228,-1.21944620766825,0.32985566548683,-1.30200635246793,-2.20858590507978,1.12611314000702,-2.05790947887584,-3.33595760922223,0.52889381722972,0.0389591238745259,1.38129721492932
"56",1.29996893295613,5.16615419414049,3.78788553034415,3.28796191762647,3.24948737203148,4.56306862726459,5.26555738131353,5.39599761241793,2.88487379249755,5.6869322639205,7.09004700718959,-0.501661604092786,4.25128712207365,8.45310123240571,3.63327881853289,0.940718825990361,4.0146490404988,-1.17701745786009,3.33066684299292,0.593552820817016,7.50483222544674,3.39221743062265,2.38790200262954,6.91614596958284,3.29444322795342,2.87250097097138,1.44081733204044,3.08650714387305,5.32925882150846,5.03437017204783,1.68475290080942,2.56386472461257,3.42295791712181,-1.76845075177242,2.36723507497465,-0.461591389598781,2.15366700340789,0.473754587279685,3.09104998069993,1.34937771804668,3.9533532595764,0.0636738161132877,5.63933471824885,5.1931643484683,3.37692858687356,4.73247935930288,4.88778797482655,3.42957636266508,0.45966739890822,2.00346186631327,4.95229809941346,-0.393941537298335,1.82107665014746,0.589267063135008,4.01425326250507,4.39177635985878,1.78837222233921,0.35844268459318,2.22854766244018,5.3430635645217,0.73587968754013,2.8052568438598,1.49713214680901,3.25139973362323,2.48909261709525,2.06651153909218,3.77752137422541,2.31678627312197,3.64787537016877,-0.605624516344285,1.54659051141757,1.58830146250834,-0.433829567548373,6.23695217446981,0.508563772103636,0.477283473723791,3.27793674040601,2.78585892468724,2.10452280765312,2.79630134455497,2.32653358000308,3.51338854571457,4.49419588248499,-0.121586341334404,-0.76897289321812,4.87742080553837,7.36428979343409,3.76294636024643,4.23282127617016,2.73942565552021,0.830563263096069,0.847091745341386,6.04924638200579,0.708293921819229,2.64257354486906,1.31908829126229,0.920838909310377,2.52047105717494,1.2265771228333,5.5726717464464,2.44613345682656,3.90235384446283,3.00090762251249,1.32996750651985,1.0375391518876,0.296759770781353,0.360894875476742,3.80854134493621,7.92273305013886,3.83931258615397,0.520777571125578,3.19610880571657,0.142864983831172,0.482722952559567,5.47748046358588,0.47848681723403,3.41346829705027,5.35970359035831,3.78814809081789,4.17415813574838,4.68422704348891,4.09743432409373,3.36350781003267,1.16429123154104,7.26618562171489,2.43655526668417,1.33678064004403,3.62236415386459,4.37659898109326,1.47290957369203,4.30854232153036,4.34877905144563,3.69197681907154,3.55587277454744,1.42600026719004,3.3837522146497,1.6326997328227,4.51414350556756,2.62903188457861,7.28183889900512,5.05953064792571,2.4877266203449,1.6043508156696,5.95803288596726,5.23286266408254,0.843613833945004,1.15593831154212,4.5885814844657,1.15753768613226,4.31710289965767,5.65518941359164,1.30055183293186,2.14372666863346,5.65879342239334,1.74815076961462,0.135793654098995,2.84113428932794,4.09613146142934,5.18790216386526,4.89548217482826,1.66219933016294,3.90654237855951,5.18479204725823,4.2222433149736,2.99490079165155,3.35890684367524,3.92377675482944,-0.186578419782152,4.66721818732246,0.687728519512464,3.71326973513537,-0.710544609377531,1.33927263985146,3.81071077161598,4.88100816885196,3.56713005269906,0.999296321393569,3.49295848302545,4.79642068327484,3.87160112640512,5.02176995242036,2.06521519368588,4.64935490633144,0.108034440032944,1.24975459076837,5.69991149464947,2.22166694211682,3.10571397302521,2.2817076407687,2.31768550918734,2.97500273790049,2.07741875209607,2.02433768863315,2.42389638919864,2.21161255732787,2.12117041610409,5.90957524967144,0.926308264624147,1.91937542273607,2.12469502549954,1.68001073077837,2.94186951641895,2.70793921347585,4.98878332819444,5.79958826670653,4.33127127140135,1.89978485897352,2.17171291135112,2.50201676546158,5.03922455429682,1.90912695495352,0.98730345363265,1.97789237061284,1.88791152893705,3.12875329885415,4.43440685869798,2.39725518878159,2.40594054046663,4.01641744822978,4.74315146092683,3.19616859092175,1.37566826951435,1.93214000113323,2.55840897745555,4.23584621461592,0.683112524646309,2.24763053002186,-0.28438347416935,7.28967543949406,3.86746660985101,2.5060787578199,2.5790936170509,2.2089934926833,4.08137369619144,2.96933349294315,1.52301381315159,3.66870921976903,2.6632869744677,-0.0697120447209088,1.6418557769757,0.763587636278015,2.60999126135893,2.64561742259361,3.70011636075574,5.67579885625679,3.89925504649306,5.60075723582961,3.50224849638404,2.47892082497555,2.0031795518947,4.2424088996342,3.39708070134598,9.29568797754007,4.85951105015021,4.54292509886419,2.87058186076778,4.0852128095324,0.775823426382779,5.72153295618206,4.30620139301235,4.67955711395959,3.268345599445,3.12254068693266,1.6965444200513,5.65697812131171,5.00322003004511,5.74738817483644,5.06821456169058,2.94265708946397,1.59148119467663,5.99979079851047,3.09003064335157,0.189074058029311,1.044845456715,0.709437135496687,5.50150054009265,3.81668277966508,1.29164423296776,5.45189954911419,4.95023513272743,3.55153659297639,2.80910903476164,1.05042690853212,3.90630287376535,6.56747791505513,3.34961236794778,-1.99112607472886,-0.948574681522405,2.82093420731485,5.3396934971137,2.38044940476639,0.892324967742132,4.45750462253419,1.78152368250833,-0.370585170597765,4.74735268722057,4.75661071897435,2.82445922174594,2.03392514582572,5.28950251821975,0.15023323235522,0.471230360311888,3.54164174577955,2.86810386272464,2.04780152055518,3.04278011799563,6.35941565453704,1.71942301532643,7.56594609840281,1.14426009735929,0.649976002908381,1.01344666760904,4.62318087631588,4.41135154965805,4.42324128026553,2.52611387834176,5.09488748828194,4.27964184670228,3.07697332831656,2.402054043961,1.54330616349476,1.46383196875899,3.92985114811171,3.92999715606173,2.04135381360417,2.95336165611365,4.13403334197491,2.30922242862853,-1.08116928066857,4.88991367749497,1.59092840310046,6.48461431217582,4.77430608830197,-1.36469636015418,8.11817048112751,8.65076571681035,4.82447665450654,2.85502626645166,1.06153797113588,0.378868921984334,4.21781245726707,-1.33471346226564,2.07792524706154,3.28269191005036,5.14081989276547,1.3527910572624,4.22061134067733,4.26914477565085,4.92847167298105,0.838570265797269,0.288791018192181,2.60255341959077,3.56564343714815,3.88492708117206,5.39546429514639,0.180487091518526,2.37261230842975,0.565535594218862,-0.538054524096319,0.564139640063261,1.09203200544016,0.183067772468724,4.27963839708068,5.89400751910852,2.93194730570602,3.00224675590054,3.66794683917994,1.77659495303069,3.26731606428774,2.12820785675098,-1.2626249925492,1.45924357794758,2.7369077531337,2.6477458282051,2.86291879315095,-0.616539112350748,4.35325321584256,2.82184344562682,1.76199627770986,1.13978815878422,0.171839616996579,2.93367362681059,5.204451162022,2.93406464139466,7.25051843326068,0.899755599313392,3.10660684942341,3.11524847700033,1.95104812848326,6.85179214268177,1.9992269650778,3.14645558165721,4.18421646740302,3.90182566631837,3.86473408358827,3.86462368574234,0.876807939106039,3.00752510234296,2.15220017981985,3.14917428050057,2.97392124168057,4.76836078266192,1.04705877884035,-1.13329116466586,3.00678325518705,3.84315842310233,1.06696477293205,1.41518486470288,0.184296936896378,7.83843959950139,0.845313465661054,0.632018659004775,4.31414456678589,4.23515778655812,2.67619913847961,2.82724060298549,2.37813183135249,1.99963637736115,-0.257282481794273,-0.459714913845027,0.13183187368333,1.88468181265076,1.42149327409311,-0.412613368258462,4.34096743048638,3.10829153236008,-0.985645053524226,1.76207328610201,1.0023073475252,4.51686084502198,4.32892308186473,-1.30790302876715,6.3020492847759,4.38482246875065,1.01769344834638,3.44438637210695,3.06627438205645,4.86906155456147,2.72019395315179,0.888733159359734,5.31102468810511,2.28632366372248,4.59921394568146,3.51425964544868,5.59672597545899,3.80787815245309,-1.7513980962713,-3.09459606015119,-1.26431467358136,0.631947496764525,-0.217182805939992,-1.25015036587168,-2.14529886291821,-0.455041837326088,2.2654522363259,-1.39862895157349,0.443690519348099,-5.14476996010302,3.10199193941726,0.525509646805797,1.63678520256065,0.0750275144765891,2.57302246604746,-1.0894375362103,-1.36634109660217,-1.6018243604654,-1.9144829956702,2.36712605146149,0.353952520667445,-1.54502750134893,-2.4086619239519,-2.66019921683863,0.439873596396865,-2.85174192891127,-2.67939140683757,-0.404549837977108,-4.92194739378523,0.199448662554408,-2.04546703529336,-0.148478379562526,-2.52793304834181,0.549440974920741,-0.984490518113146,4.5925534501676,0.776623857788903,1.78635354177751,-3.28060114543897,-2.38121337745341,0.422575859511086,2.22454023984942,-3.18916202678127,0.783750819177413,-4.89557652135833,-5.82254209162844,-3.46069322475841,1.70516097981983,1.32919898897717,3.31099400526682,-1.49584217191848,-5.0116479127862,-2.09728934265136,-5.71100617550435,-1.84308369609807,-0.283411146506443,-3.54860935505707,-4.7933016459796,-2.52284769464768,-3.42750786192271,0.0729162695001457,-1.51173704330473,1.12187198413018,-1.34163517433635,-1.62155834955881,-0.195945316631115,-4.44558613270338,-1.99651393747886,0.718469681053841,-1.34060351048284,0.519956225409576,-0.328159506277446,-3.47806839972872,-2.75830185580524,-1.58623620209165,-2.36004122484664,-0.436803376309088,0.826396922622024,1.01632088792292,0.478760517653702,0.120679228566913,-1.79862748142459,-0.892716320750732,0.312559509356436,-4.97269750636786,1.65459450864942,-0.18967991335326,-1.43273074033817,-1.37602737903057,1.45736684301099,-3.76783977380383,-0.865242287928705,-1.45712145404921,1.85224994731628,-2.63493306216134,1.63414893171204,-0.991272138788748,-2.64942916541501,-4.07040107858697,-2.2496268749825,-0.15576877541917,0.972738258772203,-0.69122830996614,0.128137154830696,0.737001205981466,-3.15811213495344,2.69279542358712,-1.51582032605905,0.979355591762181,-6.28413528094584,-0.526377433773969,2.36328993109049,1.71053085416354,-1.14543266243867,-0.946489035808308,-0.118404330141912,-3.6793275978706,3.22863540722425,0.513010090354192,1.7837497876936,-3.20323825664637,-4.99086478823861,0.778147175448728,-1.23556289195731,-1.15376643320593,0.859057027841085,-5.83322685604167,-1.13321275209703,1.63572168659751,0.682551622399354,-0.377757377897859,1.02551360440372,-2.14943222996662,-0.851457733738494,-3.25393207666572,1.26008214241508,-2.69912349567267,-1.38669385742805,-0.605585863823122,-3.17075482967544,-1.26567992265928,-3.91177607333917,0.584349036216714,1.53058021497938,2.59653856750427,0.47771671222188,-2.83927493273428,0.510604925312488,-4.06347251670163,1.68231310698221,-0.287350496338336,-1.47894662175763,-1.30169517591222,-1.05981014325673,2.49136105956636,-0.132391750450392,1.80216109811343,2.39314120428582,1.31344113509699,-0.270739452359034,0.454145622936033,-1.4331747747972,-3.39719377654571,-2.53744276486508,-1.87642527535387,0.746529672712247,1.77284634657403,-1.38518922507092,-2.06061026930967,-0.908736780228794,2.6225146684996,-1.66812250311489,1.03693342579595,-3.23593404112953,1.56374282174254,-2.92055786424753,-0.808805192031286,0.256848680174349,-0.694378491557381,0.420493891951099,-1.59463763286265,3.0775239288691,2.86839071025971,-3.90793122776543,-3.83072338126929,-0.259500947734931,1.52623707012763,0.94517488046051,-3.82628490724805,-4.14581235610462,-1.53421760526366,-3.85224726129218,-0.468911603805716,-0.46219436540762,4.95072775240535,-0.223794927560476,0.826022700101512,-0.0361469894537333,2.97804306710244,4.48544900732203,-5.44269299697199,-0.10870132262917,1.41640347319749,-1.84685335164201,0.0681031672655508,-0.452770615560405,0.172292437141328,2.68102294918366,-2.20443996007354,-0.679725361852908,-2.08066996785298,-4.18936698541522,-0.497381518853686,1.23776485614215,-0.810906936556424,-3.80565742582587,-2.92440806013688,-2.14045907269316,-0.955659248480115,-0.183422066577237,-1.18284982493908,-0.602558054937219,1.39410902085522,0.653099941746405,0.528505264596789,-1.52585189292137,-0.257945140660294,2.12841947552532,2.86752759089948,-0.234539662904201,1.85380924893655,-3.91915153285468,-0.0556339623776682,-4.54700695828874,3.20198896330522,-4.5181299045434,1.77214349673574,-2.06020601899633,-1.30801364113624,-2.1565870267869,1.10074746804124,-1.3866767020386,-0.842784249074757,-2.31787306042564,0.596506372470365,-0.805359511152784,0.65398432767718,1.23615384056698,-0.472124987511611,-2.31191480384104,-7.40763513528018,1.76192337192813,-6.39539967959968,-2.18790198145977,-1.65242359302992,-3.73782830373828,1.24478790907704,-2.0196368049817,-4.93762680290978,-2.46552395870314,-3.0841080417451,-3.6895577239597,-1.45391096048546,1.51290123073684,-0.541191560535061,-0.751091041549034,-0.144079536381781,-3.7551092879795,1.23501762200309,-0.0951156888937278,0.615133862432424,-0.18232214530629
"57",2.44491778483841,3.20473738122809,2.8602304463127,0.405828246900378,7.16415570187836,1.52751688071778,0.43513942960174,4.63744857774774,1.80358708356783,4.56067790324089,6.66056016059042,2.46568764205154,5.31219125038525,7.17164108150246,1.51515084925011,3.95150930390105,3.20886749591677,4.91518092120315,2.7108541756363,2.09862262085919,-0.440691044890525,4.70509390937333,2.56307085499551,1.96103530357285,1.59927561090793,0.0227414052494721,2.88338165488137,2.26105750907709,3.84339420909866,2.64780858795956,5.76743270166429,2.36803203872878,3.33815401621379,2.47207341622264,1.89595323333663,2.00522137932268,5.23187308145547,1.00272977446018,1.22722226889106,4.37403241119314,0.520224230233558,-1.36745241266184,1.97693396507326,1.16689266039204,1.03148921160971,2.19734306540185,1.28255658319873,5.07585488032938,2.66405583417406,1.64436318367686,6.41709431536142,-1.62514354097215,5.52204621366553,1.35184467210719,3.86512043224882,2.59097233124648,3.04481874047185,-0.185599230719188,1.37712236343903,5.40737101084437,1.09128600400317,4.77542610074449,2.23165090096899,4.12008476006526,4.3441899230944,5.58948676059276,4.84008393523468,0.519853077475009,3.78787162309635,0.877197071324307,4.87585223135329,3.15722451578988,5.47948664245625,3.30720734807841,5.60948904367788,1.68003494448772,2.08684785611126,6.23717572930702,4.85589059635675,1.66247677338922,3.3330191542825,6.9146784022305,1.1740452733562,4.04778977606479,1.73110349120776,5.94777234563583,1.81395668815382,1.28775351460673,4.34611687128804,2.10029323227178,2.60791301783851,3.28006853569741,7.14399293295641,4.54864730565005,3.37423004389886,2.78503976134055,5.92254085737253,1.01222170072731,0.00916977021719401,2.73628648781278,4.36785252761154,2.49007265808906,3.48051340204841,3.13203238554408,3.33298928544289,4.61367421176595,1.21487958046711,4.30218687014029,4.36787272474462,3.51164482599125,1.22908232316372,1.44553315058239,2.26938209156157,1.88880272134736,-1.12742543895945,2.40678537086069,3.6312333307942,6.60778154362563,3.47923748796478,3.27120790387131,5.81595447344723,4.44528304680337,4.22350679365095,-0.548636268458819,1.30554559787675,4.32074590396761,1.27697990922436,5.13081015698114,1.8261326969813,0.832411190616268,1.17620259974473,5.23691027137683,1.91116502093378,-2.67801029196488,3.75620675864375,1.36059148795069,5.77666526771788,1.58924384149142,5.08902735427665,3.90168164252144,2.26470285855801,2.0352526579636,2.33608211743578,2.9659745421384,6.82171451153218,4.45506627433205,3.41731670790347,1.51509235171345,1.05626370649873,-0.885015171135229,4.57434452721741,4.64845023744255,1.37240408518286,4.6423566025225,3.58792812532456,4.36787821433619,0.420524727449929,5.00870758985426,0.364500262342727,2.22881839533467,1.11692419183439,0.535094637372791,5.8311817076717,5.2459187069469,6.03772386198816,3.07020523901235,3.79891147056664,-0.172243076033139,0.912762080793522,5.38056446985951,8.5215151945032,1.56763911035914,4.85243744649346,0.879059953923286,3.7034597995365,5.34591401033962,3.19068195092318,2.96495252324333,2.97852695702954,1.24214952574172,3.60284438227967,5.34075962689439,5.7771509925171,3.06220477179801,1.37578257623402,4.661173582131,3.24563616795838,3.52839228363418,4.46325687915042,0.663477007121045,6.11347673971209,4.5907459050971,-1.43130983813445,4.18551598027829,2.49911459684914,1.97728304252623,7.45024646221832,4.55393455994759,2.97577066785724,1.50248313050161,7.06064043062514,1.30247028376511,-1.84893468856235,3.42066264102308,5.70859961001374,-0.381129506509143,6.32976186150563,4.0646289176127,5.14936976754893,5.37209907201929,2.38393312666128,6.00711062148043,3.88586385518463,1.36753617087956,4.7255000894151,7.35214574160501,2.70400088236168,0.890753421945011,4.70727231795161,3.78930837611872,3.92222010284144,3.11295969635168,5.84584999055548,-0.423154159606516,3.3376291645116,3.26456480584153,7.87286976231626,5.25147499478824,3.78391495266172,3.42702601793333,2.14262691988863,3.32559478414262,0.808137908771937,5.41820036069072,4.78425936508474,-0.156912400552003,3.28013180203807,0.875746101107465,1.92616768917173,2.30572897365802,-1.46508817517044,5.78031207201025,3.30809176337943,4.64115320377426,5.24035664757746,3.30171283334373,5.98499745671374,2.21444023176756,2.35009368402339,5.27018684117308,-1.60909711457149,3.01420146305263,2.81360413079291,4.04430735866731,2.21762014233051,3.35734912508415,0.692879000873704,2.65316277373018,3.09768085289001,3.72027503627835,2.74373467342066,4.03067760936829,3.5446033560721,4.2547094741745,2.1328300507956,6.42266768541288,3.27025526717492,1.59388018762122,1.3960550044825,2.85556831168558,3.0763013639462,3.09634634982548,1.41579011727428,3.49404294023313,4.0468248793789,0.716280559691919,4.08055877487735,5.77430233889999,5.35641400153663,2.40821142124938,2.71229997577094,3.14514497172567,1.51341202640075,7.44580507556966,4.21923064872226,0.656562462082392,3.53476859798377,3.71527952393489,2.52575735283442,4.47082684625027,0.506550713894383,2.13530277511237,3.78116181083429,1.34008579847824,0.573995683577408,7.92936189662595,3.41143007430607,0.82327511993735,2.5790082969994,2.11510651490028,0.498844830764183,5.23107192845709,2.34947830600167,0.1491940869304,4.14022917513133,5.01276740323404,0.946849566114548,5.95748110760672,2.09267874585268,5.82035292570256,-1.17191029164224,2.88942634292084,6.02299303611379,7.48252393741707,6.70992863142509,1.26700353919166,3.27956810707171,2.39329408799051,4.97813661974997,3.70378452585486,4.11376774385756,0.830997181894604,4.47579563197244,6.32550272336715,1.88338557965939,1.4179521645612,3.25843747130313,2.59794357602782,1.50305119499369,3.86956478497971,3.18806532708575,3.0198136684663,0.183332730663829,1.74485252487259,2.29994791060857,2.36406411550912,4.88273162620926,2.67476163193357,3.23030188030281,4.31265062904191,3.1530558668163,3.03884146734755,3.64009943802437,0.313992308197692,4.46583784142348,2.66282254317679,4.75096331207777,1.68891557880682,-0.987330997713121,1.53732192982411,1.208759479965,7.0293719724835,1.10173952048521,4.35141652321115,6.16360492335432,1.57982136754461,2.20340786139587,5.04590628704434,3.85177999178335,2.73957182154317,2.10130436679058,4.36709011553742,4.09466937880898,2.37187849522366,2.34370055916764,1.5037645565265,5.3073381679239,0.445624459419437,5.35473949671853,3.2792559735309,3.37806959483264,2.83917922539715,6.34518959165384,2.84288721206548,4.3185412467816,6.58212971534912,2.62093449149723,0.0961087277224242,3.0565613303491,3.46223833943291,2.22776690947661,0.154069182108947,-1.00320696492987,2.78094115954643,3.46161529252206,4.00929682023567,5.72544701283843,3.46245923782743,3.14787541739178,0.530135128561895,4.30360729480673,1.0654933648432,0.143983298896856,1.28490884995357,4.18737515895046,3.71228634311255,2.54836200318132,3.23476969824203,1.8736367967173,2.36813968811521,5.72093291363207,3.11931833691422,5.93152488841035,2.07470159959231,1.87632850889207,0.608702691000611,2.41899769173085,2.43685721180957,4.62257761972713,1.66548553846075,3.67720527952435,4.43957119685421,0.927212932880732,3.54316039608083,1.8986043183781,8.40446666077169,3.21657828121015,3.69214984663051,5.48075315715691,1.90194365611639,2.61022739766668,2.27756170319947,2.2498164444082,3.29182286444094,1.55598643848755,6.82029633468431,4.52365068079426,3.54810596781889,4.51756069871842,6.35996472636384,4.2709887627783,4.36964891827393,2.16942634923076,3.07145281738228,3.69533772137029,3.69837463140639,4.63342637478812,4.44631557519462,3.68044663498031,0.00289992642059733,2.33794918868321,2.00340495018487,2.93282955316198,1.79495427457012,0.514217758228311,1.32433511660241,2.30339575784115,4.72268979977955,2.27266016568322,3.35761629258617,2.97408515595851,5.59936017238175,1.22642945211874,3.5442268638307,3.19659120182131,5.71228079617205,3.39434722869596,3.85327224863823,1.37539745147292,5.96417689083697,1.59791340894239,2.6064142494701,3.8974348623352,2.76513089442748,2.01278198330285,3.18299212627524,2.55338651544784,4.65255059615649,5.00545535809936,-0.671996384427367,2.49365882505976,1.49299382731596,4.95507672587613,4.60174982023175,1.87715509793032,5.35854294789734,3.70036960187211,0.00936701382099026,6.37524046014993,2.81917675925025,4.86334627606931,3.54966563961946,1.9179177494983,2.75273074701914,0.34219709800767,5.19088851371441,5.8763162659711,0.373180794791031,2.54116863246873,4.45567083834436,0.611727630318186,2.0876656855376,2.06897683583309,2.7761316260769,2.35904928030499,3.5718515470447,-0.138869965343793,3.61220933398846,-0.324670774020315,3.4230286430756,1.84311269633854,-0.448525688787982,4.84434127809784,-0.0810308138973306,0.531501335029639,2.09737751921252,5.51775156387769,3.05073756219883,3.74138768428996,4.49117782564197,3.81826857812069,3.61242175530697,-1.21806584271643,2.60573024052282,3.54493636467123,4.93607007946698,-0.68576983572745,-0.343080310853233,5.5458090444516,4.73267701274793,5.00256896364215,3.08888827737931,0.397996043273174,5.34856775215446,2.45270814488682,1.77952401449355,7.02581720145518,5.24732634665599,2.17527457967109,3.57852998709842,3.64774199027813,1.49360958590709,5.63332653884752,1.6141270992472,4.42504387077571,1.39240041964945,1.51603653400801,1.26735764793419,-1.45081828392326,-1.74195037821241,1.93919867010594,1.47231872611244,3.68425107278214,3.35246205694442,0.498551206310594,1.52946626558403,-0.603715521235392,3.51200685041737,4.60341025634443,3.06282211233996,2.97664354046299,4.95349906142127,2.24214207275821,2.21925908772532,2.58109001116295,1.11237334520149,6.49504669654505,3.92297961357415,-1.05127080489788,4.8018777504876,2.28043576556818,3.46431019817905,0.0900957447979533,1.51296166602627,-0.34860637109763,0.93000603075277,-2.90245407913439,0.326365381178967,0.09446207449586,2.07218048395922,2.26525209668152,-0.724697721856146,1.97989577903306,0.427798979196703,4.66221964027753,-0.474247040002283,-1.97740864208772,0.252884464946486,0.427396243287612,-1.16771223201889,0.472421820178638,-1.75956708018089,-3.73818281908332,-0.040870130420449,-0.589822869190104,-2.0619179990527,0.340865879033748,-3.88117657837879,-2.88998218162676,1.97912387476652,-1.11787255808096,-2.30867631768315,-0.334698914051232,-0.0341640937414647,1.05225783379817,0.889497316460369,0.276504823685248,-1.10511286853718,-4.23443897162938,-1.74627481159937,-2.10989904679799,0.67434737874183,-4.66988575946311,-1.19470979444284,-1.2191143151658,-1.96522878567748,0.349458701412866,-1.23922530230233,-0.443179609748374,0.0367753878432149,0.0954066973032108,0.789480198895387,0.481563018380162,-1.47093876051966,-0.295796028220698,-0.0573331790872964,-6.35761321329656,-0.055284849332681,-0.665999271385833,-1.74814240823419,-1.07671886949978,-0.626771238552379,-4.34199100346329,-0.562791775251368,-2.67335344582053,-1.97774491484557,-3.43995820156166,-2.03710355129702,0.0763614254350682,0.524854057068663,-1.97346839477924,-4.99363929052729,-1.82858756423669,-1.8002356483262,-1.15464722662625,-1.05854044250792,-4.00340401338507,0.699608722088395,-0.45700237425867,-0.180241254697753,-2.58959259068544,-0.0200197317843497,-2.99176358044138,-2.74923277658311,0.129972031512869,0.496015270978047,-0.307854786910127,-1.33634708395978,-7.30025081200686,-0.0241616082392134,1.01712401983864,-0.165606792523729,-1.33602617990406,-0.280953804987231,-2.72607729710041,1.38483085582864,-0.0455783695638193,-0.469861148043306,1.94146346366577,-1.36714842088921,-1.09240864900891,3.41376863558075,-1.3168052553635,-0.447920862796214,1.78158718301823,1.05012536702291,-2.96618605695204,-2.70223987808831,1.23178941518679,-0.496683699047667,-3.77181016079357,-2.67396643435903,0.389723025814171,-1.13578921630491,-1.00537875295275,1.84098119368564,-0.98598648469727,1.6633981370916,-2.08748128548269,0.585323022533359,-2.8530824191693,-1.03032630206145,-0.29875087161899,-1.0233374926984,0.479852847208005,2.11439151533514,-1.23275582031566,-0.837377806651482,-0.20603772120717,1.4505559018197,2.1367340600024,1.8789334395311,2.80440855585406,-2.32849429482289,-0.882284238304087,-2.0742062677646,0.43361823765414,-1.41572015670683,2.0699554985062,-3.76630693595854,-1.12241827645801,-0.411000761669518,-1.84479719604364,0.501620595869836,-0.96575066367433,-1.89911374462165,-4.23339808462125,-1.59069434245058,-2.75685869449796,-0.389230696925333,0.493905814751189,0.556731461346764,-2.2739900530859,1.1448486135158,1.07581590008778,-1.84179233749888,-2.35308500874177,1.76021188379978,0.618460060810293,1.25832866825976
"58",6.15372758946313,-0.420295668997595,-0.535650129714184,4.12294619745347,5.51558152945054,1.06309217093078,4.75186189970312,5.82058214755352,0.28575175649281,2.79707381835962,2.84684168262947,7.32103166499156,2.61649640235032,6.89365977198928,-0.558955531493935,3.37140037582953,3.80262140559428,2.61295409818909,5.1943630337379,3.62311361053507,2.05681735822344,2.44370180614701,2.66454787241275,2.3369419022873,5.77603476678419,3.77020924465994,5.57660484493411,4.41871751045852,-3.87118848184224,5.92579637006441,3.36643821210111,3.95997468229737,5.06654424797891,2.80649690637068,7.85781419978276,2.46482704022613,-0.1176881952216,4.80274898520592,2.99524376434539,5.97671084683564,1.16459956352685,0.728979803382304,1.11680506114627,2.10120915953072,2.58020447015439,4.76184776389089,2.17962487770779,-1.51846493750341,3.9231774025597,3.35483572083304,3.28578758568908,3.31788597385536,3.79353517139685,2.82043117163869,0.741855057831383,2.00551715184602,4.91074649029076,2.32037006034489,5.29201732537679,1.11428651944328,4.03197687093567,3.47553649855391,3.81072590983475,1.46739656956073,3.54369183518112,4.94497659493089,4.38275708510954,2.93306504550057,0.923959707890668,0.760873340558671,2.67744176042896,2.32417289949401,2.25686741041962,1.34094053432274,3.75522643347731,5.7285938850969,4.63409157268559,1.95114905068429,0.197276994728338,3.89258133843273,0.564738382116828,2.57381885422021,6.38325784482687,1.66924383414177,1.66733368968161,0.561786808680545,3.05474907376649,6.03200425785568,5.54238315188793,0.896708469693286,4.93088906010829,1.84006483905278,3.91316393520956,2.94096973710287,2.22099509791741,4.3705134288213,3.04079000073628,2.02950745978394,1.79139841479825,4.19046275336686,5.21490980410824,0.673403993993178,2.87910951828102,3.45847679672902,4.44623291318042,5.54821777421513,1.08541089360334,1.13785958824176,6.52065774441236,5.41440155493633,7.34442961172021,3.39513181074139,3.80564887936626,3.05092868791882,3.22075446085189,2.42858663990665,1.80573366266788,3.75446284720647,3.76091073481995,3.6854584581103,4.13268949641899,-1.08044635579861,-0.0225134324110323,3.77103526351029,1.03544177079375,2.95873931083762,-0.952742084488499,4.7633270243999,4.58872856421417,1.51683557304752,3.36921077864348,3.19545960652004,0.578888698724753,6.03235357310134,3.55477703529487,4.73610005231713,3.97335034179992,0.850896199562758,-0.749978754170597,3.97060148821006,1.07708105248633,1.65959468008473,-2.97324788108398,1.53214059993665,7.7277489001023,2.69367345545205,0.438683326887023,4.72976232517147,2.2570707680242,5.82943298030766,2.89939940541457,-0.449953780273875,2.22994666010687,5.53120474286943,4.3162807356064,3.78167456278706,2.82457269610851,3.95506788734225,5.06431665644513,3.92232106906462,-0.027035491623514,4.44355145745401,1.16097010601637,3.19863851648074,4.64143712090831,3.52103750725295,3.77569901675697,2.16760775338076,2.20903337287004,3.0835092280183,2.48200371030644,-0.144016261178407,4.0738842688105,2.63831136491654,6.23170473470432,2.97666596902876,5.53541354642806,0.0305645570327906,-0.530652121407641,1.71466731946662,0.746785223095336,2.79579804102197,4.73889186007122,1.69178294032531,0.812001560036667,4.82478616300275,3.56797788529951,2.82900972545491,2.06405497822648,3.32399578309061,1.88567629247674,3.88812321644037,5.26362676509046,0.50230233430303,1.53737338940869,0.50577493637479,3.28775491284063,3.83351840685358,2.17550404742645,2.49132049201711,3.60141358034274,5.10459516178755,1.4782719913034,0.156984679988109,1.90414270949351,2.80134029266827,3.70011284390149,3.70146458621309,5.26584220494376,3.92249091084518,2.32032263268553,1.71430767467393,3.10248092390162,4.37167185782977,2.96758034474006,0.726173554016479,2.79953642716654,0.555195676622164,1.40726264944531,3.7117237257581,3.09742941127031,2.42932424668177,4.11323053851614,-3.03934039284627,3.08551163457221,4.6776230577205,1.86042399985595,3.39204666104204,1.63267001033732,2.33386612027439,5.24713776161591,3.4796241311214,1.77983846734689,2.23175593670437,3.01819511396877,5.31746850830714,2.05233587739842,5.02661058550762,3.75059372673896,2.62931720436842,2.00529151210499,4.61682689592482,2.95797709923934,4.52374833281148,1.14231600205473,2.36407618271683,0.854350260081705,1.75517541155661,3.47197366254421,2.02951942510267,3.77658529887345,2.0850846886555,1.60773091082292,2.15871917575959,-0.21345890690194,1.8949886644719,3.40769428373286,4.72547134393523,-0.207461505993626,7.00988047466189,0.871512528297385,-0.290325511702968,2.21562293910797,0.257750231869871,2.8233940573342,6.3765371921491,0.243269158186142,2.9941001632744,9.89219412060923,3.38749727977433,2.6117057065923,3.0714122528615,0.452061032481379,1.46957914971269,4.89363460105053,5.3592426176086,0.961997662872665,4.98434763027682,-3.02341191927827,1.70272952092123,7.96312739647793,4.95439882625417,5.36402743266551,3.80185482936431,4.51580578682737,7.1565862778885,4.11837987909319,2.16384915787035,-2.50296238830667,2.18098483412519,2.80497245786127,3.79335088733678,1.78400142760239,2.76943767877578,-0.0162229824039404,0.725170367902615,3.36071842914376,0.680316886776262,7.01773602617928,0.826813859977904,4.23835438676874,4.67763771221865,2.61402394771947,2.07663074928498,2.49869301184554,5.34630215825851,3.92325235385587,2.88062367912959,3.77901602264527,2.88118373300447,1.71690614964151,5.78383002643222,7.71262271849658,0.920387347669073,2.76514824086021,1.27799125786733,3.83461496917168,6.05028339899266,0.36306080007449,2.74125193069764,0.648626620897399,0.323706161605732,5.08376241286498,3.50137545661512,2.00678119828321,4.42056481309724,5.46771245274595,1.42803563037449,2.5668996488302,-0.311064741780835,-4.5385601970543,-0.465958359068132,-0.322425898545977,-2.64750527968516,-2.31396795700086,3.38416897187671,-0.50608740604451,-1.40294346043606,1.32055886287828,-6.15563479083473,1.20726583286724,-1.65729515578866,0.0594703605613045,-4.21473711907671,0.490549444917734,-3.44618357234726,-1.71987844952619,-1.10857852314501,-0.759767183622294,-2.50678958133767,-3.61852282118409,-3.57655411229111,0.394594168577023,-1.41177430222599,0.887233154791704,1.56799599111621,-2.61990275818107,-1.52317893091576,-0.0632038026166643,-3.67950035576207,-1.64749542058931,5.77761684297313,-1.94260921609154,-0.833069400716835,-1.71619670812841,-2.54787855448124,0.805866597262563,-3.95625749969566,-2.96853731682282,-2.98342189882618,-0.637973800603795,-2.69848390195809,1.10098123800074,-1.82359564013807,-2.30199803868358,-3.60092681248105,0.268669591099294,-5.52347913336099,-3.5958333425718,-2.92169190686658,-0.711561474236332,-2.18360073505368,-0.927986767647084,0.833040776475042,-0.935367515717224,-0.72060613472731,1.65028190396988,-0.0172792106354172,2.26502099530828,-0.193026258363516,0.081498330293285,-4.78677954365653,-2.49519160908523,-2.50097123501077,-2.36307006344342,-0.267299216395517,1.77977834150684,-1.82114536332875,-6.17563868788628,-3.22745741309291,-1.29848230214869,1.18900250738444,0.322849122804189,-3.11043369291675,-1.18966621108135,-3.86850431442749,-1.87252975153089,0.697383093424738,-2.72122160624652,-0.78701637629896,0.604140119711135,-4.75431120229699,-2.07979980068106,1.83931840489941,-0.259412600305401,1.4944921451283,0.584941492014834,-3.97701963303164,-0.570280728148507,0.801335169873396,0.628931764685682,0.697918526098889,0.603168917637257,-0.402825804421291,-2.69713688758763,-2.58541251924048,0.487154279509242,1.64583000768909,-2.36343861626393,1.86910336521141,1.85586264843314,1.03750335190137,2.55102934824744,-4.9004317396898,-1.5221795953967,-1.64663904553839,0.764379065986814,1.47978208924481,0.185983038971394,-3.92208373393327,-1.65576612001322,2.10413583055503,-2.99647060105335,-3.65515459816988,-0.512979700595583,0.407943041526497,-1.69532752075077,2.5442551663051,-2.57203264054558,3.34896599319287,-1.49553585393623,-1.00254848710472,0.49606107977136,0.723846163476725,-5.7885120596341,-0.0229562907949854,-6.87103848039798,0.877102315395414,-0.675575078177018,-0.770881669359772,2.75432665350169,-1.46172149315471,-1.96529622709654,-0.132804800899892,-3.001609847264,2.18198228176755,-1.71540109471029,-2.84157039064728,2.44905509542769,0.51990437709029,0.00678807554185745,-1.5064976772775,-2.90929712809042,-1.63929879414608,1.00677826367747,-1.10786012811109,-3.2727619792037,-1.29222840025804,-3.52148063900518,0.486930572836521,-0.60835027211871,-1.16770916294704,0.506264783718755,-2.2571393986937,-1.33034429623481,-2.70993733860681,-3.95374830191626,-3.84011767392342,0.825873853600692,0.841508407902638,4.43040071042309,0.578635642950416,3.36971165961737,-2.25028757429684,2.30097778615833,-1.70218061675722,1.30572507075041,-2.48316058391725,-3.63601524280675,0.293979874768725,-3.17141048188447,1.54467864562221,3.21082944214956,2.84877974120624,-1.30956535739958,-5.71248629570392,-0.128409201456696,-0.308324117439435,-0.659923527191095,-0.187521122925573,-0.336787000957071,-2.25741382097175,0.142812654063543,-1.02893929665064,1.30345735619383,-2.48945291929691,0.0610636453419404,0.581611195668434,2.17900578586844,-3.29618049576357,-5.1179976910533,0.205630724938647,1.14919251977234,-1.82313710205166,0.306975249611185,-0.215561925798293,-1.07185836642628,0.309515249736379,-0.870275659500994,-0.92094415363774,-1.08551857297636,0.296129654567421,-0.471591794229945,-1.13694775279375,-0.724084089197438,0.0911455665829601,-5.55172985308082,-1.82598121545106,-3.36649701980157,-2.8032743550239,-1.28384614949056,-4.03922920245965,0.758805501050537,-3.2747963744063,-1.45556205734699,-2.18272489992558,-1.65282788372839,1.17931786108151,-1.30283325140951,0.691715656869645,1.79070360333658,-1.23677508679218,-4.48545846051516,-1.88376382307983,-1.03742136558531,-2.29505847441047,-5.2532287208103,-3.28164716716598,-2.16050284022438,-1.35012899445459,-0.150462752019533,-3.57638965820848,3.03960360664684,1.06491619904262,0.147667637875923,-1.57314386170665,-1.53124907782207,-2.44796958823961,1.01870865246596,-4.84233811756365,0.505910958679709,-2.25050517612708,1.56994299312089,-0.263871650492031,-0.0550777918703405,-2.88472622429997,-1.0007738264459,-2.76205428668033,-3.91548453658279,-2.04477130459689,-0.60831374491671,1.23672774385955,1.55301749946921,0.777719814998967,-3.82133165656369,-2.07264179251516,-3.18721071559153,-0.142221263343984,-0.990800672341142,1.15422179310221,-1.85482850648915,-2.89160042830193,0.415265081918237,-3.55417848573254,-0.976300851845346,-3.94855191165309,2.35356526654591,-4.48413249614428,0.308664401282789,-1.16775832093174,-3.18677782060956,-5.26996419729251,-3.87144382771514,-2.31904780440753,-1.35267318272363,-1.38541201474732,-1.75419795786844,-1.41201092466441,2.1229222583674,-2.75396375631805,3.85631016661444,1.42536450195553,-0.405681257725124,1.79483429686915,-3.00763788562917,-1.78900631504484,4.04382550269359,-2.01547008045051,0.0835457562586279,-0.414084455945531,-2.11349618260162,0.0920804313964194,-2.86137609604134,-1.62662852059593,-0.149918875376601,-2.86269300783748,-2.15579144070819,-2.43442982437945,-3.9209766690946,-1.97281248101292,-4.31851223522764,-1.40362903457291,-1.35665384711679,-4.45793433846262,-0.320787343457886,0.677054629184811,2.28141487186878,0.994371835093582,1.02951313492025,-2.52110068440232,-4.53418430544896,-4.32131808708164,-2.03236135264578,-4.05783306385199,0.228305465616247,-1.15132342099475,-2.26080428663406,0.587655501878356,3.93277113690443,-4.20334715234953,-1.49036490896608,-1.46883881971415,0.0183385187403629,-1.50760088599479,-3.20535342385627,0.734773561286238,-4.88142302095042,-2.01680506995746,-0.205065146748033,0.0646443773834933,-1.93855679336964,-3.20516661953238,-3.86845772643679,-1.30348195032949,-3.22535630853302,1.86581727198969,-1.8095050431329,-2.6760585953772,0.286798243642756,-0.657394290034172,-3.77290930630591,-2.02020127662306,2.14900964736165,0.19245433237293,0.168364296078847,-3.22770665929608,1.28221870693843,-1.71614916090128,-0.838934576959001,-4.24276680215569,-1.03451388225006,-3.28638883206634,-2.87751424742948,-3.37107791911426,0.597363861112703,1.75507085908989,0.248932816714619,1.58775486264129,-0.406001800328146,0.40562130510439,1.40484926037597,1.56681165326685,-5.32629009923766,4.63877259406956,-0.614647955234816,-4.39639489204376,-2.13935388702759,-2.01185051421426,-3.24619327916033,-0.00250897303687037,-0.00966166539521962,3.94665043602541,-2.73156557013891,2.89692574104285,1.74050048273976,-1.16143737540624,-0.659044411606581,-0.293756995456647,2.01408880801629,-3.82229383786018,0.0638187001591501,-1.4775475061772,-2.76291383221732,-1.69236943349674,-3.52066086148461,1.57625593948963,3.83580547942469,-3.04484463052763,1.18041371332547,-0.233032664788372
"59",5.0456667215076,3.88817743677427,1.19818890972666,3.7353724472601,0.333165954036601,6.65069425048153,3.64202677626648,1.59435154661585,3.73176677192781,5.42947547734295,2.99901340234462,4.92917098656745,0.886727708585555,0.720488928243449,5.15910071280578,2.57709651595904,4.0651249370562,2.95827364787505,2.43816519950812,1.49783853145882,1.06495527912188,1.93407645150714,-0.0247471211872812,1.31298904586636,2.82732858202118,4.15308804007956,3.49961807971962,0.854765992153972,6.26751762876455,7.57643784285672,2.00062975679123,1.45628085476981,3.38261373379765,7.78075756602827,4.67560271043305,3.80002311065163,7.79902977310367,2.56286985913688,3.35647931949196,2.42292809305944,2.02251036094002,4.42482864619978,2.16184229268652,8.32058081723121,3.26451629215726,5.85703536469633,3.4521053883789,2.63149658525972,0.016521744653601,2.86436918276778,4.96654205901693,4.13460853592137,3.43873863512384,5.36985223411981,4.05243821072866,-0.227750575426683,5.37870130272636,6.52524341893093,2.22006999663565,5.72713425807028,0.522661683748307,-0.567393068283195,2.22656417599163,7.15156992679458,3.78830454820751,5.49449551546911,1.88465734256479,-0.0964314719303192,-0.832535979106677,1.0386394065371,0.506854393922027,1.77891841402699,2.38602229089192,-0.163192455813136,3.64918666542299,1.68688225260259,3.72389211761711,1.93046824565443,2.96858867860671,6.15778031331417,3.51888975390457,1.03588014223857,0.801881029748081,4.27135523922451,5.28506838774577,1.91891536490912,2.51346723868576,6.06982147760158,5.4833328716229,2.76176581724285,-0.13287402885469,2.3576885466489,0.491304361484027,3.29358789234391,6.87048082821421,6.67029616974702,2.25919405812353,2.49552570168756,1.41917387656129,3.70959210737279,0.66639851133349,1.84312119582082,0.711645295608969,3.53298134495753,4.5857783582363,-2.76408464839752,-0.199555721106523,0.814026419801573,3.56963519410069,4.22277074819373,1.07093853121878,4.55758540288863,4.56853148055748,1.78024576996501,0.014011019345487,1.97613558113183,-0.763068618695422,2.28785412659845,5.29712354655472,0.261332629298168,0.10798464997179,5.69637407618944,2.98111032850915,3.36835424553656,0.123845942251017,0.22800555968769,2.44819437411627,4.0354849377784,3.41277810774946,2.24812196797844,1.92199435277848,3.46694497784444,4.0199802821936,5.65374497935781,0.780805727155229,5.33212757562837,1.3703820298554,3.2221865381555,2.86301409771814,4.80540412523998,5.17097361039973,3.08514400806269,2.18097981925719,1.41249144081,1.21079622034903,4.26325489753566,3.02591635289102,1.13222318149891,5.21937930763861,4.0155273134167,3.4258109068823,4.28530593308413,2.67360066356468,2.73304972683468,3.38791517217071,2.17350615338262,-0.290723310763352,3.60237516268947,4.64167244020549,1.87052925309267,3.96145395662057,0.0982596618857126,3.75119983427727,3.09537420668562,5.57592893086056,2.2326796053935,2.13369220057158,2.22591909014201,0.2210540152362,-0.421976266126513,4.20321232157437,5.35856396032309,3.59686885287256,4.68535146909186,3.59676693101592,-2.08446468841136,2.3874753443165,5.04522786651547,1.41932251940592,3.52463045353188,2.1063277017719,5.29920444288602,-0.0928509458770885,3.65722905232072,-0.223659145450355,3.85986639586363,2.74904875866167,0.800284958767751,1.72480603286448,-0.607427426996861,1.68854464034674,1.84974734896098,0.881751832505739,7.39982513233189,0.889538543775715,3.76410548593371,3.62736091244953,1.82199018075636,6.21760795068502,1.78351390511043,0.852961687339405,4.8862551402517,1.62035516188101,8.65002527931315,3.62485127498682,4.33804139449789,3.27079301522154,3.13487257723566,3.74874994922973,-2.36863852215322,0.210430460747728,3.5418030210716,-0.844623880488927,4.24302518806765,2.90513271694083,1.41034645400659,-1.60497552458926,4.21103305071803,4.32689390799603,3.09853450795844,4.38828961414225,3.49076773457437,0.573786454807972,3.36032494811574,0.855915325910316,3.02483700794031,0.890711336651682,4.16106604679537,3.22287164895778,2.43718725785871,6.76056492470892,2.3267031061427,4.767303085915,1.31165753660958,4.78421745784203,1.87056494076542,3.25398435128331,2.87766813583807,1.76848961359691,4.50111761853101,0.698973092713623,3.89714084467715,3.8376876922117,5.28979819628271,2.48809316323382,1.80989840266595,2.67149425516885,3.90657530013278,3.56853845588074,3.03252095372547,1.55252107062933,6.94573179553919,3.939704676203,2.19516413213644,3.34782418737999,1.9203284866828,1.21323559555212,4.26114857983301,2.4322486290879,2.97744994371038,5.04018204541574,1.00515869178071,0.929629771685716,3.21636380861887,3.296692238465,2.03677059137176,5.08039571512944,6.39151325871237,0.850794989483138,4.77245042069695,0.204067818167422,3.5131879890315,1.6058811349531,1.65612572699177,2.78745567940603,3.93805896630199,5.75008670559624,3.54262976330544,3.82596534144079,3.20238913438637,0.463726849048388,1.00276723753659,1.12181150704599,1.20588905449411,1.84922825891761,2.77682782662649,3.7999743197709,3.15789147786168,1.82193797058873,5.98051286657166,1.82402827685629,3.74679512083077,3.31029739206905,4.01473692775715,3.60854091224964,3.75467568239064,1.7774004507285,2.6663219311885,5.83407677334141,1.29103393616535,4.29010629263398,1.69653882804502,3.20967791798499,2.48366059713594,0.514474748681711,1.25846544998683,3.23439921846669,0.37043271448304,3.05970322847111,2.82959142310761,5.85483657487793,4.81923898783169,2.46056035234855,1.70616590131854,6.4586435593127,2.80294210188123,4.19185250359819,-1.65038283314827,1.09110187864227,3.75697598875937,2.61621199933834,4.29853519889196,3.19037137260355,7.2044463414606,4.43234776661557,-0.799925399782434,5.04637643720946,2.65159532203354,5.8866931809424,1.00271126158678,2.97372252482551,6.14804025596288,2.29295890114605,2.66448765315032,3.20987829138812,6.29120598403421,4.6606241150183,-0.557618844700857,5.20100064117235,5.76077142744851,0.863405583964128,2.72344082492212,1.67252318799479,2.87534935173406,2.5534698817877,6.23384722600328,-0.565376467605847,3.5216052809868,1.91134531685351,4.8793373281724,4.14317655994821,3.24477113055196,4.57897815608978,2.81579991947057,1.97626141513052,1.02641422402971,0.863959026340089,5.17042601855684,1.95181747373809,6.80218948430373,-1.25532746551105,3.9754348144479,5.60420329686293,3.81709336869272,4.63368135210433,0.0979895893459699,1.15177587317678,2.76978290260867,4.08223291841079,1.3093635551282,2.68789418026687,4.49581984186846,3.35293824854748,6.05090781422473,3.57387443589552,3.26664564122342,2.54409180350986,1.52909382626271,3.02817177428439,3.94047891839542,0.389050221981504,4.11617274305563,2.01762570589326,-0.292900237861244,5.06260242481926,0.515057361867481,2.06365720010263,-0.17205413405137,3.04128085252907,4.52010742251804,5.02709525102546,-0.921118047855765,3.07326234215159,3.07168055540412,5.12636300257316,0.170335154600554,1.66669388656258,5.16325819569,2.73633920169242,4.37804152732236,5.89189955704226,5.0369001780248,2.94648766372629,1.62456396216417,4.68938130614693,4.84173486226649,4.43967358827123,2.84430613133339,4.73735893802967,3.74861830778716,3.33015306075399,2.42684838924509,-2.4961519949342,0.651903484573014,4.92440329601143,4.63724481247163,3.65260525158458,3.57306002650638,0.504335999382338,2.91674845350706,4.59814280024614,3.54779245829313,3.57054007057581,1.08805371435588,-2.39832051308265,8.10044506091866,2.29670777451535,2.24534130033259,1.02608913623788,1.45229580043988,2.75563231143682,0.588550169260152,1.74370755655407,7.13443041182581,2.84771080202886,4.64248492470474,2.07418714204861,3.88640307562538,2.83355260376077,4.55380698167234,1.51093996786485,1.97353281797304,0.564352150339344,2.74121321209988,1.42241216335071,-0.880514800545098,2.81525391307157,0.068245481651501,5.70563647325347,4.07553084418041,5.928365669217,7.10726164421893,3.16335479730326,3.01460492542362,1.87215931193017,1.9767469861672,3.71537848142219,4.99387284995806,4.25614587171777,3.39375672164253,3.58006426502757,2.64645021856079,1.28489835046449,1.59734311084164,7.1840642565263,4.35780363068903,0.0137685599882289,4.44169475629719,5.85111309294412,1.24003516127193,2.50861083235483,2.11704477355466,2.70969906449219,4.42560321660331,2.30273418542631,4.19389165842238,2.38324684619271,-0.293315336667737,4.76940695634766,1.55042865089891,2.04507491067319,5.00836217673907,3.29385807214568,3.6797837717647,4.82548021090474,2.91487760096003,7.92260657617723,1.79346155786201,2.31133184235183,-1.04961362898574,3.86828846096881,2.92721002299341,1.27028430649954,-0.476165231036715,2.05852674270527,3.96536216289278,5.09160931401593,1.98782049950902,1.77065775260222,2.64453332022982,1.1804309507664,7.40270043761869,2.24615053858547,2.39360875871775,0.521252008412254,4.47926980364656,4.90994146261974,1.781422410285,4.29811050259738,1.95612295423681,3.51500006995362,0.713883243319705,0.836773534637993,1.05674099120311,1.88399459727578,5.18090201205477,5.08658215971758,-0.0884543773923716,1.00378420707198,3.63211625040243,4.06959232042071,2.32182474598246,-0.0923478174286001,2.2322436692086,3.08160311275763,3.20860822864029,-0.0239082803104615,1.66023354536505,1.50333264380341,2.50954263443428,4.53854385539455,2.00735531846876,3.49154621697567,4.46265028831612,2.54669201350971,-0.864077461925006,3.79217239618185,0.309037274291984,4.12017078461268,-0.653621922013853,0.327742789233787,6.29621415269613,-0.706970371235027,0.56365932807103,-0.758385111221365,4.7469335386491,2.77147867414135,2.87954501017917,1.64799616645477,0.216112907605684,2.82050089681256,0.254731078040377,2.88633434021121,1.50083620306604,1.62981388789778,-0.742779513703834,-2.29952459016471,-1.04992261998438,-2.71459957027289,-0.130115869049118,-2.22615976820869,3.67819155294657,-4.38440892767361,-1.22465133472512,-1.98919752135184,-3.0014467601492,-3.48828753625871,-5.44153975072522,-5.16276098838095,-2.89761927281098,-0.350071126656264,-1.27435520649476,-0.187617145667635,-0.216103255343844,0.302134104655161,-1.4095305231213,0.644511856274199,-0.687105236608501,-4.19563138655077,-1.90141133130722,-0.0368033939359058,-0.648148856305907,-0.92150601584632,-2.99953497652219,-0.282020719966318,-1.76504554169094,0.684183042153191,-0.617147999969773,-2.07927365573758,-1.80733268754536,2.43314194377425,-3.10042046925902,-1.70261834902863,-1.24896043182889,-6.15205373039549,0.705036110618914,-3.48373609117838,-1.60034549182582,-1.51084072131058,1.11422113043003,-3.47686599761499,-3.73789525028629,-0.541890682316451,-0.631909911065687,-2.89984771117548,-0.787967295180143,1.00181309212452,1.58899860452153,-7.34422408230684,-2.43275762620812,0.997813863865799,2.13536467542684,-5.60273088110994,-1.32380464329519,2.94842325115127,-2.17317652740583,-3.56812159149645,-0.728536450777274,-0.0933670084618182,0.433636996883626,-1.09219839201684,-2.82886577909335,-2.27139894364122,-2.43146495083819,-2.59077102585595,-0.642145656712759,-0.136289475323173,-1.30228724551049,0.471940196157648,0.968772430584314,1.29118136503236,-2.38114714737026,-3.15513606427364,0.23492237569103,-3.50038428917137,-1.96981773442516,-2.36271405600393,2.45046028447688,-0.272417658620733,1.67423611095784,-0.493417771065653,-4.73342256414489,0.605804511817162,-1.38984571634486,-2.69131747039576,-3.90695818518202,-2.89447172344449,1.08642164029563,-1.86731161459015,-5.18064784984289,1.82019943236991,1.32823586938844,-3.72672412351847,-1.99499808695383,0.111835090617359,-1.37868191156743,-0.20915543480105,-2.78995192444805,-5.40369412369099,0.11644022023718,-3.34615446729323,-1.12562225297399,0.519076588815694,-1.87705174557395,0.326634878640906,-1.71014975011774,-1.09621436360057,-0.803919615430242,-2.25156291300968,0.0038424210886927,3.52646206373357,-1.78266115776457,3.77995621402548,1.0297860180719,-0.178759949427811,-0.20068801085402,-3.13010281584669,-2.21933870116102,-2.92774466980271,0.0917550579416664,-5.66695002418824,-3.37461054125656,-1.3132718323818,-0.838289216008512,1.6912574170199,-1.4560524674746,-0.177415034754898,-1.91300940947801,-3.96737337547766,-2.33772571448468,-1.06885691341255,1.51522471166642,0.796314147097956,-3.81099207753238,0.199295663099074,-3.60270826029727,-1.40082339274181,-2.70404854650448,1.10949719135313,-3.3118809734459,-0.783688471473371,-2.06545099658763,-3.11506252786786,2.22844576819376,1.27218529535917,-2.0661214381102,1.69645356940795,-2.90142618604581,-1.36443949750186,0.614077632310921,0.0780461053655401,-4.11105153868208,-1.43936124787477,-0.539700474464522,-0.577754083090751,-0.296392403893412,-2.1063123237096,-1.27756909962608,-1.30160219561128,1.27966555133764
"60",3.86605627574413,6.53139667872433,0.238731745850628,1.6749456774129,4.39167627164626,2.6605975039296,5.28250939390541,2.78346168349496,4.86496631579941,3.8432537164365,5.71214227091726,1.2028400248297,2.10392548908622,-2.15211359594002,2.28937252149151,2.6773432426987,2.83845784692692,1.98104356340143,0.648094805010244,3.04187370247507,2.64969159627606,-0.767650440024705,1.43451334524116,2.92758902783465,3.96162483332096,4.7448407102526,0.288204226081014,1.81584386276994,4.1399903081856,4.84282422246227,3.32565003240631,8.14535866138548,0.890702147954858,2.10806380545026,3.31818951163517,3.05487378569515,5.27416586291769,2.40849894217452,2.61224059585152,1.97861310180535,1.65380104327353,5.46658690669573,2.06218771519712,4.0200754195442,4.77797707312797,4.05646285174248,4.4590073641184,4.91491231115242,2.87569635114309,0.0170425663776452,3.13210595564154,3.15754074739874,3.72433331576606,0.438967380941932,6.2798951419579,4.58839342834489,3.11554031834746,2.84799775868705,4.05546760613167,3.97184394010043,3.75842261187504,3.56303220647934,5.14235092222505,0.684070952367011,2.7708633078691,3.82839618875118,5.68523377210627,5.98510893446841,-0.82018472038326,2.2931235342377,-2.28728214294149,3.1411061144812,0.632641470495241,-0.460490412769765,4.79180197876029,2.58274668056472,8.46332394013017,3.73940790212865,3.36325315018953,3.12103133774069,0.339130266543863,0.828306099812545,6.16617531428313,0.346475613617085,0.877866947469518,5.64918018665221,3.13798420263755,1.19195982946552,1.378344548534,3.04968946550661,3.12887337484336,2.03800130946305,-0.288411210687864,0.755864144182218,2.88157976128255,3.93323750167349,5.41871872127433,8.47221820848908,7.49079556912968,3.18585334242962,1.83830533476305,3.78898089617522,3.74247410924603,4.05166938962865,4.75995454319577,3.60718652219675,2.47291436393155,5.90193285227559,4.77676338064656,0.869136188607759,3.71414244802888,3.41328555183765,0.692956071569161,3.10076189637962,1.8170609125405,3.44882561479675,1.23279671072203,2.11984238207375,-1.0899003862613,4.14750960302492,4.67991908587622,4.62261858547822,2.93292541064431,3.42320763702546,1.39883202996089,3.96087887778517,4.53864410764906,1.66267850832824,3.12184386371453,2.74905562030803,2.20683389440124,2.27399085178979,2.73365046764144,2.59087604034,4.46514082172358,5.96147482693115,-0.757459532425719,2.24946430305278,1.83756801098632,4.05947031253766,6.35384508446909,0.841309034288685,-2.76468845878878,0.902632727605109,4.76313189629248,1.41572272107439,4.51962723512992,1.04839867390577,0.938517152725464,0.460692659561551,1.7193133132655,3.98387929923977,1.66885428356551,0.91838279674629,2.90193478126553,-0.686036819815948,3.64037583423186,4.88976432261417,0.451060805882403,1.38270923369641,2.4038823091832,1.76869239041785,4.47935936315651,2.65484163579613,0.784943103045083,4.67055345451455,3.38589605813257,-0.179534374489071,4.93932501151885,6.31626025885969,2.41038751600146,4.5631646019999,-1.70460744405974,5.13818903578388,-0.672165861444514,2.63077623467062,1.36161869772516,-0.00841730446009237,3.30311216456052,-1.31749216498499,4.78768704548598,1.19393437372931,2.35910346912719,-1.17969575293462,2.681758726,7.04604081762335,2.28230870255605,5.73296589893482,0.55854598106606,4.77070152722479,4.63781791018815,3.47065298375676,1.01158147354055,1.44320542384825,1.95361440187043,1.11005094636397,2.74011270469287,4.6643237549697,2.62314817451156,5.71942889971665,5.75616642978367,5.23886350693665,2.46607666462618,4.23645199398383,4.90026065146364,1.14307313307651,5.89083515871373,3.81092012487254,5.23693450738865,3.24073722394594,5.24292195422359,5.61535600445185,2.85604382354393,2.9771552824431,2.90948621390508,5.11661678437084,-0.0140655920734387,4.30110236454332,3.75328054200182,1.79328581532236,3.48689002846103,3.69453448463742,6.41622713079452,0.0356809313805959,3.85311210266218,4.68614823459256,4.59316869609319,6.02824304335635,4.47684506878622,4.70892185079358,4.44587970002663,6.11476810163766,1.18266513819778,0.463630883096752,3.30284362192052,3.37594838933505,1.75850395983343,3.04536437990381,1.90944423517049,6.40983028208161,3.88487897059835,5.29863231129228,2.60136595960388,4.89331283979337,3.67291103339166,3.90002615385144,4.40421212178619,1.69965406321634,1.68307080215455,1.7645789810803,0.0280421006637277,2.98401245502987,6.14052331992451,4.4903328815021,4.58148239413307,1.34371205729513,6.30902647181068,3.49198823867725,3.22733299758922,2.38918866771191,4.77984332387816,0.514178061622735,4.52883675115431,3.16363116312345,4.36686325773638,3.48272971527124,5.30977323920245,-0.346670127623418,6.06460694288494,7.80557593804131,0.296020847471436,4.65266760905205,3.55928639324653,-0.0969079669964246,1.39352644539688,0.519590255306527,0.724680518368958,4.52049256833815,2.13282215349351,3.17744953858684,1.67067891975654,5.7822369902282,1.70644943710288,4.54403116356023,3.48262116529205,3.4657683570025,1.29067975777996,-0.689715016658404,5.60730608946448,4.83118787706845,2.21609857765142,1.92924078330037,3.7764670883793,4.23096799057667,6.12301323696572,2.0408805454384,0.891590298117982,3.82252019601565,3.83229910976169,0.76154964885456,3.2537776168038,0.935418647477418,7.60955520230305,5.31709071433627,0.373335706271849,0.44697236807269,3.86704364239443,4.47317989562968,1.46355671692918,3.31654811935598,2.03245366061865,6.56201590919201,0.995467451900774,4.63914562976537,0.827918755333107,4.48067651121352,1.96853183195687,2.96384623605428,4.98916633322323,3.20340311989933,1.94663467828117,3.87415073657079,1.75615522925405,2.91535982606822,2.9108578927848,4.2070560426407,4.15761888363618,1.41260696078023,3.87373245871448,5.50878510891285,1.98467158492443,1.32687203952846,1.74143610820923,2.52871408140393,1.21503686368092,2.68197662104339,2.17292271377188,1.62826517538963,3.17369728809763,0.714334001940913,1.76377155386487,3.8824835532222,2.45711340942537,4.1276406941317,4.85455272888821,5.7959253245503,1.03327323412387,6.25900587507668,1.95878785060812,3.21125670061981,5.73316103064752,2.36748834862847,4.41566088349891,2.35674715276669,2.69280842430474,3.00910539958747,4.4382760049741,2.94122397669523,0.623098736256845,2.03361729435721,4.2611675239555,6.49833525792827,0.728203178524979,4.33124031728787,3.43753410725819,1.29497735406436,3.16972020845638,3.17630643499868,-2.36569304411015,-0.361224067093608,1.94802725007347,4.72981822938892,-0.398638208348094,6.0184635209999,4.01280393956768,3.61126459770466,2.9427836280393,3.43819893765071,5.71672438758835,5.10607927805993,1.58229894871539,2.84102702807348,3.51551732338413,2.69058400095896,3.01840836002252,-0.84947476349776,2.11452725352293,1.36116084239743,3.64734791764807,6.85931653257237,2.40820260100815,3.95543833829367,2.5345434611999,-1.24585087947668,2.19022289517895,6.95594392094249,1.72212639648492,5.09044639531393,3.49739528046431,3.43100544111712,3.81774723702314,2.85652300546262,0.311728898111396,3.06635725941745,4.10023539101821,4.79246020258981,1.93957448846425,1.39003004125491,2.1323064827039,1.1115633615718,6.01822332490591,3.61189429070396,0.989058742743901,3.90781828931057,-0.340177528622001,3.96644142124748,4.51848991668878,-0.908350929113472,0.695990728007059,8.5088074363216,-0.781065777999866,2.23696813767317,3.99524851031837,-0.159993094158804,1.75691124967497,1.04151264060618,1.55492841638809,1.84833665396953,2.29047569285868,3.11288877950008,5.2256732774528,2.61757465134199,5.21122452211233,2.45890426874357,4.55793367350054,2.23268307045367,2.59432972095756,2.04847113468241,4.83995839071635,0.719246739667063,3.64784082499666,-0.28871742746826,2.20890425718197,2.32229719830979,2.44808728390112,11.1747184170729,3.88851376603528,2.67706105712669,3.22734263021938,1.60507895056457,1.00138517833155,2.4661525604659,1.3389875223594,1.57520676031381,3.42473699958222,5.29395087525305,0.730123497274966,3.39581761265531,-1.20305308422574,4.19078356238439,4.05461045325021,5.37341697865608,2.62570748949391,3.35801688773615,0.183664900765397,2.957501727765,5.29341335159212,-2.07223446850185,2.66782624511081,3.35182483523623,4.87684046034937,2.84564963078927,2.18309727013986,0.92114100388724,3.93502272514031,1.92997466189388,0.916670814410438,2.62131618031407,2.87365036522349,0.699252403501203,1.77668042220934,4.31228291708262,1.00587231859259,2.28532511536087,0.00136829627659019,2.68611935158547,1.44006809392326,5.04070332178192,2.9081032585471,3.45958495715478,0.654290071688636,2.72576895913412,5.42914090157555,4.66428865043663,0.585524748355745,5.20497810684026,2.13089566246237,0.815479771239648,0.732544404194879,3.38769667792541,4.20326420588108,-2.05039117682117,2.25872535367654,5.04385432112863,7.3366039964589,4.12367166931315,5.84164106403576,4.00976371224433,3.4868021306659,3.41363134465412,5.98473590846833,1.42585817243062,2.25698111520471,1.20139761776946,6.4850200425362,3.37183867990395,6.48547216811346,2.98580684286665,7.05237570669264,4.23767620954705,1.6255316459442,3.42280346261071,3.47638941092917,4.60563367119668,2.14498643688861,5.23355147786209,4.1672397936977,4.85853250713708,1.79862066762251,2.19183865798392,2.20101217237942,4.17837412054499,3.55328422881315,2.89114258393529,2.92360222800924,4.07208419759493,1.01365603550541,1.45473207344394,-2.47148514785322,0.744630086699075,2.74290107213248,1.27408414602759,2.73710941935406,2.19941897832143,3.74183058187526,1.85930105332423,3.05849826040797,2.18522717385955,6.14609991059046,3.02320302305873,4.33430865562939,0.342309927223301,0.987032768056198,4.34502908399665,4.78540474577662,0.375957992548565,0.349180944979908,4.84562868910046,4.04505993089153,6.65804392043103,6.41057132671721,3.73148459356129,0.42471936986879,3.40506698219037,2.86918699423136,1.31088196040272,0.323376272297888,2.09143934436475,1.06938246412879,4.07272012149991,1.91316529594122,3.01961775775512,2.67590032651911,2.5600746786212,3.67768465495282,0.789371521910706,-1.4329480600433,1.10962046432186,0.556394369098956,2.24227489619682,6.17017643126647,2.18933256516589,1.78918788588516,4.33677293629086,3.41803003683708,1.55941497457253,2.46715180400354,2.57576305991215,4.96006203600253,1.47096537702028,2.7821407909073,5.99175386810742,4.07573590473669,1.9755699158269,-0.339587429044305,1.98609482193202,3.60438302324537,4.30761488898525,0.406992828624802,2.27994131299455,1.50437283851125,-3.26078851266229,1.53809135074142,-4.4688478933812,-1.84260830846007,-1.7234464175911,-3.49421112229454,0.254977721866277,-1.40459779392292,-3.74472340979486,0.242397718593375,-6.17330633558811,1.30818941772042,0.187278174414853,-2.36943812510893,-4.34907932380153,-7.5019331393093,1.41571305958182,-3.01577388911512,1.01918894762419,-1.1626461647447,-1.77700021042581,0.704491191412054,0.0382716249833326,-2.21112322273349,2.8744631780983,-1.48525448165707,-1.49852241476249,0.240032568096961,1.50874863754371,-3.71546841470024,-3.26446237706019,-2.30181736847782,3.82021453184044,0.20179160693313,-1.87312000724529,-0.837061769805883,1.91001307708274,-2.01484843610646,-4.12563772983253,0.0400428011086251,-1.4610381466748,-0.833625826594142,0.281388747313785,-1.7801689985257,1.46626647065782,-1.64949942065453,-0.0124130575264647,-0.2918465530197,-2.54391403679316,-2.53106600420588,-2.99087917126055,-5.13434599837696,-4.69468740364394,-2.6391874802459,-1.11794573830819,-0.87632944968036,-1.33732676104039,1.46028466172304,-0.0474866583092031,-0.588178077265993,-0.47903657592303,-0.066071229412448,-2.62680927001362,-1.14130312107073,-0.802919235083231,-1.99680974702575,-3.15311307603317,1.22721914047171,-1.48751062684837,0.385956862030153,1.04628413616261,-0.575491694866193,-0.303792554426236,0.879729981608765,-4.79913944180641,-1.11477558233238,-2.03144427527076,1.10704718948238,-3.28483523549327,-6.33098701255179,-3.53986167220322,-0.0488681502497254,-1.42745095564002,-2.80656402289892,-3.61898248111279,2.48845782932618,0.792680006981315,2.29307667251169,-0.583415429760803,3.31638493340539,0.232836800619684,-3.75117524434236,-3.29177493361739,-2.23040169778184,-1.86509856934213,-0.947303339920614,-4.08419757429394,-2.39380068390592,-2.72879033288174,-4.36302444431223,-1.45463791139932,-2.25164257792592,-4.4993070908129,-5.11975394749771,0.475139983762729,1.68263054897578,1.52969651874792,0.567696997791115,-1.26293763380653,-2.11798755094264,-0.837403969347757,-2.41183904603238,-4.06206625985293,-1.82329224804733,0.325731232978016,-0.787894002251766,2.64058440921512,-1.78762286906904,1.00286768770296
"61",1.75225786904328,1.87697393664189,1.30577858890989,7.01526631495794,6.48399998760371,6.62179481486694,3.45579930715703,4.59370515485345,1.85075950408391,-0.351881024085842,0.0376475436533377,1.31993618426911,3.55038948497672,5.52991750930999,2.81864076927528,1.96224526008417,4.61362580993619,-0.451443774430122,1.14301795014204,1.80446782071693,6.33693264641174,2.15472921127387,1.63730264943686,1.38232449882661,1.83966388777003,2.02160630370819,0.880332167437647,4.66001182488346,2.03540836499894,2.59732869895002,7.63408693008894,-0.836650675489989,1.93328677099472,2.36350847406322,1.08586040263627,0.461683554096588,2.59865657543217,0.518618561829364,4.82029377258787,3.18962562061876,2.77123403769068,6.44500412051538,8.24142432666216,2.39144848616035,3.23445142257029,7.24058807246127,-1.34447985420654,5.0175687078032,0.94347429621671,4.05157518443005,2.4760300141669,1.65845654519634,2.44981204239504,3.30538252057238,4.51002583863572,3.24672249031105,3.15015990745429,2.48852603338161,2.38517309442207,1.97519807835322,1.30916539660048,0.349169142352265,2.48703017987472,2.32477618646188,4.67364154961043,4.4840435483103,2.62910972444237,3.17736911562139,1.89732134219172,4.85594872054143,3.58193368815862,2.4384745511076,7.64742201511159,4.94417654709234,3.84954428182564,0.760983194953766,3.69814653900743,1.52525711223489,4.89523903194983,0.947039435344228,4.54018319208544,5.71453046895407,2.01099055570647,0.0137464655432793,0.552405488931037,5.33213298127845,4.58221552810234,4.23278684122561,2.9795878595803,3.41952740758634,1.6289343662526,4.81790259370563,5.02644089599214,5.03566208118995,1.58620658914772,3.4884755523052,2.13846061209715,0.224340331744134,4.15932529910292,0.868130547177273,7.31163255816047,4.5203342757515,4.75036649985541,2.09502912287063,5.2211813639897,5.53761256118939,-0.692779939112737,4.69428481226955,1.28813722663646,-0.128739455620116,2.94000293473032,3.29346846072975,3.45407363883171,4.0990491599899,4.26596520192983,3.13084226634481,2.23204904418667,2.32839545488795,1.70193099099404,4.84610118601378,3.66348387485697,1.68905781775496,-0.167778624263421,4.6679891493494,4.68764891741836,1.91666135215274,1.8049484795337,0.589381304135724,6.30345253061499,5.38004492459918,2.14180378770688,0.994943290126481,0.747305442063291,1.74553962266911,7.44091097955174,4.24733258513909,0.336821800611766,1.99337407576188,6.208253028537,2.52174605668177,2.28758314570675,3.04686348477631,7.60188940755126,4.01891027787465,3.30368956210493,2.48781865289175,-2.23932539071468,1.6471200732797,4.6240184118585,3.88714612642996,1.99182442333292,-1.0156834992673,1.76487326009177,4.88698486130285,2.25375410814287,4.16004651838105,4.19576892765843,4.51780904312151,3.64567377593838,5.93688423243198,1.86640498818931,0.685266041533622,0.846042250353103,5.02031464381274,3.08931411002139,1.57053708807304,3.46377485121103,1.09773935059148,5.89338073671954,2.31245616891157,2.9367804268753,1.65212839045771,0.48807197520539,0.357010306448044,1.26019949855637,2.59965014920487,2.06720015997343,1.03798185202994,4.98935529191764,3.83159125313681,2.85612743297057,3.28921526405318,1.91025153722814,2.06067700755131,4.084828843234,2.67085592678875,4.80588230089998,1.95342389245748,3.82719532248746,3.56638601152401,6.87547091201023,2.78688739567986,5.24301585551965,3.25481395972193,2.67007746092968,2.10457236757036,0.255459157397993,4.80176774755634,2.91331509010631,2.28651292041393,2.68142118567021,2.39057620801328,5.84569234803024,4.37613498278319,2.24086373136168,2.41212394751875,-1.30415643091885,3.41458580166067,2.1520322610528,5.48498020108402,2.5191788482708,1.83164958496391,3.98889096412644,4.24145470031942,2.96737579143665,2.98842982865605,3.54894886958656,1.09435053671839,4.03832974845893,-2.81560865411787,1.11230522130959,2.22782311361544,3.03536066386384,2.28330626831141,-2.38134055630853,1.58622830908969,0.65510894944866,3.62297225655836,7.2351158574991,4.61692421536996,2.36207514046087,3.95313137553909,5.28170145529348,2.31297802687033,5.44526746952677,5.66369213794492,2.34265378978746,2.32422526235383,3.55557540317024,6.66048620498665,3.03528672489597,1.38677282195436,1.20629819723184,4.37922685877242,1.4110071162136,1.50606141961112,1.6158082581406,2.40196709245241,-0.263733743549114,-0.364904264148186,3.38546459726368,2.60285684960178,-0.302581129592499,2.02086637508973,-2.5206071831535,3.05225811536821,3.33496511597569,6.15014528692137,4.99430050319306,3.58783860982902,-0.495006377073759,5.27356569628055,1.87089019663516,4.58869142533446,6.18164056270311,6.40467397493281,2.73308080549113,1.32032976563632,1.77965215379852,5.62042810173854,4.68795464214524,1.8263112044041,5.36143100119469,5.13944250901608,4.2658765391063,4.90585504481649,2.20338356835753,2.95246679589804,6.97776458496659,4.08092930870911,4.59844891721414,-0.891325297498118,3.59210101843969,6.63420760507114,5.06355096643233,0.792899446070178,3.24756881101126,1.75686714806652,4.37476066820895,0.393478595656154,0.817874288272112,2.37110007341739,3.70307721221349,5.62993504151621,5.29491912659809,7.74344237987955,4.92946718571068,3.69185808115883,3.6408602719922,3.81075459357807,2.01068761433861,4.3012983708599,4.06005290084672,3.89359537452877,1.52293663384836,0.60619778449402,4.7455551488835,2.9625944466925,4.72608103454082,7.32211545884275,3.29416096595548,3.59629679255682,4.03998129976401,2.13840580122777,1.96689281522092,1.14637385955095,3.68850623957671,6.30424714864747,6.16820747848997,5.00540619171749,3.16285786387276,3.80480055387876,2.77983640381199,4.96146031792274,4.53486022539716,3.69371167324352,2.31667963880908,3.90853323753608,3.6548867252542,4.14747601639241,1.3849989595629,3.50234175564731,1.88890952063812,1.21129335674117,1.30831701157685,1.20059508903251,4.19277412087884,3.03005875425047,-0.59234233163978,1.90616107426977,1.26779356597399,0.317483776707581,0.954088292736522,2.41004184149525,6.10251017579648,1.53822764409526,4.307250764191,3.44633542142616,4.28795607259734,3.13108496836094,2.48475771338397,2.66907780032493,4.54131207836501,3.7443283811797,6.9945913403031,1.60047113535431,3.81193997289264,0.408747031328549,2.29393301199539,3.49568644147141,3.96336672178849,1.85979910895452,5.13779521646921,1.32264197286312,1.79931733571832,3.31138892278128,2.28252118685824,1.40435625265523,2.27353685823112,3.12248028011796,3.98839282558806,1.80561643276281,2.6559499267995,2.90445088987378,1.23582608372432,5.38022198390764,4.5886153012469,4.36775195817353,2.25838842717432,3.12705604059978,4.74616054547025,0.811982328631285,2.19730016064064,4.81352395343667,0.617622957519607,1.16918600044432,2.9456374561753,0.149880730052633,2.83392117046475,3.73531570904743,4.44050513235533,2.95459573998587,2.03427766375797,5.95330928470791,4.72785210819151,2.12685867415459,1.28458444661081,4.33260410939906,8.22276861103357,5.97505286268027,4.36637432263267,1.44413447176903,3.69460127725653,1.6139093685837,2.97147036070267,3.34378874549474,1.62115975806161,6.27780596371649,2.43343698623143,-0.618366509655225,2.17440120167741,0.435672627459561,4.4454588888438,2.34821746643127,4.85120954949579,1.20885991009091,0.89491264255759,3.06247325078671,1.7433134432105,-0.330681311080668,2.31811198836873,4.84895156063925,3.49552435969579,1.86596969992795,4.73077952178147,3.94892600022167,4.78472387311493,4.95061902551934,5.67456002490843,1.99405443852455,2.76557609692713,5.49640746297081,2.53448940706713,4.59905430690725,0.0304673544076599,2.08266087042441,2.37917675363855,4.78463816502272,2.03627026129908,0.432095249840352,1.84032091440925,2.30058451602445,5.33113778838294,5.59019764194236,-0.0923672927039543,4.16438882410835,2.81510849406087,2.36006864386605,4.83269111147924,2.13399928981971,4.32868649630739,2.11693373238104,3.64253237788826,-0.136746376830323,-1.87667757817183,0.277812367484114,-3.2806205181649,0.166121179943644,-4.02658449385197,-2.32011608598328,1.19489643296514,-1.3190880514799,0.415646663647863,-0.161059614108448,-3.21936572911766,-2.29977891759785,0.421842407625749,-3.58595665927261,-1.68480336997511,-3.66224552681011,-1.7738981136353,-2.87936336171586,-0.692770829644047,-1.05049245405787,0.734195643238608,-3.65649967680735,0.584166396009468,1.1866675630896,-2.12412510889723,1.49658646072593,-0.508167919839732,-2.15213178551003,-3.51392259114683,-4.16353484102342,2.1943033863175,2.24208328886842,-3.2933303984535,0.30620460320781,0.776323421913134,0.572808189129186,-0.875242049041005,2.88176900563548,-1.53658232172418,1.86908712023545,-3.07156802890662,-1.6433048967704,1.45622732333592,-0.429224654621599,0.19454510565194,-1.30586495299684,-0.665420644931899,-0.93839374086913,2.90937341220283,-3.56475017364006,-1.07060696765604,-3.35020492755966,-3.77948449180044,-0.217267228747663,-0.954940863855197,-1.1682312515068,-1.11639063816383,2.17731466006775,-0.581419023707175,0.583194972189941,-0.577115036738264,1.10487749562771,-4.16346327870475,-0.363959662759598,-1.28783351932988,1.92625561000175,2.6378299232466,-0.76909541843236,1.98375043154503,-2.54829597223397,-1.44497714458985,-1.40950756889095,0.710429027231722,0.311737570992416,-0.992632758420617,0.124040690756359,-1.87356033963024,1.67625229887311,-3.42461747882533,-4.35105738315263,-1.45047860764777,-1.8264050404258,-1.16636581920095,-0.892048018552708,-0.501675191694368,-0.0339121187442404,-1.5116197984365,0.456880549078317,-0.982381923121876,-2.82518108928288,-2.57270274044747,-2.88957929926664,0.453644799638967,-3.25063492822829,-2.13112605362068,-5.82660918104594,-3.38389924365871,3.0017310212708,1.48489481699282,-1.10538222529486,-4.45848042237611,-0.389023263778996,-2.41138248396247,3.06141549998568,3.1973827074817,1.09658199234136,-0.375946250104396,-0.516553602571057,-0.646542106128036,-1.38803917510444,-0.333332733014689,2.11414702132697,-0.62820328501831,1.27335065321395,-1.88246878473368,0.882423288876135,-1.48453909394643,0.256587170516221,-3.66638760745043,-1.69721500188681,-0.714471709009327,-3.41568567922919,1.74911815588201,-2.86237132119518,-2.53819139083321,-1.01719277599427,-1.57383415235368,-1.3139898200731,1.37605405612926,0.698738379388202,0.896083122911194,-0.254951708569184,-2.6687137604524,-1.8746550824218,-2.23339153983549,2.0512710186358,-2.23113099990524,2.48706104828433,-1.51184325796277,-2.17639093456043,0.364861514174395,-1.31782209129752,2.86331066770331,-1.37970196086842,3.74743253268533,-0.831297287646732,-2.64381213253842,-3.63538759009771,-0.62567136648722,2.20306320070477,0.56766912684524,-1.41060152485436,-2.04514953361004,-1.95579803363697,-5.46548514827622,-1.65079938799918,-1.30251877179745,-2.28201832888134,-3.46135785688978,-2.10506782179574,-6.45829226956576,-1.71262111197992,-2.61684360591833,-0.368021788684345,-0.514398393353594,0.377847830060164,0.0865267676205026,0.22091944680603,-2.02573873563826,2.91783044525884,1.76108420050209,-3.13466044960703,-0.951616828188547,-0.935381118487827,-3.50532668352369,-0.652659271608645,0.452392089866653,2.25489676179363,-0.441828763147323,-0.840653803936227,-1.36417955369283,-1.40651705549795,3.12472062194308,-1.6757509924442,4.03711506414328,1.14391019425195,0.13722011202467,-0.884496565960397,-0.350573110480256,1.50936215367779,-1.77480046412952,-2.62786692214831,0.581151335958286,-0.913203169412117,-1.17051037299235,-2.6981946481552,0.397155582849655,0.897696208380248,-0.469574834537506,0.574808468647021,-3.79171938032812,-0.0540128304673037,-3.62980426967585,-3.59493751564319,-1.79569815997416,0.0968722501823986,-5.62093818900126,0.238113906325154,2.94389948844314,1.11295197607708,-2.40275396330258,-0.349903452745494,0.131327771476293,0.607333184871065,-2.42559387456101,-3.26125561361085,1.51329312375751,-0.456673818924484,-0.453374541461537,-1.79425970028828,0.524493025829904,-0.450732965492131,-1.0508309424864,-3.74577218664979,-2.51851467372227,-0.263915306299473,-1.72357862342628,-4.60372845037685,-0.635542457413607,2.0385285885629,1.03215601962095,-0.411127056752016,2.37429135500985,0.526274489343883,2.32166004716409,-5.42025829811474,2.14201584414724,-0.0903218378302842,-3.98027616729251,-0.871872681022817,-1.5794868775714,-3.98551340240717,-2.29840848679361,-0.331960305786414,-0.937332033948103,-3.30076905986309,-0.00455542787799945,-0.898457453404109,-2.11929519296657,-2.56377700853574,0.228171098197542,2.27868804174379,-1.33332568252499,-0.869811633922958,-3.24823042499202,-2.73448577182439,-1.0891097778307,-3.12146247598977,-3.85984366855362,0.699321948582915,0.415527043022986,-1.52248427833105,-2.35363351481433,-3.5860476366203,4.01143029446888,-0.20580506751537
"62",2.6199202258046,5.29150965194099,6.20397495422129,0.649167116259473,-0.22166541886016,4.80664957672235,5.49221615867007,3.84403110610318,5.88435330774104,2.75460270301226,7.13567359563173,3.2251628268881,7.54439300457871,3.7271216117812,6.70954428038584,6.07889997759561,3.40247224500278,5.45499791413721,2.96718351567174,3.8717151359949,4.56188534252606,2.58464304428189,2.79249946149529,1.93662033635929,3.2315738320211,3.19293589142078,3.28403248032392,3.70481100491396,3.89086479188942,4.2795107834347,1.79425483583954,-0.966632021033563,1.93520242376082,6.09669789148972,2.8730850980933,5.24125922596341,6.13211797713392,1.24999573570755,3.80638551152409,1.86775853750762,1.38137139065296,6.31629214979086,3.42538275571527,6.04211155605369,1.94496567769003,3.89106076785099,1.35730227463106,2.17279343437465,0.949405603748247,-0.946257847760858,1.82592029471666,-0.570212417649336,0.505508555242373,2.46246538046111,3.97040452144875,1.36613858407254,4.72296058129744,4.15758938692709,1.6221286804162,-0.655449758179043,4.20593872619047,3.60617228878111,-2.51661456881268,2.78047699240003,3.61635890417983,1.63071769486845,1.57605136648764,2.83401477437409,0.668795721208806,4.67963678995398,1.9987864153967,1.71758935276295,0.763691671615848,-0.261317994204022,5.55527940258563,5.79482836784489,4.37587041084083,4.45837910446364,1.33859167188266,1.73460101277659,2.4905605897233,5.68915087548863,1.98761693750378,0.350524297154711,3.49776798578031,3.36251848305591,4.19796264810356,3.46442861967373,1.90518902389957,5.08030675536963,1.79112914699414,5.38131864460066,3.65422362669322,1.90297815051266,3.18049243827362,2.10184639556761,1.19563723721513,4.23341089760738,3.57234378095944,5.45615651406309,3.86870722963017,2.63349127715141,3.1221288120214,4.60703745627589,5.64491633477575,4.40654458891777,3.08156842295421,1.72779154838278,2.38063654328652,4.45435061035236,1.21174947450629,0.249393305894637,1.04036589821383,4.09006221942873,2.71132920919037,2.74301914359339,8.46505744582388,3.05261340560242,2.32585825603528,5.04901834251137,4.01180958524867,-0.00200206231451761,4.10903270779458,7.75918305926663,3.86083567181552,0.719267876755553,2.06589758227952,5.22228203440748,3.28547056069851,1.99498059916736,4.75850883754304,1.51963557198084,5.02794383627919,3.25346878643679,1.48321838154761,2.87304161961406,0.666384390648111,4.12699657866002,1.95776829633197,2.42707033699303,-0.905995865956406,6.24884427579946,1.38920212750212,4.28082869470362,3.94589283497912,6.27341220851117,0.0533838244706608,1.97154002267667,2.79969253551268,2.93408502503521,1.94009365903626,2.263120326917,4.52760531866367,3.39992161678106,4.4806188993017,6.09867937972985,1.78119500898992,4.71583671152561,5.70327082463398,1.58686062405913,2.08947914750896,0.667572346905493,3.51651651644711,3.09946096639488,1.0999619393032,3.61326194916528,2.09286259632374,5.40020805554234,0.828293560758967,3.67192199686516,2.79774060590459,1.80162771074837,3.92655095300259,3.7871517034049,4.69702260071033,2.8994322218566,4.57285941706269,9.34157985007626,4.16974864468744,2.83601970205308,4.1499907721791,3.04089147674852,4.11936101197387,0.239221699315689,3.78269374104079,3.32611491516446,3.49324862764026,2.55228439088981,1.1931371845789,3.15037885445001,5.08585813840946,-1.92874796041831,1.54147023554491,0.664044024193623,0.386551659152303,2.33333894320891,4.03766800832211,2.3708530667094,6.02747631570779,2.67365690682307,2.87523285404854,1.99589368982897,1.5383958087948,2.98099195660551,4.65336443780207,3.32874506946033,3.83928101815671,8.603212014497,3.73735178742529,4.05997387029226,4.37811542752608,4.45228837725436,3.41330075280212,0.801924002219953,1.48233700939558,3.80311189685217,3.0844433892979,3.62428235559704,4.28903881834193,4.60691208188978,5.45324599599986,3.34633711314886,2.99887758100556,3.85566758315998,4.23555281964093,2.28398845770472,7.9657855009716,0.46441041817027,3.70523342460967,1.74746532000891,3.40123293145836,1.55777114774123,2.85443868225395,3.56801360137625,1.04050908246126,2.45322714400154,2.06075827164802,-0.351016175413925,5.10688211817448,2.3875783811864,2.04893093745941,5.86544570801692,0.0911483861956608,3.27229151818443,5.98110902060442,2.53501861938575,4.41236545192225,2.34685630185991,-0.342195871536008,6.43722718400148,3.72513410220025,2.52921448491315,1.31652829431664,1.80792692171841,0.387208253773629,5.5039474369886,1.38605650085327,-1.13030508757495,4.45878867618774,5.60121666271088,1.32385045797736,6.36023411875176,3.97820520840245,1.76424986739807,5.38389341384798,1.50876816585372,1.60400406132971,5.03007076417256,3.27747094322593,3.05915599624433,5.58497096986442,1.79421848481064,2.28820787471114,4.98850873617805,0.112261922030207,4.05032824656545,1.19552042624316,1.26308959340876,1.88541318355801,3.47241895548276,2.23003602706053,1.26556184634992,1.79226421491436,3.81203023552849,4.9846103572106,6.37210832875365,3.85592687876843,0.306274595185856,5.83449216130797,4.10280357892097,-0.361330941973666,3.62192369665979,3.33838701099348,1.13464214655203,0.287223323689072,2.6391915451249,0.598252458841981,2.94323510455965,-2.26049701687576,1.66370711077479,2.50703179121876,4.24212772297514,0.783338441617647,6.08583169944198,4.66078539019622,3.2951688955474,2.15804371984699,3.76385973381232,-0.41962776641739,4.45731064721165,4.03782835863267,5.06257808534606,6.4378267328504,4.77988676819507,7.53404692191951,0.442901112317737,-2.84191678786004,1.7923273850567,6.24532744481092,3.04890509116779,2.1559980537044,5.50647052252148,3.43621960961034,4.15078104893253,1.56867096767256,3.58425543518092,3.60257556751727,1.51930451082603,4.06176018200703,1.96039196731572,6.54910461169142,3.22821065473078,2.18219453958023,0.937370408645151,6.08037075070844,3.56808570743008,2.98045113030316,4.13835635940698,3.80205604437668,4.03599730617041,1.84434607202416,3.86433580230029,4.03996802654891,-0.485837184707778,2.05435150961827,5.3676680364878,3.42621800727036,0.225252502786766,3.54382807725648,-0.882514052123226,4.47650814429153,5.750137954936,4.16176141040386,6.59780247565823,3.5037049390783,1.62292523078176,1.82061076301963,5.84749143040192,0.191885092742575,1.55974096082026,3.24210836282618,4.56268993776369,2.46989982410337,3.17515338050893,5.71270601511417,2.87335545733561,3.19963331956215,2.78608056579873,3.83778929040077,4.35517274456942,-1.40432945377761,1.7972934938065,3.54535013500924,1.68626399763385,0.632644934623444,2.66908460676199,-0.117525514079302,4.44841400281322,3.3976772782517,6.88752920436035,4.58109955109887,0.746500613737166,4.03671410016335,2.05635965021367,2.83478280858558,6.70987306367287,1.87974613875174,5.23746205250102,1.33636913928587,3.67916909366439,4.64809575006894,2.12229353940724,0.381001945653908,1.66192392063903,0.45968244643314,0.168796006418163,5.3019634623193,5.68272169944623,2.11471651385493,3.39911422885494,0.816257085128965,3.70777762710367,2.85704477949741,-0.0565792490947099,4.7146300183136,2.34128717547421,2.72090086119545,2.01549368472243,0.499581858408757,3.92981326924744,-0.323762480921385,3.98269387125608,0.0863697641826291,3.32081212835396,2.28939155303675,3.12554766825806,2.81291235310384,1.76384913053455,2.45100715450437,4.64480558109651,6.24779482836291,1.97464696028932,2.01759485719207,1.49075730255476,3.41106011654838,2.11968253257678,2.55337072301034,4.1163887749067,0.650484387196225,3.968057809309,1.92056324585708,4.81010221637496,5.65576057393629,5.83738975474005,2.45230374811522,3.95986384388068,1.56890110277203,1.63576329513164,4.77266374050883,4.05687334956486,0.16304833769801,4.67376117558216,3.0158680018483,1.44956269182059,3.55352039384632,4.81787199293333,4.69930327560921,1.29484429873072,5.07651412621469,3.57316583084004,2.26591375112999,3.09301771141123,4.90659688668639,3.73970246623297,0.424382266261421,-2.06251762128096,2.92300854965141,5.74350793059248,3.42224436872681,5.61061463664647,2.58002073678159,0.571726523892987,3.37794062744999,3.83589862552261,4.07186481920977,6.25191710907318,4.33612066557179,7.59409037745606,3.37416970362807,4.09937580709421,3.69992192813492,7.08077850237719,0.560135962490879,2.76671741396819,4.17660995409345,4.11413245215638,1.86835774481113,1.40650409740931,3.03402145662675,0.345418855289998,3.45934928558525,2.27637330790503,1.60836221862972,2.36626169797093,2.49891169699393,0.767486478422398,3.88226880555743,2.41458589901015,0.878580526208399,5.72774475264004,4.03409005599182,2.6747005131831,6.51880791342731,3.03642894436838,4.92310152660273,4.76076381862923,4.535239969717,0.57290994299363,4.12074106093449,4.20287970364237,0.873944708401979,4.25846184753506,2.47171508724822,0.124146072492282,2.43158670899216,4.9928623452712,-0.190433849225402,1.60563558270495,4.81937260045722,3.66610289585623,1.57064542413554,5.65683359828562,3.53193320577575,4.7861961492206,1.20038680422525,4.49085610924074,1.78597144552997,-1.76983477888245,3.1391546980115,2.86850469062846,-0.170405724624521,2.55495505807588,5.50047531240864,3.27425273774628,-0.150544517026797,-0.0519136540042089,-1.6150342183648,1.94345048418167,3.45129285450392,-0.338884680205237,0.312703002104066,4.29508289696998,0.81318073027687,0.887191843875506,2.74704687571262,5.72704302762272,5.01644633880286,4.92790796429549,3.56387754798821,3.72771918669413,5.00635257690154,2.61501786579409,3.89974054685335,5.01197515760989,5.20270600897082,4.53611582292223,1.96153594016193,2.92699892259167,1.47189978036679,6.10184997988067,1.91288087100867,0.58148088990511,2.67181627661126,0.800647297083724,6.98344247338726,-0.783255802105502,0.672428682212173,4.34355438881429,6.3690905960552,1.15724332115631,4.13740287126344,0.874534363448666,4.20504500352177,-1.03688491279472,6.07034832879136,2.25976428669763,2.86315869484163,1.6238029068395,7.48822397407038,3.07640324278996,0.92902071354802,2.10008305223313,5.91867071176264,5.20286261144282,3.71741502873739,2.03485428722141,0.988396711379597,6.96930197200685,3.22483554468475,1.72454809037232,-0.687385226430078,0.471605059552399,-1.95004262775429,0.0726751993769954,-1.7030873037614,0.913136874007531,-1.50220911100542,-1.68103019624353,-2.35077364017334,-2.70982059039465,-1.49922228489045,-1.71634740733655,-3.40399473422905,-0.535310762987616,-1.05015949103161,1.06722609096795,0.657422055742372,0.2766491698912,-1.04139634346957,0.207319444643496,-0.162685158619404,-4.1807146068075,-3.35819594576627,-0.508430913613988,-2.46291965222231,-0.316140858020444,-4.43878734454176,0.113574665572428,-0.901865906081105,-2.51046055013736,-1.60595345768563,-0.268846852953428,1.56405586069916,-6.47695391166079,-0.598897514830226,-5.08309448047689,-3.17076784227108,1.28292962232311,0.209520783251254,-0.00720674196147664,-2.3958838514439,-0.463677196894042,1.21317240806718,-0.545745119241624,-2.64219944511556,-1.98428712522086,2.56831774755439,1.78654550435423,-2.69766439561973,-2.91565365532716,-0.0546334093003144,0.0223088978208448,-0.752084666959359,1.8513953698003,-0.944222206488791,-2.16646832718554,-1.00162491826168,-1.77954675482621,1.10232558508671,-4.32827455961461,-1.51318995975673,-4.46240575086962,-0.539034865847176,1.35264504037364,-2.84009862004736,-2.15580920030792,1.06564235108246,-1.9197427171786,-1.61345845262454,0.346071806062338,-0.292392067823025,1.16204303828743,2.91894553214254,1.42311443113966,-2.71198903296725,-0.221661491830818,-1.93646225556276,-4.10615179284823,-1.57888233706452,-0.592182144198749,-1.60798038765751,0.288558863872768,-1.32457362057721,-4.06052328285691,0.729441554137166,0.423842547943696,1.99870707948586,-1.52602925677787,-4.02249290627332,-1.16202096149834,0.293511252151412,-0.359264778989678,-2.09490579252136,0.0590471551480465,0.443293943776427,-3.36558188772612,-0.733805259252346,2.12205133996591,-0.667728997998402,0.695362233877971,-0.303674626676561,0.29423607429638,-1.27027783203471,0.15894178461661,-0.455805622187905,-1.25444829234726,-0.970172569735009,-3.07671335234741,0.421852588592978,2.14800733197906,-0.65122352236633,-2.91529053703223,0.102558455664497,3.69183633710605,1.60914802808106,-1.4003602372558,-4.53838094759875,-3.59453149074209,-4.89237346740364,0.715843917606504,-3.09995105638292,-2.45635998882938,-5.01650227382748,-1.02489853606082,-1.34310275110319,-2.56365847575995,1.75945405217891,0.0395835108952753,-0.573167022263021,0.585592341803824,1.49366284731999,-0.459956212640263,-2.53934267472763,-0.452075919161488,-4.28357095789096,1.58006830684956,-1.45093620692845,-2.94831609306073,-1.71038303138224,-1.85164098076166
"63",4.79227004127151,2.04291451355053,2.97876880646719,3.85457930913086,4.05099168718772,3.97230846466458,2.42484496342281,1.91002537991031,-0.0638200057861207,0.00754780916190345,3.16931976374697,-0.514332771830113,4.71654719364602,6.13642300068246,0.528284102885304,5.33107664240793,1.07553018069259,4.18775275924331,4.70844608152755,2.62215519379409,3.48361235796246,4.43026906103506,4.7254835148886,1.15485247186583,1.4366792971239,1.54515590191706,3.76957841702714,2.91486724692993,1.24590109830299,5.57157585455841,0.532639286555713,3.94238425535567,1.54475900384608,1.76075137401203,4.82373392980503,2.69014655990899,6.21900576424976,3.7355427467182,3.05899241256519,7.32545922876426,0.468095781756453,0.070209323279657,3.67619681169768,2.82215152219256,4.29859680404438,3.68562105320557,4.62716155982034,3.69801381626899,6.12345441476095,2.86963067686141,4.1990602504587,2.14214840403269,2.77447086183325,0.624396832597049,2.03423247909255,1.41219267468005,2.39150757187113,2.17856602021048,5.75581657921757,3.81472835882972,-0.338542042407629,1.01627726783042,5.6169641845976,3.9606936954771,5.3428635649503,0.40179940124393,0.726360777421682,3.12366777399074,3.23117414066918,4.71445755063076,2.52263063693553,0.908723817269216,1.18406590227364,5.64377407408892,-0.224352278626381,3.47199589156871,6.82961808346028,2.10821749128355,4.2139175451145,4.65727817890239,5.00834090535896,1.4132498343767,0.0112502843353357,5.43676457056807,4.29071547449238,2.26192247511985,3.53770697004966,5.98310749204569,5.75548380457809,2.95513234904572,4.1056745062791,0.343213337948082,5.55803743968746,2.87694531194286,3.2960183681324,4.52312352639701,1.67739365293016,2.81465617025352,2.90150515913881,0.576619539568429,3.13498726257515,5.65420823556419,2.77246577632409,3.20755790628019,4.03163866234968,6.44441012003201,2.18434763496658,0.889902230674274,5.48308500218823,1.9193636284184,4.44993948273777,2.39040022580329,2.17695405760458,4.05156017078829,-1.05821053900639,3.1093168198117,5.61019170889235,2.3100124561359,5.86810846098696,-3.15274331896917,1.13774800480667,1.24776993911778,3.47617514593406,-0.0177719597631802,4.21893347725364,2.01866006993835,2.12748180046319,1.61640690789032,5.0744039848519,4.26077596533904,1.36427299440826,5.87176970520603,4.3821036165144,2.82502109293213,1.48658822843129,6.36102809697413,4.56276089472357,4.44082809265726,2.04175565096281,1.63901006928752,1.14785854764207,2.4672639819439,2.82932853119325,2.91739159350819,2.73039665912927,5.41381183811021,2.67715114613735,5.76739593124424,4.31526924972839,1.79618141247927,0.596804356672573,3.27611025050842,3.67405687166254,2.42877690484123,2.91011308846775,3.52163367586432,0.334893099740237,6.3028731322773,4.24205079207405,2.88164158797335,7.43283930089721,4.50190572365784,4.81827832979946,3.22972019503984,4.39311520129979,0.579241081181748,0.160585452361519,4.57680707534061,4.67065066681934,6.48032402221243,5.24750122267512,2.94888805292896,5.28814595765319,3.27284253528951,2.16094524600763,1.59287092172959,4.09452448430938,0.871279462964754,1.06217616023787,3.45345558778847,4.20663380611376,0.0612368548039957,5.83889412875951,3.76054890893595,1.57673955377027,2.07995463777956,2.26039083550017,6.64043445215121,2.9431260217239,4.26988842570377,1.8027767120278,2.68757905485239,4.42084535401166,3.74423562841193,3.15933647358366,1.71170840877623,0.512783057547275,3.40747271160457,3.33576900707491,3.09582271028142,2.9837078474424,3.17403748701197,2.59714569251617,6.40473534946718,4.66151494198052,1.60977893395445,2.84786908719705,1.62045391124522,2.63173318114909,3.26763464970888,4.94796231557494,5.83115120525409,3.47745000316723,0.705017380044393,3.64467020192267,1.99718531601364,4.04893844751001,3.71948470094981,6.07746123034783,2.42715356354669,4.10204804072443,4.10423032849542,1.48254562609746,4.27601035218472,1.09281051172789,4.30026075802371,4.08624036359943,4.18273224478399,5.48209646505993,8.07655290552406,4.81749823748675,5.36937555428963,2.75072229850477,6.65915373730641,3.03239012234638,4.50985069208585,2.31226240458601,1.36590693691001,3.8322130075507,1.54074010655885,4.96530557165429,1.60822844619469,4.88547061201742,4.03337997943795,1.56825112129057,2.73828506803487,4.86259444193994,5.54481570869048,1.999415930729,1.95326032583377,0.402173631070293,1.18070327765733,0.69778611978461,5.04776853059663,0.0241510975153747,1.24071817958205,4.85643453249166,-0.604749198667705,-0.858648597561225,0.436971557690677,5.21707342080744,3.68108590648204,0.94770155152007,3.72590566197726,5.82034701400699,2.12342901383247,-1.99455722033338,4.43767965590946,2.84870462683864,3.17502241126541,1.99544414209895,0.510080323993084,0.589733380938698,5.61544104376605,1.57389192206854,4.50093417562495,5.09465850327652,3.4389701129268,5.25243282411702,1.33746271557748,0.0928747176587565,1.87894891505848,6.92561732226285,1.60292330952121,2.8584426712626,2.55540399946605,0.990897677070082,2.65749303590656,5.84567593534328,1.9211822972183,1.67113014029879,4.05868205758745,3.83161586059725,2.94243173476214,1.09025934999726,6.526759204174,-0.181869851584978,2.29800293215124,-1.18827859873448,0.434111636009804,-0.00362813852544697,-3.9625188720115,-1.42988986135777,0.251470439875603,-0.433139290423587,3.53519101969046,-1.08156844686259,-1.17255442295804,3.45010326593092,-0.723070221690226,-3.02647530770387,-0.61770334713327,0.840118045908675,0.191434290080262,-2.08512780726614,-1.18895525973893,-0.140701114400555,0.0755716037046885,-1.131654797313,-1.83714614606809,-2.00551894841312,-1.68185433041732,-2.18880856909821,-1.13283785408793,-0.648626216823447,-1.37865578956542,-0.821060596450032,-1.06466154331309,-0.924365930477881,-3.42952330559575,-1.77732177035147,3.37698613975024,0.104234489702615,-2.19381457196797,-1.11693058671301,0.121829198137833,-0.359472173204935,2.73400821728401,-0.00459979391062959,-1.66411456531343,-3.15407355051191,0.221921526722887,0.515770040150652,-1.09164639703254,-2.3545418809989,0.904382595565114,-2.14812398277481,1.25003131755686,-1.2129228369234,0.617368339513294,-4.14891442410667,1.13225216438348,-4.95816087758717,-2.35703166429023,-0.488437571509303,-3.80330426256079,-4.17423117950698,0.136326083367697,-0.0169635832797964,-3.17354157365919,-0.730015197154184,-0.972376773869166,0.526435914114688,-1.97268907590291,1.05632111173933,-1.77324970699111,-2.88009647724109,-1.11141163689445,-3.44734601757901,-0.149915026464802,2.18236955061593,-1.71810444122623,1.55208389372126,-1.6012758454088,3.69305258330862,-0.734412646977872,0.665873786799065,-4.87784347385049,-2.04388589621152,-0.753752807457296,-1.63131063832687,-2.03544744475716,-5.73813489474093,-3.1257815018076,-1.78638782319992,-3.92908524369484,-2.57041463103812,0.592987899752076,-2.00415888756033,-1.96341356767985,-0.0717439969065559,-1.53041618270111,0.400027126298539,0.356650145834841,-1.75371449144353,0.444187165483719,-0.165298248459944,0.00550664965953507,2.4047970628186,-1.5900821883734,-3.01235738386404,-0.8859168763348,-0.261390563165363,0.158850792328916,0.133913825166053,-2.29242039552798,-2.65332084315421,3.6270126167559,0.58141742004407,-2.62607831162639,-4.70048737950613,0.226615418118283,1.03190132437162,-0.562745115186612,0.0349245838705057,-2.58146646556595,-2.57081207633568,-0.783218120468516,-0.786106107810737,-2.72300319535746,-2.51310799149719,-4.15027301430055,-3.60893305913599,-1.6231788366644,0.205870533847877,-0.399566181881092,-4.43889181821129,0.943669219695023,-2.99451454069223,0.571348426404292,-0.0426846423655448,0.793667043872852,-4.08212513860233,-1.93640539746877,0.583814536752248,-0.679311524218109,-3.56752747337387,-1.82930864664882,-4.40346885458625,-1.54155876275487,-3.32236180215937,-1.12918340225439,-0.889148777073091,0.158020277077263,-1.38337394986105,2.90620875350903,-0.553810020373804,0.271911072929905,-3.07741977784899,-1.192358947579,0.673264631486811,-0.675059928337096,-1.78672636988705,-1.89716357972319,1.96322485957089,2.94006948408791,1.39897880870888,-1.21698073889849,-1.3021978773587,-0.00858906721721742,0.122854152982113,1.94838501513107,-1.28231581505246,-0.828649903945706,-4.53828489212735,-1.06118395801541,0.381535192637367,4.10089446159381,-2.23363734117325,1.14015389132503,-0.846840340934608,-1.92739169499434,-2.77874300636906,-2.62825455182372,1.7213594182068,-0.914616910007161,0.101191306933089,-0.961568814164025,0.0107118577455732,-3.01724943689133,-1.91568341464105,-2.85625568025635,-2.17990681184599,1.93756307945096,-2.39924719220423,-1.80690650928108,-1.22526223683991,-2.5210678038757,-1.82445751767294,2.65585883770172,0.252789693085187,-1.80482596459364,-3.2809724837999,2.35991662083203,-1.12986396536016,1.43025829464895,-1.19913209179974,-0.160568081783787,-2.55083931574565,-2.43216833858961,-3.57251084078383,-1.27194582112447,-0.0232995935139672,-0.359688043423988,1.44829702722094,1.44605611162098,-1.45086821744142,-0.337493088460949,1.28468523203903,-0.492804747673454,1.11830090203841,-0.743070293401817,-1.28447325534729,-0.308295688241748,-1.00852186391656,-3.80836422462979,3.29519844503935,-0.788289137986743,-2.95994966456586,0.1114304092536,-0.0566091636073844,0.676490278159803,0.464852227733543,0.914163158635739,0.487049821480612,3.68957039251464,0.839129542761972,-1.41030779492394,0.806311739072442,-1.00006194022382,-1.11043469667632,-5.81638020965455,0.0821335761174709,-3.14140824233124,-0.597127903466877,-0.498885239228102,-1.14881257439614,1.0228750824908,-2.94191339943616,-1.83215720351147,2.41965822257432,-3.95065373068429,-2.36743011293277,1.00002377574793,-3.60430489200793,-1.26500298423271,-0.938693204316695,-0.273060637940888,-0.761445224793293,-0.318181278320971,0.298465233725749,-0.7009515100069,4.35704409149685,-3.69590130883036,0.214527872885285,-0.289066330895483,-3.37120629572071,-2.20931367419911,-3.38481525987929,-0.402224629181742,-0.366944371380281,-0.407576214753581,-4.69766252544625,-2.20437414104051,2.15170348063792,-4.237251581066,-2.91024873295288,-3.05393619238828,-3.24416712996525,-1.35476683096537,-4.64902035932696,-0.799968745304159,-0.949225426613377,-0.609996713023322,-0.241865174086633,0.574650303368268,-1.12288331170303,-0.852661225609116,2.11208424918469,-1.21773588938867,-1.41155292151419,-1.70786896468417,-2.38380504550665,-0.111861413572594,-3.57700188107087,0.422498930896336,0.281997096489689,-2.71577390280488,-1.88213727391113,-0.987833700336212,1.76133733106291,0.953729053928243,2.53128094555117,0.547064461304022,-3.11260055106637,0.970436586647785,-1.66862951808656,1.07420890582837,-0.23685494542841,-0.555866482174483,-3.03611098740206,-1.98426899640866,-0.404845467433063,-3.29461112434824,-4.72289382472191,0.604169929102953,-0.225847718488961,-3.11707913233983,-0.289714632901809,2.05812876749782,-1.59594748302292,-1.60299563774158,-3.58798942419073,-2.601304800284,0.55513988147366,0.394599587619519,0.600725626710697,-3.16364724422708,1.36543971929503,0.350359976225502,1.04897052030463,1.68852416004791,-1.12664516874767,3.31181345029781,-1.85403221798965,-1.81043698695726,0.0354691572685628,-0.840386173113857,0.311956359830201,-3.0324086865704,-3.51697763186846,-0.108513304418227,-2.02722081277431,0.834154442714153,-1.15289300405486,0.57544212392977,4.42213548944498,-0.774578752341118,-4.73427530896577,3.71968116285504,-2.99805295207848,-1.63003534298473,-4.39144547011991,-4.09147057857783,-1.43305825307266,0.385600954706826,3.21954195013214,-3.19379754328583,1.66185245928735,1.23643773976846,-2.87001401375891,-2.05038288533224,-3.53432894603102,-0.708037906295879,-2.44735121962626,-3.89656586797832,0.0143855514668578,-1.5782492922762,-3.00311954251833,-1.41978719806935,0.844862098401781,3.80402216705506,-1.22914531226801,0.164170245765795,-3.17735661701316,-1.82976270691449,-2.69738798748844,-2.93673885895909,-4.12591329112184,0.160399872684437,0.393097594822854,-2.62617583292792,0.934504613634031,1.87464692653749,0.28763950537712,-1.10930427981683,-4.40121881137701,-6.46721273401804,-4.78715688004301,-3.93427041102678,0.155384868473762,-1.07202847315537,-0.581295917530245,0.867209932938098,-0.762420911741128,2.39072355327135,-1.05794550045712,-2.19475307727473,-0.3717778009885,-4.46643931915327,0.428005021694667,-2.07574094990103,0.09458453048382,-1.15484378570322,-0.484721093152683,0.410188595253307,-0.156992323106473,-3.99978580858208,0.380268668863357,-2.72425524583474,1.22672047822739,-2.29989382724153,-1.30529492860709,-2.95240363715609,-1.67377317960675,-6.52093865318382,-1.21623817583891,0.40598974223797,-0.669668932394211,-0.366891068363703,-2.43865651140946,0.0601545342265761,-1.56358950677626,-2.59992154797656,-6.15731610368069,-1.9047135948842,-0.632095510464303,-3.58438774123713,-3.31871124363876,1.79324623498393
"64",2.29304998683377,4.92476188101071,3.3883565123276,4.35323176777954,1.07180423033604,0.868076159370412,1.37373371942099,2.84464719819485,1.24312400972113,0.989024247199879,3.55293665292409,5.44896877986318,4.07476445516071,1.08048767811482,1.43973423172489,3.24714332092103,2.15724903973125,1.91475377993986,5.51813580957382,8.40332565202245,5.13039157762155,2.98866982610264,3.94360455484087,3.46133355974014,3.25166923591284,2.4607014699666,2.43352943148433,2.97638365551947,3.70236166053635,1.1251046181829,2.51866329904907,3.74362914461855,4.9833581870396,3.59671285484908,6.21040540709543,1.10255730093658,4.39644512230507,4.70355795667459,1.80718625389879,6.17386922447369,3.35546457653904,0.827339914303993,2.4322566921013,3.61301258498383,3.70538868481483,3.30878218974912,0.0314347078649355,4.10035979738418,2.96133881162558,3.11094363579322,1.82659351150941,1.89313476007946,0.897586024933154,6.17692784802232,3.34069083635493,3.44112415175428,4.70006085792265,3.52954122215752,3.04249289791762,6.30381156870936,3.11010299131211,-0.430102714893804,2.86800921303708,4.18678522755814,5.30333323521899,4.71336501780171,-0.0227040934637914,2.29832682484423,6.33473773632779,8.12739662840471,2.40134999315962,5.6811377037213,4.05006792278148,2.97509818911348,0.869023653532468,0.910313968639803,5.66926210502641,2.74080404718949,4.05011661532205,0.598013863446024,3.84370051440725,4.31538080857101,0.811657996408984,1.59244009168378,3.75996693007778,1.86676693778143,3.35957551034252,2.96136852642108,3.71303030123829,2.36632212515599,3.27204831743974,2.34853075815208,0.603562483735286,3.86285543007419,0.146881946124639,1.82180101522525,-0.934666657597684,6.09408595194083,1.3003825494645,1.79469819676881,6.1345359916237,3.05235469316648,1.20227321166144,-0.0275104853939876,2.95275181395957,1.59654571000946,1.5070509452655,6.37789183981543,3.64865387530228,5.91806518802592,1.69692331806341,3.45802446450314,3.34717555853026,2.08869597987468,1.30584328013707,3.87868118518781,4.07715048696599,2.06734537476166,6.31292486714828,2.88718153419166,2.3381641185845,3.38609792094989,4.32642549045292,1.90417976563547,4.09798512823886,3.91154708225349,7.46267953726615,6.37775816282986,5.1410080926102,2.50430712920579,2.43898859611681,3.26587868545042,1.29613656696304,5.19042525917812,1.55353709479007,2.80046854414096,1.07291319291041,1.88472786687263,5.18559298027828,2.96451010582981,6.42926091104268,1.65091511481418,6.69379013668415,-1.72683196333351,4.65627310655352,2.37955322630862,0.38888799675575,0.459484619359924,3.12697558965899,4.3406306434472,3.51124103941346,-1.10121842162881,3.99444550809012,0.363860834452535,3.88308332844698,2.78980434787814,3.83158111571879,2.53355279517623,2.02680564724284,7.44478624825164,0.990920020695013,2.19268733541924,2.94275859070591,-1.37877859567537,6.76258235097569,0.000668856643450511,1.01297974302903,-0.282005714159799,1.36443713401839,6.00853360262872,1.92243586426648,6.49930127704175,4.31722846848868,3.56391749526173,1.68091746667224,3.18867092376873,3.48201353969184,3.26847020820994,6.07900728793279,3.1271780563102,3.38922630780804,3.62857001245181,0.352196821779938,0.831241756901747,3.56451683000128,5.17554934698245,5.57719774826468,3.64361163508509,2.00999550469492,-0.0877405364432815,4.14620999413698,3.2232913951717,0.981189948715975,2.47970086712634,1.74087110699598,2.14354183421638,1.78721732907381,1.02066615802346,0.643091218327166,1.93431791768213,6.42610452083181,2.53460258058709,0.287544470507823,4.07698204858031,0.220903662323295,0.252429437074202,3.70430421337017,6.87154206135001,3.963635889426,2.05439977938783,4.13815881359946,1.63876952457308,5.54812225366721,6.43511919054385,3.38929186890256,3.35105431465395,7.57243176968469,4.39695646028435,3.5457158593655,1.88216893258441,0.335050741810047,1.68925246224011,4.48405334677596,0.710602510923673,1.97588868244248,3.50697462194387,3.41897111797639,0.05429416157595,2.85490085486151,2.83963014461547,-0.19535332277798,2.08026129759499,1.0647008360281,5.01275432242617,-1.12540500271685,3.85638073513347,4.66896365558157,1.73952914734747,4.62144075482657,-0.158053447252305,2.38902270949163,3.47664216066491,0.407660392672954,1.70235553038519,7.52762597752324,4.59745417070367,2.3389360408239,4.13863883569714,4.66120743467256,1.14580707427069,7.01766730293518,4.43846079308731,-1.16244748882816,2.91074087285179,0.15120581546202,2.96880691105743,0.777848606829072,2.18520093621773,0.651933840925758,1.82369919126861,2.35941264540916,0.679941623764234,1.29005988061216,3.37761547018994,2.81906898418355,3.57451772657027,1.70494016780342,-0.964398913423824,6.89724715667235,5.37020735400296,4.10768650899051,2.20217430347874,3.40612204102129,0.300704626715133,3.92952044897478,0.149402180776347,3.95710230372961,-0.226259177492744,3.18097481917061,3.72023885826512,2.66315939227288,0.196969463452337,0.549001745037884,2.80228846876107,0.782356884934801,1.48890199299706,2.08207663002216,1.54227279337206,0.558757912008089,1.11077615925955,3.8246279830241,1.42594424708447,2.55549056557953,4.75362272352637,1.15344132500139,-0.597756124812893,1.57369312139499,1.74074805724009,6.27348902765668,3.92416389866471,0.776995970835178,0.457585297390063,6.59046929241855,5.87903205166016,1.76940411410289,-1.96883108905988,3.25841754432486,5.37105877268818,0.578366677690639,2.08582014610368,5.56318815400091,-0.794217221753286,5.87760006699238,3.32129614868459,3.37559133367033,5.1626999685829,4.61323709762854,0.891762572107956,1.64546228578828,2.84135501092908,5.51629376032089,2.00026137148767,6.01432870045018,5.23918776837584,1.39452563777458,2.0377682978655,0.301392075145926,4.45417541036078,1.26384821987311,-1.01546917651027,-0.999658285621792,2.8096015318295,1.99847884492351,-3.85411766437293,0.338167450585136,-2.20750676232349,-1.71915659973806,0.747442933310706,-0.0706575321901537,-0.942734313929754,-2.86164981175376,-1.19769436063318,-0.692827224273228,-0.761180423860786,-1.79684769904305,-0.814498603609454,0.346899558054168,-3.0869784624074,-2.39556551382554,-4.03529474218023,-1.01471254161232,-0.168558383014639,-0.97127320101621,-4.29391251455824,-2.59886748367117,-3.70273306862933,-1.96693021368746,-4.95475146999689,2.04416996116461,-1.46930033119609,0.704283743594976,0.174755229386175,-4.72452850119761,1.84606348429324,0.519999633907924,-1.47277275748219,-3.10381893250106,-2.64125883347446,-1.9345073927464,2.83163467913729,-0.357994900984135,-1.72275446479047,-0.16567288330244,-1.94165130302038,-1.42889236302549,0.0144802918370828,0.164491175986154,0.184495665957665,6.08447479360021,-2.51087118258048,0.55010181600625,2.26053768805138,0.439634127901953,2.21079197923411,-4.27732710500103,-2.57353923492752,-3.97136087374119,2.48069986672918,-1.58959914903574,2.20632812028364,-6.17180647799657,-2.57301070695951,0.021729358331259,-1.37347537677762,-4.40744825252307,-0.208591736668033,-0.966756350047309,-1.41069967466254,1.48323059738147,-2.89406864219774,2.7830711894045,-3.55057674668439,-9.01699734319873,-4.70197180179967,-2.70453436723077,-1.96165174553068,-1.02961419559793,-2.16127889085518,-3.26563050473728,-0.339670534836673,1.65957140833905,-0.33089038239845,-0.739995146647422,1.3088274717227,-0.906221824048618,0.378023611390878,-3.19894149944866,-0.196495354126122,-1.52599337515073,-0.147326554008126,-2.55981406524559,-0.213515527947346,0.730758503223349,-0.857658976552991,-1.41436721552368,-2.73258712813507,1.60312587714127,0.292094080327922,-1.4706870170726,-3.03934295674243,-0.423773314141794,-2.2968838689392,0.784076890349958,-2.74811922381978,-1.20643622161345,-1.98892523027988,-3.74047963127743,1.17973406259104,-2.3380063761452,-0.690987119658485,-0.201142448611129,-1.50988256322176,-4.33252059746146,0.375791775121842,-2.18024899017661,-0.971163959617807,-0.798377253949246,-2.62410308423826,1.9846543705799,-0.429081999418335,-1.41368498194533,-0.62741834283306,-1.34993752634706,0.203893526084552,-1.72390847026673,-0.543172141819549,2.28065477961698,-1.45096042118518,-1.06882838843658,-0.0938351154184567,-1.33569811738748,0.9913052333225,-2.90695235359438,0.427773697022882,-4.36745458915337,-6.09220018583134,-4.24247169475608,2.29339125636151,-0.465571632549199,-5.03320174961601,-0.106421110721546,-0.659373953653004,-5.21262454235892,1.09996435825713,0.285216936198198,-4.81028376396827,-1.3069104377761,-5.53439799874553,-1.28347595936604,-6.23099162233391,-1.88431390120299,-0.0395833447115622,0.355826182407694,-2.369745159896,1.4637625298948,-3.55511473446549,-2.4396467177063,1.52569376483075,5.05456537429948,-0.243229012240079,-0.226475229205451,-1.9162921396556,-3.70451274354394,-4.27568442718898,-1.69537294646788,2.63674447111664,-6.04864277794669,-0.973976125755262,-0.0350370613013585,-1.75357484324973,-1.27674400685773,-1.33596727028353,3.20483973853421,-2.41308167746748,-1.58288544015,0.0167312956521652,0.49964980346515,-0.84156520208967,0.374720910133746,-2.39646603908264,-3.87128960074716,0.723287376970767,-0.763285030597131,-0.354763998052763,0.284536069253467,-2.50935355521657,0.960411500141488,-3.88215186038562,-1.14115536356943,-1.5127635739733,2.04331489225197,1.2120969029731,-1.97350675775346,-1.71347637706559,-3.8440219086726,0.729928184125609,-1.4318614570318,1.13290214332554,0.0273989990847769,-2.19898775599063,0.131840855243746,0.129731614982036,0.449679676661736,1.23837652718909,3.5156968067361,-0.257731790457811,1.6195712245076,-0.817727356638513,-2.08710305605249,-2.81104494699844,-0.519344720640134,1.88670292067521,1.31525611699122,-1.99886460621438,-2.50762117100843,1.70115735947946,-3.12577561629547,1.97703156754877,-2.40163637696665,-0.172883897697525,-2.44315162378423,-3.58818880469525,0.397098987206841,-7.57426740205007,2.33339360952296,-0.866723252018686,-3.15454537757593,-0.474524841473277,-2.34919443073449,-0.327841027506932,-1.18406079925445,-2.42256132838748,-0.960805087113239,-0.618952894005593,-0.937950917749989,-1.83146692693615,-3.42099638277728,-3.46100700915358,-2.38492163204745,-0.827016133225344,-0.629561730642421,-2.8609861490942,-0.271230646598397,-4.48990165158635,-0.854338675313619,0.0106938350241519,1.36085253438948,-0.457844705017934,0.881292612541318,-6.72620554757237,-0.147814982616846,-1.8486395245657,1.04437774293564,3.04664460389945,-2.09337429636031,-1.67161674506361,-3.24871888950336,1.59959832191208,-3.97793490138702,-3.08305779862609,-0.317203363079862,1.89677792359821,1.60823809502651,-2.48073097173073,1.42603599267524,-0.0793378733917558,-0.0473489079230696,-1.71445290908078,0.759019674733916,-1.25327353338399,-1.32879312332217,2.89639907596301,2.38102372652502,-2.20989726609429,-0.824891153348441,-1.04268786347291,-2.85180136152116,-0.566454942654998,-0.988388281966446,0.237329628831505,1.37822021849477,2.63702696812455,-0.691094778154694,-1.60194029966849,0.348112204789258,-2.85330178258805,-0.160095150574182,-2.53416588617508,-2.46817375220144,3.11343406593929,-3.75606217478085,-2.89403686375998,-2.24234425713314,-3.5545448715838,-2.69976491171994,0.626676414098025,-2.01387120505255,-0.635233933299241,2.07172965173007,1.87914961354511,-0.269599224209953,-5.69517915165481,1.60713302946949,1.0090566753719,1.17153758714587,3.714735178256,-3.76721828848806,-1.02233730923018,-2.89434266329538,3.32081815925928,-0.492660169568199,-0.623259655184966,-1.82668027389527,-0.0561410727547782,0.609551285703732,-1.08931930710068,1.12509913833041,-0.67365417684326,0.439102655253377,-2.98211715194086,-2.41910227029419,-4.61722986007967,-0.429763367297809,-2.0124176749305,-0.307830509701035,2.05284869855909,-0.855048734352844,-1.97881138721682,-6.12023745986386,-1.68790883070639,0.150858817628311,-0.311270403011247,-3.24554123842174,-3.12990949589646,-3.52218493419883,0.543628461577927,-3.16726643315985,-5.69426113897454,0.604217911529366,-0.226789105969014,-0.307415161618501,-4.29076071263126,-0.125425644734142,-2.46425250174106,0.817696578613912,-1.75503480248406,0.0512552382822924,1.44226141325122,-2.06469225262923,0.44378480208269,-2.77520994033641,3.28198190020004,1.94888298431126,-2.64533496398697,2.54356833013497,3.51215814688618,-0.114523259832425,-3.5842672005671,-1.42155491693387,-2.38972422175856,-1.39760561883335,2.53751228367139,-1.23171925546996,0.601516258402768,-0.757172406499614,-1.65163137254971,-4.18505557462012,0.87984397856836,-0.402696938787147,0.519793908362559,-1.02032795904569,-2.13913648817185,-3.05590122021029,0.0919952430535331,2.33324939636337,-2.12136273104785,-2.90479243703312,0.848030312895631,-5.09940267246261,-1.9361808168504,-2.57112532714774,2.12603655209135,-1.52725092737056,-0.399652159106098,-4.3365111767592,-2.99071280822909,-2.27827738063875,-4.50271662690535,0.471748899925565,1.5555107232337
"65",3.84646720859104,4.88974728217985,5.74546263905857,4.52017394281184,2.26495625126099,4.8667900303015,6.05025792069479,5.42465928160234,3.98596945829843,2.91787562712337,5.43336623550854,2.25878513535435,3.39658247142318,3.28806415708908,7.13342045607662,2.18871661864261,5.65541229289187,0.108260685002953,1.73626596861133,3.38981789892782,1.03441575145417,4.22535180455171,1.45365027373943,-1.96131475886716,7.23439207195962,4.16016729345083,2.34896896571644,5.06393549025251,3.64521538667957,4.53636218826736,5.35768386675951,1.17901867334642,1.78247817880869,3.13676380449603,4.61477740139614,2.04720143876418,3.72006488263708,2.80254368519528,3.82202954399182,2.73826658095692,2.58247286313053,3.43481578768625,2.45869193359049,4.84458936593046,3.82608667545332,5.44932411363557,0.284009806351911,-1.38671139836064,0.721347036543195,3.35278948173922,2.46785929972753,5.35246279070695,0.547305285647287,2.36689858707602,4.44784942639837,5.01662293073218,5.01145004629123,3.42435898929869,0.977978800599026,2.51993865517264,2.86070742406452,2.24238602869955,2.69093811231586,2.85990379397333,1.39998949901213,3.36462354563576,1.23321459139486,-0.432458637588896,5.92126561684978,0.999860971427382,1.57658870775117,0.827602803520668,2.50058965755595,6.46597112065206,3.36851831130777,3.42135108007377,4.95454361184947,3.26781565440552,2.11336300072379,1.11785571532606,0.341100874761791,4.76595237832491,4.66479330502995,7.30676950903045,5.28188984722733,-0.349779016023145,1.44380678294031,1.99372295958226,1.77025053579089,5.06681781008153,5.18786421389299,1.51504279319363,3.98369698400793,5.55679090957008,1.11893355640597,5.44843085287494,2.35020520887551,4.31832573802707,5.85278986642782,2.4708258667979,3.6603638130546,1.52227789646146,1.62530744423666,4.29342782477641,5.60658421672931,5.32692591847766,5.45576413207669,3.25807977430399,4.60609472733892,2.78472805019841,1.48908552621989,0.56864671213591,0.317986905137554,4.26264886422423,3.2849479007769,1.48075949626333,-0.34749588660195,3.78067151884137,3.41507676424287,-0.481956586010857,1.41890524313548,4.04536423466291,3.52433019662319,4.53361757631828,2.91878037302999,2.00030879915425,5.53050883552391,-1.22425085314501,0.266905799652033,4.33510234302273,3.11287023965628,2.5874423597209,3.32959984418363,2.76202242965478,2.96266220010174,3.64962615976447,1.98337606478562,4.18654050833916,5.28371778116705,3.32548055302331,4.28577587199093,-0.148301299631301,3.8958103262645,5.9312703381871,3.14281109193239,3.21745638863579,6.13126455878258,4.56954260490311,-0.459819421339255,1.55802824846631,3.18156748094932,4.77625875177266,3.07983250380297,6.40568285543469,-0.448893430357524,1.95555895267855,2.9473074514835,6.01011197210572,5.63196789879423,1.22845888644973,0.0679966952176159,1.12752436066835,4.96210690747918,3.96612560978402,-2.40636021747123,3.00552984556687,3.42550345339578,1.70236005717699,-0.156342531764317,1.2877678268673,0.907434764071058,5.01064878936079,5.06903154453722,3.78684173249969,4.25219087545871,2.76820353638166,1.78856119991772,3.89681172433989,0.778406458794179,4.71144665738073,5.48375983663486,1.23691062966659,-1.90658755663,-0.419380798873248,1.3463714805785,-0.189164427911618,-2.61374095833543,-2.02063094052598,-1.31608573440481,-2.56467384847779,-1.72285763487647,-3.91567878479852,1.52494859729157,-2.72033925612568,-2.73228641272734,-3.53058355547034,-1.59833091325087,-2.81531433102861,2.45198318774152,-1.49992828117349,-1.21006656518383,-1.44367150797801,-2.26853578441759,-1.20649594434871,1.92695480080403,0.831886911354004,-4.35771254782981,3.49889737767457,-1.59651732445954,-0.61623610795759,0.0682036706210549,-0.424109525711337,-2.40278213030558,-5.01838027810955,-1.32119040922701,-1.65173135824877,-0.696016010989079,-7.62629028816621,-2.15477715342908,0.259787598151528,-2.19622359275071,-0.232746573536552,-0.622553553206763,-0.805811721148505,2.99503077902263,-1.5288068444096,0.319792655887088,-0.834097381372467,-1.29071287208096,0.77666903469178,-4.57258320495163,-2.92749630095731,1.70373547062004,-1.20258421829293,-4.0296573584101,-3.19766231036274,-1.8130845501499,-1.26262442342683,-3.49848543680063,-2.10682830841574,0.117786627331806,-0.891928491478358,-0.791205541950087,-1.57266927429158,-0.790593592558318,0.365454554542997,-2.07942225414118,2.48663737208843,-0.114582629181979,-1.18829406143455,-1.1195555748079,0.622991957712808,0.050564529490599,-0.192290334566758,1.51335109457311,1.76356836556953,-0.407002228432536,-1.19858384857229,0.738217940376063,-0.951418524823968,-0.236655216663025,0.475202872789634,-1.66327020218869,-0.900144714850235,1.36253054903916,-1.78004260211583,-1.64553303578275,-0.145934669982479,-4.37612676422096,-2.14533111015252,-2.5678376106352,-3.082473302594,-1.98039142480573,-2.42484748524472,-0.0364847530429555,-1.95083599684577,-1.66404642052492,-1.250750727334,-1.41579031143459,-1.80423860150404,0.251430082187915,-0.48846956277272,-1.46489581442346,3.25470482341576,-1.11400955301613,1.61693250742192,-5.37920857528515,-1.61654933342884,0.225918410598223,-0.262842852987841,-0.768165564182716,0.874418008127223,1.52227699826681,-0.869167065338524,1.46695253114649,-2.76305497570588,1.89888061250071,-0.361376515111314,-0.384961553673804,2.66618315261442,-2.42553938278371,-2.23351563424091,5.13517476326026,0.925542519279777,-2.86507750783175,2.0544780847765,-1.15382974073586,-2.73589214895724,-0.965468598279698,0.743141780850784,-1.66751968957124,-2.09845716274826,-3.80465934269811,-3.9010280198642,-2.88137076239382,-0.0284095977552646,-2.41551242143822,-1.4125134879543,-0.550116499146553,-2.43886751124263,-3.09026499042922,-2.17539995600819,1.73831237839563,-1.34200793903067,-1.41346312277462,-1.85386892111148,1.20589912577071,0.612550068021466,-2.24091488615677,-0.824135779052473,1.50827197376929,-2.76336382799103,-2.99439165290567,-3.48140438380395,-2.68153489032819,-0.427781629555128,-2.18617624108663,-3.25611108655526,2.39160287800229,3.33228339677232,-0.757842454150608,-1.25631481212609,-3.37136936919196,-1.42368864715628,1.64514794470315,-2.32889904052518,0.0260244439973774,-1.79411084570779,-2.10853012846934,0.0206020206024464,-1.09231365434776,-1.914215791842,-4.42437646680662,-3.81034285909543,-6.14346263611732,-1.70663933139407,-2.20678131831396,-1.19090343841685,-1.82678970774458,-0.5687588587404,-1.20032280584226,-1.64085253115501,0.308297311263117,-6.44820012383474,-4.0142031793517,-0.911019091349093,0.738904436908858,-1.96965944044494,3.2763504957187,-1.71104734177501,-1.50435512057843,-1.90611427920207,-0.952091471475399,-0.403560246492475,-1.78021663971727,-2.04768142047157,0.246016473119004,0.43207559227989,-4.19776950093427,-2.51610365582009,-1.72791105649855,0.764976195418208,1.36208421475378,-1.30790925437592,0.801314511630149,3.52999118885492,-1.65513372348368,-1.87624147432307,-1.51047904865367,-1.97764152901237,-3.82831344219243,0.722103298350941,-1.47080939397022,-4.49526288126454,-3.42074156737744,-6.44478680270389,-1.09699728390729,3.00721574428697,-2.30897398448399,-2.55755069293677,-2.89849960200001,-4.42844544145386,-1.87031133395933,-2.44085555681999,-3.32999860619523,1.96628902702199,-0.61852033491675,-0.720608660135591,-3.9805525700379,-0.50544970732104,-2.27986880465137,-2.38224568187005,1.98014968811518,-2.89450636125738,-3.0813984908947,0.334043654469054,-4.43475634648534,1.97354959328249,0.129209533279401,4.6300492344278,-1.86438837245594,-2.90112306745383,1.21889340190109,4.95475315497045,-1.45453658673115,-2.65227765540607,0.272126152995815,0.350518425960185,-5.77893148831935,-4.45081434262282,-2.44930769896566,1.50302614227374,-1.95845805700954,-0.400900159971122,-0.141964397557711,-0.608527480593228,-0.717151839976447,-0.828038583320122,0.845036014768329,0.175291456223216,-3.78697578531223,-1.12640103544011,0.477443894515432,-0.578944998926443,-1.55280710325249,-0.959032061281074,1.83756677832147,-3.16809706877647,1.38419942963076,-1.1565660841791,-0.859295865885766,-0.680036184403087,0.286051249534231,-4.16248595733226,-3.20053071991984,-0.58240589358138,-0.291587134304448,0.424894505678413,-0.877552166680091,0.148615869147653,-5.80602588191214,-0.577707909671667,-0.144956973205447,-3.29342752834641,-2.62871729415384,3.07196186592154,0.523452630476321,-0.929034469968397,-4.03671021113351,-2.08958513934522,-1.09970525379915,-2.93771935813401,-0.875830360171156,-1.7215471479419,-0.912255574123691,-0.84874019351609,1.00675284726561,-4.90047271615955,-1.62072799481718,-3.67040927553287,-6.71485395120499,-3.77241108804741,-0.448145271604439,-0.91065152243989,-1.89342191077828,-1.79935031135104,0.647811320460087,-1.08727579020187,-2.12013170803744,-1.24758393226614,-0.310913450071228,1.43281134925446,0.530088839458728,-1.26949883509496,-1.87198264900314,-3.42763328381538,-2.70891055740107,1.20386317360349,3.07969365620833,2.05327573531276,0.779204991015048,-0.819480949463314,-0.923101312687589,-2.78438136709026,-3.36259124525299,-1.42270556111848,1.84174713377946,0.546205798975124,-2.87848003269424,-2.81294317484881,-3.3135397897774,1.54132082514015,0.310378072822338,2.40655283858904,-2.15853240193389,-0.317000796455942,-1.92055768017762,-4.21113539670827,-3.12157906296188,-1.59459751157369,-3.83892107842698,-1.90845398724806,-1.57166275518231,0.817723451798682,0.290146931581523,-0.674296734494556,-0.0150668052330898,-4.37997556831161,-2.62503509813509,-1.02862829848549,-3.92570926671574,-0.171808782188894,-5.44820265174084,2.30210294139281,-0.665343577829527,-1.23004184238813,-0.119508605092844,-3.59729126251658,0.0106457244792535,-0.54459722281495,3.39201102059664,0.443480244604384,-3.4380459866961,-1.01503438932019,-0.367112803178038,-1.95295877301944,1.49070693288068,-0.164342883060429,-1.69085835444741,1.21690732643038,-1.39393835677903,-0.380848571136157,-1.22677517022618,-2.82784969363946,2.2942419451267,-2.22046044217259,1.16126487336913,-1.99674982093157,-5.48348463523481,0.437593770231525,-1.12024909779089,-1.07565944982193,1.4026880559666,-0.127212691853944,0.675236103030772,0.108181002129882,-1.39299346241285,-0.795585686132548,-2.64925501842027,-1.79808463728101,-0.748049999115463,-3.20634971080502,-2.98976381140299,-1.1750339963842,-1.1584722738413,-3.42064279944165,-3.33346148379646,-2.56714495434111,-1.97281210294052,-3.47721802774217,-3.13154099072755,-1.80171202416902,-1.02858953716708,-1.17692254037431,-1.63928339745652,-0.529906538547141,-1.44796086156264,-3.45542322254684,-3.66399713836016,-1.02773275513961,-2.76410790285739,-1.05396777424423,-3.26086619182807,-4.41994644797552,0.352383273105869,-3.04959424915641,0.9889244409708,0.597082728961126,-1.66553774460674,-1.65653505160587,0.216616706208705,-1.99772394649736,-3.29571254323865,-0.668023032615213,-0.956578367811489,-3.33206707510111,-2.12758031924501,4.90229504174674,-3.34146364480965,-0.0262210331508803,-0.390083560643177,-2.4951348491402,-0.0764224997896045,-1.5527278196555,-1.00814360988231,-1.52767929628339,-1.1920544742938,1.41056298368901,-1.44235337200858,1.27362125252832,-0.222864391333884,-1.71836608731362,-3.19379888540614,-0.995034625398754,-1.89520826894033,-1.03670571247515,2.47472978685093,-2.87560730782598,-3.36996348178678,0.742189903035083,-1.89380853927163,-2.99476762424884,1.9783734486215,-1.77587619360455,-2.11568721030382,1.36372556072577,-1.78429225459237,-0.572312201945484,-0.961942471910146,-1.33158814042964,2.74725163956397,-1.56945857071442,-5.89511701202241,-1.90452074441944,-0.851652431179126,-1.03936785598603,-0.105877287944586,-1.87572674218542,-3.10317891204264,-3.64799235306535,-2.73910577358256,-2.2294830333995,0.162017208097475,1.13071492683388,-1.70551082630227,-2.42480662150774,-3.20913990473544,-3.80095987493609,-0.25040581638987,-1.37978620795679,-3.34477230289377,-2.92218194804611,2.65102322250348,0.864053883897187,-2.94003814003817,2.25589494324381,-1.73129411603981,-1.59184439576454,1.07584257832026,-1.96942177394657,-1.90235039358182,0.203378249205575,-0.544217406325869,-0.585434404295539,-0.448510065536341,0.793710400810389,2.52807856875638,-0.199802752189933,1.90140513070298,-2.28004132704036,-2.50804823838967,-0.615164100093237,-2.68202076262219,0.736013523306905,-0.952880455696464,0.275526059412413,-1.79412033966441,-2.91319430917925,-3.71841827374532,0.872759064641461,0.407785293410521,-0.603592670056631,-1.14475587353455,-0.225806070143173,-0.389212990866367,-2.84423256044692,3.75523558464271,-1.85295416712725,-0.695385572016596,-2.24078261193615,-0.470020851735994,-2.56418172746137,-0.0722662742040507,-0.165881775531462,0.596146781337797,0.163936467565199,-2.30430722723903,-0.35887575013036,-1.78493988230291,-3.00336336157964,0.431568839976079,0.131513060456772,0.433777995456744,-0.963367920254392,1.09788699171437,3.32315947636157,1.68448004489857,-1.08479948690839,2.01982631215427,1.51517364538164
"66",3.09276075763482,4.49810229613714,2.15702355133583,3.21617807305524,2.17272324671561,1.30245448152113,1.44840494711363,-0.934859296633166,2.7765594898153,3.18392570807705,4.59875786851429,3.29014842465653,2.6672004619759,5.04653529753263,4.66703663728657,-1.15322137086405,4.73629510747892,4.55104784249858,1.81721106219884,2.27442443399731,2.84565963863661,3.1594454539364,4.25276929232959,7.52057752320643,4.81758507897218,-1.84153616774585,2.46597127193171,5.41770761825375,2.75980251024963,2.57001955647593,3.93696715712838,4.32031548941255,1.42788430428742,2.81993811932348,4.89530991292383,0.440857621286593,2.73051287003753,2.80955916853658,3.25667906051746,0.945258966887278,4.26702451323928,4.58607291499573,5.20687704744202,2.7433693565963,2.06256196025245,-0.594028548610385,5.87907596100317,1.86900742150772,5.05005348553893,4.04332240176616,5.41150178005517,-1.27497867969572,5.4715273953127,2.88466428641258,0.000174355742517562,2.70372477019404,3.18210065903832,-0.439160611691633,2.24424539955649,3.62404814636522,3.62751517971865,4.05046189020491,4.30195916680008,3.00163596055944,4.03660948362192,0.275995337890037,5.18502396314229,2.19608740080208,0.701468938510675,1.94622205089365,2.67874272259084,6.94143892779092,5.51467084478504,6.3201995015525,5.17893241012404,8.24290093760752,0.939253429716676,-1.15419615256256,3.29461403132249,3.62049560362068,2.51203102196865,5.87539151618305,1.41499219423164,3.24902278649072,3.93255745970462,-0.296761556318708,5.63442613486356,-1.44153272335235,3.33193267591919,3.88489545984286,4.13393328592496,2.84373728897377,6.45335953199134,1.92045873718768,3.00126778751328,6.80604067488225,1.39578701030801,3.75413331274772,0.187947577344705,6.30257480520383,2.61815483233313,3.37014539145158,2.65362362201167,5.36248798776101,2.26833376551251,3.34659059502424,5.12762952851289,2.73861334018358,1.94934487226901,0.831875809344253,3.38448459896381,6.87781277623946,4.34504238030874,7.1504029924811,1.04498675546858,0.0931140079674524,2.40719472185666,6.3524717624985,3.48721467931946,4.2502748917555,3.52597793721471,2.51665028793027,5.20017818409184,-0.605624318363616,3.9476037259006,4.32360001846387,2.85699331017572,1.15676474887606,2.17738991436495,6.57953555964132,5.22679656972497,1.35170356547886,0.576596123010712,3.1905253488189,4.61124450697476,1.67439331983897,1.08101400018004,2.97172016133581,3.42203012061227,1.45650490242567,1.52483793354311,2.46457342391498,0.488995445082407,2.3111823108861,-0.787533098126841,3.03677823652704,1.5096885417474,1.31874418012096,1.47362182862813,3.09667113714853,0.0786729593191322,2.53866988692996,-0.31957787309838,2.35621071432371,1.58637448687101,-2.34250300700797,3.85306893180794,5.66967462246858,1.82485175947875,2.1085677505176,4.44220276737154,3.54812902763234,3.86905588110206,4.45394908607513,-0.63514487856171,1.59820682233894,5.07031970858644,2.58495807188974,5.39967809067548,1.87158347158533,1.84647759083733,6.5827456989284,4.43524061781209,0.161382218299489,3.84007915783477,0.920934406658425,6.54451939621375,2.7239718723413,0.813572694057803,-0.137332473720134,5.45301991957599,3.84015946370892,0.463022321513152,2.02680013424342,-1.04800550396526,3.38415283997833,2.70665747193772,-0.0936501775729877,1.35657189555586,6.27760438898359,1.68022409051049,1.35413515641685,4.7453869681884,6.4306103130112,0.915257940291335,1.33212354825316,4.76721662677559,1.35883769366932,6.217698600119,5.60895659832586,2.7255725563678,1.12701671477847,6.56792149200948,4.36243965439697,5.85996001492856,7.19143198656902,7.36302118715869,1.64773827358363,4.14470151704124,0.924806142365199,3.25859378255439,5.09049946313794,3.35968099408853,3.4611072898694,5.53119460527935,1.36807199708787,3.9982914431274,3.22866867906595,3.64382629501398,1.91130338055312,3.50464313614039,2.01715770491594,8.35460135975969,4.08696233828754,-3.29054468076126,4.97837522740756,1.10933447552583,7.06978082884463,3.22950123239182,1.58913777055055,3.54209074893682,1.78867321409786,3.26405001606589,0.376614463203307,-1.98698512749634,3.55342375616114,-1.30526341099596,3.66711527781007,4.86119961749689,5.31513264665613,5.46713097879285,5.88619753110484,3.77771612838389,6.27268185756654,3.49718941064853,1.32172575845866,3.83147992298327,-0.919484476313124,-1.35521516785607,2.91100138308128,0.480459626964625,2.37308117585694,3.84946435934685,4.43033185772079,2.27889223462382,3.17627151353384,2.49480296465669,1.94667721603251,2.54201251671567,2.47303758227787,2.10076110574297,5.82621223080793,2.12891541724212,3.01311551761245,3.62328099323051,2.83702449173001,4.69966462601842,1.89519521371003,3.11165706218762,-0.634541230714335,5.76412904839591,3.41024955749859,5.83913230901037,0.848017795061922,2.80155413767191,3.52958718902373,2.12117453562014,0.954734923681515,4.46634540093152,4.55744848860952,1.60343136455936,2.47731621253497,3.39359009036967,2.39918069494873,-2.4480694007856,2.10307460208898,2.03397549597075,6.18676860500441,3.90476325864391,3.80788504432436,2.27146166276733,4.88721060896868,0.823683465691573,4.42100299713761,3.42647601346438,4.24959554327179,3.81736496017381,3.75694777643885,1.28781470397886,6.45344257626559,2.54832831108072,4.02654113706525,7.02035955122425,1.84505426127036,1.34750806116662,3.18575104011725,0.326712415342399,4.36708944111993,0.0569689902467054,2.30166118393123,5.94704498138894,1.54395824436113,3.85322653195766,0.0173436340563109,1.0410425480294,-0.465753629237083,0.0252438515722981,1.75996061492725,3.85535892242757,-4.32425232809268,-3.7782765331442,2.59348036981014,-2.66843661827984,-0.939215609594648,-1.59725028924155,-0.968032830874715,-2.28524022327219,-0.247958954430317,3.89691305627994,-1.41418141018062,-1.36243930140172,-1.40762892803443,-0.0610053708748992,-2.82411632775549,0.0370445857396227,0.291167459473949,-1.72288518256678,-0.570066780101514,-3.2564604825624,0.854657185001553,1.97265464819494,-2.80176650344666,-1.49550588712634,-2.21272676261389,-2.31266799590301,-0.504218009932819,0.936278057840582,-0.319669873231316,-1.51261066983256,2.20703519413203,0.903643112197726,-1.06470133439609,-3.47358719638953,1.30764181447629,-1.64555104108482,-2.20974496424328,-2.14869185253419,-0.626506970263637,-0.348345113778673,-2.2989093840166,-0.188631482055305,-5.00789879040874,0.741259736930269,-3.4471580410643,0.270199335919335,2.54811193196057,-5.38219677456382,-3.67698189524448,-3.54282486096207,-0.317312918824435,0.560852631227591,-5.49712040797189,-1.63161746705126,0.604158316590227,-0.625844509335911,-3.27009108552633,-3.7824370789772,-1.56805511195107,-0.680286661065013,-2.04587776841838,-1.96090985978859,-1.19836771451779,-1.82691499055491,-3.58187973779091,0.29376676099235,-0.416686801973207,-4.14398410329287,0.0716253824557114,-0.249134348030824,-0.509761926523008,0.510333164785796,-2.33455694084038,1.25926143465075,0.0270659355578897,-2.27210351866876,-1.83064852424589,-6.26540152808527,-0.549948723599233,-0.866293139301083,-1.97744544889635,2.27561093994638,-1.72960744797164,-1.91469604529048,-0.525579550256091,0.756800332060283,-1.48265346403214,-3.00968529783757,1.56332129967813,1.44176391884226,-4.57702710720573,-1.28053450675989,-4.05870393571054,-3.35278972151252,-1.67899320659447,-0.0119973234034245,-3.0340169818147,1.26425575760154,-0.818377684563158,-1.16080191482848,-0.409941347588236,-0.957348639583863,-2.03236870558636,1.65926120105247,1.46688392250986,1.30783648679698,-3.36167549667861,-5.51160290842994,-2.84291444785035,-0.244444782900251,-2.03054288967293,-2.14235602919453,1.77853194814954,-4.1336837589211,0.485246795842321,-1.15650661756118,-3.90700632191382,-2.61371676796446,-0.207193461646713,-2.23585668823639,-2.23199963992622,-2.2410014454497,-2.3214698312202,0.830660369327823,0.448463007462375,-3.1013006228603,-1.73376404255647,-5.64999841053668,-2.87525622624418,-7.25903155926289,-1.74863089721345,-2.29288519018599,-2.77712583170006,-1.79105321874851,-1.38112080992632,-0.709019820821299,4.52060396839295,-3.32557000119503,-1.18370647516858,-0.311318795564464,-1.25606419251663,-3.5061541843367,0.704478783850162,-3.73896518642513,-2.14262572944895,-3.26201317251295,-1.07810011974495,-2.41624623637267,-1.09014432906471,1.3233048943789,-0.600896290289331,-0.455233736553864,-1.03491829515663,-0.547759507998041,-1.41003771251216,2.02953264175893,-0.405629505541885,-2.16986864268594,-2.42943020510953,-1.58121456101841,-4.88498421342619,-1.01856478162142,-2.01240830686112,-2.09130250002631,1.5255835747807,-2.16000267900873,0.439683635991367,1.32953550595624,-6.89593350011832,-1.84588190811583,-3.42136755038826,-2.52760752152265,0.289725511761968,-0.212646214355156,-3.24454281684943,-0.73738492429271,-1.87833914453132,-2.88516797371282,0.415825984210735,2.49868857688224,-0.252348161123182,-2.05710699104813,-0.13209225951555,-0.501916834388578,1.40826700355906,-2.77841798067045,-2.29966502989844,-3.41665923926787,1.14716097226813,-0.892018869462374,-0.554920879630435,-3.28852669362814,0.645337086950606,-2.50871229276351,-0.170126208684743,-0.841450562010601,-0.829826656600273,2.01434161650351,-1.54495285690684,0.449837771510754,-0.552629153942041,0.908969942829059,1.84862623706965,-0.270644682809299,-3.18552432704378,-2.64282227448982,-3.98474374729809,-2.81967986981748,2.73546138879039,-3.02814355183414,1.35653517600536,1.03210771117845,-2.74743100066372,-1.59709861977149,0.588086698727643,3.26700981792404,-2.34883667868179,-1.28830661357876,3.08506288796112,0.906323316415006,-1.2689421784202,-3.7076157446957,-0.623451195226585,1.50879797012842,-1.79978678992728,-1.67974238595676,-1.8835166203914,-1.46036604710365,2.57389120012974,-2.42238046373797,-0.370029662766031,-0.629251834319628,0.809400047990283,-1.25248928438719,-2.12266047214039,2.19267518660205,0.822014479173278,-0.0349047163073863,-0.343743775580744,-0.819561089032385,1.42305647166245,-3.4439006432495,1.62529852671854,-2.88568893562648,-2.63340084913131,-0.306188030284514,0.305064891369494,-0.937725200342343,-6.61999846679267,-3.73274414332548,-4.61849894223722,0.857216896995487,-5.85532357497043,0.764191942552791,1.66347078386078,-0.516637028295524,0.925563977993471,-2.83574597389247,-0.823779043704692,0.456600631288339,0.194261930076403,-3.91407499269437,-2.55254654463117,-5.11366162722713,0.490928898523024,-0.400682822265254,3.17280004658435,-0.762774701335846,-2.12354277846042,-0.693537292060517,-1.39460386995789,-3.61955268763385,-3.03759392189844,-0.222828662952737,0.0934015724675705,-2.33195630200342,4.28548610583238,-3.49105927677624,-2.27940542291967,-4.66321231177243,-1.47046039973075,-1.13467577928974,-2.96670500089083,-4.74225964830504,1.15427701083728,-1.25906959184828,-0.359204030894758,0.896134172850708,0.330756864824693,0.232651808710191,-2.86139176150921,-0.0777290759357823,0.0476472157061441,-2.0864787510021,-4.42978315694817,2.27397972854153,-1.57127234098546,0.681448788734342,-4.03399342209876,-2.67769063629895,-0.947374967470042,-1.8948936540528,2.20275217322159,-1.32290989646226,0.990359385409208,-2.77849767767422,-1.30582964857927,-0.860206125176653,-0.151395351988652,-3.95351690905001,1.10710244419534,-1.79871584380774,-3.46675350097663,0.315781775846317,-5.27393646496434,-0.86184800968915,-1.89739495169862,-0.0150135651371271,-0.863354453935293,-2.1050757964126,1.55009384955305,-0.118943162187665,-1.31003164802506,-3.76633949095077,0.0112700100130383,-2.44808590479993,-0.296278219804354,1.02049155015645,-2.21606611288765,-0.0304633805060436,-2.17977139218345,0.650871507439078,-1.14251349851706,-3.56378628540039,-3.4603222090759,-1.10579905683657,-2.91596619560063,0.164369572100837,-1.6346729378378,-3.45926918781299,3.10954846339799,-1.46178655859519,-2.84412473736131,1.26727824546712,1.7490566702053,1.75343578074809,-3.85787151735169,2.67290653308795,-0.500102295341571,0.792505139575662,0.983598655497946,0.722137046857747,0.147153350551122,-0.701882806962757,0.814732955013336,-0.628199322588914,-1.9709270743226,-0.521291404048656,-3.47641582685802,-2.16076774458778,-1.86691112562229,-4.89309805834657,-3.17828144064368,-2.00146794157097,0.0425910746562652,0.474323259230499,-1.05892262833708,-3.5838381687702,-1.93238223215333,-0.93412998153049,-2.43584064537677,2.81893703252136,1.32917469484123,-4.68430822637018,-1.6693045168854,-0.617198412874747,-1.34743337760839,-1.94443712949231,-2.06217382722112,-3.5212886322834,0.690332108604753,-0.0781905574477302,-1.97213908151684,-0.83983543713206,-2.23425571906094,-2.45603082631759,-2.52737433037511,-2.56138258527025,-1.02072390306482,-3.13390308995636,-1.42931597331877,-1.66652060499501,-2.05558648309677,-5.05066995268062,-2.82490811902469,-0.689581161923769,0.30165361005538,-1.48250128465709,-3.20188054638817,0.0885812469356899,-1.88467690077058
"67",2.21781962310783,4.21540672796808,6.58959502351654,2.39990853420796,3.22950665514181,-0.397573929893984,1.77179235844563,5.53502836270621,0.370178766111901,4.55355533056151,1.90148019965421,4.71423310806834,2.32382551190551,3.91649625826228,0.520619633237072,7.75546065007152,2.17856708802446,-0.625344416827033,5.27998539993876,4.5009696670348,0.418048986484598,0.690409130666794,1.58187775577119,2.81734559101896,1.77927537756979,3.20944920412755,2.40937435389026,1.78844673651473,1.53425593092743,1.303625172232,4.2940272339892,3.36974111762553,3.69067510403801,2.69166224555227,0.739685795570728,1.3218634726733,5.17555259898623,4.52314330650822,1.81937162919359,3.60793268813903,3.29202897291228,1.76265203511205,8.18384233420024,2.95942968786439,3.18151988873385,2.376487550162,1.16322422968876,3.63499123901392,-0.055872434040237,2.88176749702268,2.14120004297039,3.9109927985648,2.61008368609248,2.77795664611054,2.52621575507489,1.54278705079102,0.422989431501911,4.34913419029856,-1.90017982308474,7.14920205479746,4.45871942389567,4.00072185875728,7.7985728874243,3.98987275227819,2.3963579754543,3.13412149959027,4.67782212956656,0.345570176510027,3.36169783028469,3.17022003479773,3.02736422452423,-0.43093130295925,4.08328810781909,3.71908506408129,5.7392584230779,4.07842369907242,6.72760743171443,5.31987829837649,4.85557984387566,2.77605049462347,2.8449570144868,1.71537492051203,5.01260225442932,-0.433602633207648,3.46850471496977,3.80952001801372,0.668409793116611,2.71524816539976,4.6661099245817,2.13984286161282,-0.0308886465899061,3.12167184830724,2.84879133291537,2.23816994625549,5.48263558144871,2.17038324809344,1.9624060963659,7.22142311928241,2.65453938939772,0.620853894143913,3.4451518584543,2.45192792798847,0.418425061206932,5.87981987503141,0.933584664520193,2.12201152398341,3.16145424643634,2.83340196571509,0.794175528801149,1.64438138933085,4.72878875737437,0.973051494946895,3.08207602331594,8.51259346305048,2.00566876835623,3.75518561128971,4.07055944533274,1.54976406543285,3.33923447393179,3.09642053292122,2.90262282272503,2.40658345059232,5.3081727509568,4.65105079239147,1.91419339966658,0.74176892370247,3.63575388563845,2.13249263178317,0.676551338389053,4.99120911856678,2.06342039249413,2.51438310935845,3.03284014780385,1.81772719849971,4.48449405481622,3.59383609561567,0.325750154082106,1.39034032701491,0.68213217704794,3.22001895679684,4.08161462651237,0.0697874529834421,5.85902111525416,1.85142433614929,2.59569105141705,4.11756240282985,1.3575544750707,2.20600401580496,3.74303440807833,2.54818085769733,2.32460170379066,4.82900411305901,3.27161893115653,3.45906575979146,3.57731533371818,1.38758899166715,3.72231347589208,1.5208861960615,7.30528950379178,3.74288926122398,3.97687297050898,3.42805041435602,3.73445199457637,5.08260544287359,3.20872156095905,0.540610172161842,3.18779500479454,4.23961470379336,3.05319049470125,3.72377358885392,-1.7400033121367,5.21491956749713,0.0119546574782903,7.30170871797572,4.30941296580931,5.91679269177867,-1.70730501087628,1.02382971837041,7.44873958312327,3.53365322594326,6.21000949742596,2.49854710106058,2.42237433297199,1.82724170794782,4.21405649825879,6.65598981127463,0.841509604089325,2.83141430010264,1.32539294298374,6.22486934732007,9.15280494579218,-1.7491365818436,1.42934029566327,2.57935787770369,3.41145431781727,3.32622613257675,2.46350841076887,1.57406630669037,7.70622881471965,1.55279075184006,5.469837065921,4.30627965935598,1.19178403366218,3.73258775623026,2.80331563726641,2.35030462422135,-1.36424756719981,2.6632809527339,1.41988679114607,-1.05945598559393,4.22318894438011,1.52320084130756,2.00694636493755,1.43843759189829,4.06037127980645,2.16306514395399,6.32873633553648,6.87922992811763,1.14214855209244,3.39719093754566,3.27077208251329,2.70802559336737,0.457916622174086,2.47345501767832,1.50355578353505,1.31212227622973,3.88571488036711,3.14451191241849,5.99295155681116,0.711427417743473,1.98584479891722,3.31362609883922,0.952609500174837,5.82774562942306,1.43795755351248,4.50754918014622,-0.424073048792545,-0.995518486987986,3.21424307959661,3.85989846878553,2.18086240445636,0.578242250696174,-0.458532025383119,4.41258936257446,2.75704568384269,0.0729931213747772,3.98305561247077,4.29007381380972,1.99598191236715,2.64203197906856,-0.708619314717755,3.54463249058459,2.51228408297364,-2.5746224744197,2.18527618229918,-3.1467932559903,2.20306626183852,6.60539912797462,2.72896689820694,5.12845211216214,4.00172583134429,0.639549461312206,0.828837818595283,2.88168840767798,1.71411857122041,4.84443060286076,6.23502334877948,4.56867895256979,3.54475182504685,2.97831884198151,2.25538480101768,3.52610653982574,0.639137770300244,3.88371269205656,1.8529703433991,3.2042591202787,2.62245246696484,2.920093545722,2.05180211803253,6.72262261362989,2.53193826259236,6.35256236683916,1.86947843000001,5.19400581373487,2.05395013736213,4.13641548946295,5.57928060169461,3.3769012825603,4.80292510944487,4.32228442342561,4.22272249251184,4.11009187593862,3.90962577267151,2.00639988779521,3.03108475075843,2.91775961282667,2.83464151685494,5.74168202931476,2.99604469721039,0.160898675191584,0.543616473622015,6.40154611612463,4.09190262235357,-0.0297758005769748,-1.00485813174988,5.79481862093465,3.45735597880298,1.93125485655754,5.74699715925301,5.83198978489719,6.11094313608408,-1.61376241396075,1.51279377861242,5.74632967601899,2.98836673545176,0.969205576997459,2.96758343009695,3.81211299566738,2.90610171482524,6.77914442610918,4.80566764269048,3.52885957583702,4.08103325150987,4.06962867043209,3.3011804260891,1.73389962968519,1.0762601445653,1.35017539213569,1.25007725774555,0.578514263913321,1.6104746954157,0.41776215484961,0.300458667078157,3.84333789164645,6.06603252730638,3.0352569564114,3.21155877112,3.297219208705,3.08473762488341,3.03700995051389,1.30305087060229,-0.475939273072119,2.28984407895593,5.60805735763961,2.2696984193867,3.80462006162983,4.75120355674786,4.2382268118348,4.53430848772884,3.05518810062952,0.8748980130705,3.6755117885434,2.3946988968314,6.12846580110898,5.78304191305522,1.23887101154031,1.82483375853291,3.67225212451309,3.2296040572894,4.27617456732548,4.74999809687612,3.64978082112935,1.90192664191281,4.26824306656636,2.14730908122624,3.82010712309415,7.32545219722471,3.57833712209272,3.67328701994014,5.47679786249107,2.29073797222386,2.47158006320334,0.685131713567602,3.08720999664798,5.14250138644824,6.32307789004909,5.14429797430262,2.43260401290373,1.00295247575184,4.83154324355363,6.64683234798459,4.26642791531651,1.42511058824926,4.16352329075418,2.91163410851962,3.61617308945716,5.03649228426826,2.74120199404016,5.30814814486471,2.29726837753893,1.14854428063617,6.14890608022259,3.75308967613714,4.15970879485704,-0.346244229739516,-0.272831236088702,3.89719580307751,3.06731098152487,4.55230698866003,3.99619309270839,4.75259184798831,4.69352886300256,0.165104581098754,0.299494111640978,4.71806496781365,3.29340505089915,0.60979645851896,5.05384859460371,1.48114892829675,3.06296749988338,1.59479275175174,1.56814980430988,-3.80894531563277,-2.71354441166629,3.43533689683942,-0.967517298490229,-0.744043867766512,0.725820959182758,2.68415022541558,-0.588516687635098,3.19523837613108,-0.279521836640814,0.270232954323741,-1.51527985925788,0.782203746779979,1.09203067945461,-1.92373847756815,-2.90915671189135,-0.507026368847557,1.03499385547046,-1.47502371859418,-1.08377926944977,2.01043889346695,-1.38210798235714,0.307133855554171,-2.29269790294953,-1.98108597564536,0.140287568827167,1.54442544143188,1.39752158300419,-0.30462744818073,-7.67150949793218,-5.11869436609782,2.48219659531752,1.81814260303223,1.18408059125079,-1.06084570690058,-0.343504333990565,-1.03206977136001,-3.35536074607082,0.603382858146328,-0.890236700243402,0.214588476631788,-4.10353974288065,0.500977516041504,-1.17224886870638,-1.10546012822955,-0.865127406613535,-0.893297356597828,2.52994966541151,1.03775565994389,0.924532458680766,-2.11040178155008,-0.50293060289777,-1.12543550059224,0.858862864794004,2.59725861123138,-3.9569019320432,-1.13500841889589,-2.8463371640086,1.44455982069877,-2.08405656725346,0.110048272108404,-1.46631510906944,0.453018648981669,-2.9393762959265,3.13250840663175,2.00468062993763,-0.721353731418009,0.123169510706262,-0.000200668483278155,-1.181788285122,-2.40495320366633,-2.13719456055403,-1.05521676005917,-0.817392684971946,-2.35970749173362,0.149054852875037,-3.07390932779735,-0.38189473934574,-0.655422296029908,-3.49835189262922,-1.68433935821058,-1.88683958317327,-3.34772328468882,1.59129650623288,-0.30627201859746,-0.368804302708622,-2.80220703840799,-0.525667616954167,-3.22826351379377,-1.45711799081572,1.48641759392422,-4.08203123076126,0.109207103033917,-1.20888280856631,-2.38733496875893,-3.49523106191047,-0.843200871460943,-0.450027441062669,1.99281622279311,-2.1060632424551,-2.58210862693844,-2.73926567923981,2.85456228111318,-2.76654185118345,-0.988186693841639,-0.477263433654503,1.67160291019572,0.0461538322498045,1.66224990379218,-1.95450964408415,-0.763772152464402,-2.08567494899157,-2.05365800061618,-2.93909381440774,1.59030791159406,-3.74199631826859,3.31560973192718,0.417064242770738,-1.58430749303796,-1.62957109238905,-4.33754022994535,-2.58468462998487,1.82826697744783,0.904586276480883,-1.12101632991603,-1.68375783461811,-2.93511156718344,0.525067117164732,-4.84028423434175,-5.8785689301755,0.167384906244688,-1.03225190166155,2.40543837866822,0.287407935771784,-0.0585024355847851,1.7429604880906,-2.42687624892067,-0.183078526154343,-2.01503961379119,-0.39791482857814,-1.16413421440942,-1.53206151096575,-1.1409296506165,-1.7714912655483,-0.0412360075854761,-0.0459369941818811,2.86473704821529,2.28002517926544,-0.590333979607827,-3.06825333833891,0.597659596600994,0.949955007342471,-5.1201092615548,-3.37794136629366,-5.27286236146495,-6.92297335222078,-2.99273410587651,0.302311803579561,0.538453666149955,-0.00478880304246965,2.24785862416365,-1.03116160856022,-0.238282725036849,-2.40179317440194,1.60133246636266,2.36873121317782,-1.92614022888035,2.6880588172729,-0.760290783200901,3.05861775854407,-1.22514184193578,1.15174021390558,-2.98026983129603,-1.18665831504607,-2.86549731242496,-2.01140310963539,-0.683599079640019,-4.3324422357741,-0.35915713333247,-1.45043094153522,0.0893590227677579,1.50559893930161,1.27897403098355,-1.90061458390732,-0.556055634328204,0.684628384491788,0.749364252549125,2.7050557318285,-0.484737219211849,-4.18077531377184,-1.35952485825564,0.465174014061526,2.72719482633341,-2.44789662545621,-1.80419496467862,0.943030758041475,-0.855558071426974,1.81002305036577,-0.572037954365743,-2.60614448285489,-3.66730828847625,-0.852359475325509,-0.868193979795377,-1.94458803149986,-4.71647841884626,-0.98621556247739,-3.13498057604684,-0.508649798594311,0.154840372426172,0.176282739373552,-1.39030371916368,4.01439359962032,-0.415360011145294,0.681747385414704,-1.17827866327635,-1.0011490403498,-2.14068847173949,-1.39233337018309,-0.305866392989509,-3.74597047106745,-0.576139098756688,1.99737615054093,0.641422558746892,2.17530441893239,-3.07671773191127,4.02007465350047,2.06926964974067,-2.13570005556741,-5.85160115977077,-2.19297812716859,0.533246346088182,-1.32634426808057,-0.0708297229459833,-1.42212243822186,-5.73021767348115,2.46687230874095,-2.92106189520156,-4.98985007049923,-1.19184860139844,-2.64436508839079,-3.5793969631202,-4.35315400795031,-0.47776439492122,0.92513919782239,0.398539296863906,-0.229847165448309,1.42281647015899,-3.4186880775852,-4.20448177715279,-0.379730896949247,-1.40708293986796,0.844484773803294,2.01597976525604,-3.43045710891989,-0.518931570167072,-1.04749699670733,-2.26408852802634,-2.95004819029892,-0.923425617454498,-3.29642866235456,0.105453589668836,-4.47576210372196,0.727814997400982,-0.579148708717938,1.13014365647283,0.684586124882374,0.00927936350712821,-2.24751190679519,2.17096805254108,-0.252410265367567,-5.46106134975098,-2.86733589383639,-2.1940536859053,-3.36520581718908,-3.27022341878655,0.709477755177925,-2.77344674449103,-3.64092094199497,-2.10971528650618,-0.330725227532262,-4.37134262902196,-1.54507302266866,-0.0197786583901284,-3.7718910718972,-0.187841913127876,-0.449161328611513,-0.120197018827313,0.388760485576265,-1.09832475001595,-0.984358413158904,-0.90927838751659,-0.700926474205716,-2.78276378725374,-1.47410139002217,-0.544380020347178,-1.8927847456115,-3.56454693168737,-1.97085955777517,-2.401782413184,-1.0040859526781,-0.449650810437385,-1.04279484863734,-0.316681915735468,0.246090076492692,-0.964612113851027,-1.44906405842222,-2.85249172618062,-0.229519285298668
"68",2.14822058025904,6.61861209203067,4.32969146677605,3.6829278107217,3.10039436303218,3.66937519909847,5.65471776154932,4.46462352905885,-0.319921321357295,3.31974446716363,6.92750216794928,1.2930845322126,4.2387446103282,1.31512433406998,1.11496513655076,2.48290516868724,2.55555428368876,2.40333563290155,0.916486626730192,2.2193961568531,2.05144661822847,0.206107296488625,-0.883563092454006,2.01286565042016,4.42962397237856,2.02281783481819,2.9842650178127,-0.856591287570933,0.576338341266438,2.45784951106769,3.70018128983291,0.178310457830496,6.35449053145412,0.968899827164361,5.56341393662542,-1.59893758648448,1.43994317866034,2.28269338058999,2.57630186959484,6.20190026135642,3.87613905855179,2.44425809397395,-2.1548994035075,3.87152902628388,1.5222176395615,1.20781767658639,4.52020486565686,6.64609685180613,5.00174462042845,1.49338906386884,2.54194477874259,-0.383371280566455,6.3590250673485,3.61622833125952,1.79156010542402,2.99469376965213,5.22625538378064,5.40647916436032,7.88211973886297,5.67560597435824,3.18825744009817,3.06591185032995,6.81650717216026,0.389208334547646,3.9506220892181,6.5257303416315,6.47903383534901,1.71998945482128,0.812312069923764,1.76846432543565,1.36551342591525,1.87377566188565,0.637016859386649,2.26051683766079,4.87827915105421,1.13209907608328,7.68246827348004,3.4791945730634,6.46713064584652,3.51029406062599,0.290370488976907,1.83769729701373,2.9910455998423,0.657114602027025,6.14618544909071,2.62047819591622,4.76069316152366,2.54817936585026,1.54033642522444,4.50812589809993,0.187085330519798,4.25109180677804,-1.50302484185659,2.08649163201101,5.18477673812809,5.59715927426946,2.59926838630059,4.22281602045264,6.46884977276056,3.14797275739177,2.08466313694598,3.17055193275363,2.35657124499971,5.45763428467989,2.69816579065883,-0.757255343175151,-0.660016356422281,2.10601394760816,1.78726546525523,2.08468473322349,0.0943628524277607,6.28687078288885,3.51689583373478,1.72119328551943,7.17999170519493,0.351965445570423,5.58564588848817,-0.725638732732936,2.52408053599407,1.90770356557059,3.51156455536273,3.73438567117978,4.70433620585671,2.77067739131328,3.43502856621368,2.61212332720484,3.77998425921033,4.17345442790265,4.61293014163762,1.79326892358291,3.95962814012439,4.84276296224878,7.14294749103778,0.00968569494480809,0.867334803983563,5.72925405270737,-0.556421948155803,5.30325108821195,1.16197170478544,2.62480978120064,6.20102492315227,5.79477026415846,0.766923433553571,4.89277540659824,2.78774225225649,4.49994685017941,5.11085688463838,0.465335568134734,4.07888740628912,1.0626255571351,2.47545775897525,0.9201104348893,1.88877069244834,0.625026334380448,5.38274847694231,4.68184602471638,4.0509687090786,3.49138372167262,7.06708041672086,0.504558368459612,2.22465209735643,2.25526520200037,1.61838247950481,3.85845420904977,3.50048796652047,3.48254371732611,0.156511936934601,2.43228855897626,1.15071189149509,2.96667257288442,4.22137813795035,3.51775894626777,0.39917735856542,-3.25270502897797,4.36998019280392,3.09990507767327,4.33433151524863,5.63541999132172,4.64594841265632,4.53655642218996,3.90664326522829,5.92187930316884,1.73719400505625,3.33254479740762,2.05442017841227,3.24886758571235,4.38545360979654,4.15694545655775,-1.49174894974431,-0.697375237720487,2.32937751748503,6.68573581404206,7.07578583652006,3.66315237822926,4.76056888965363,3.26999416096967,0.251613812530374,3.96536413038104,2.57007489843131,6.81632507723132,2.67481073066794,4.24120691253145,0.383655161112426,4.15108352559127,1.17999839499852,5.05162441574223,-1.00431367386635,2.32349985742235,4.80450316467309,1.92255879977174,1.98209704349006,3.1576034111469,3.88294205056775,3.48930057015428,5.52892853777966,4.03758546181888,4.85142182041002,3.67255457306531,0.496929585797313,0.533259774858109,2.12828045691568,2.62508493593285,2.15368667752704,0.593862285542038,4.52877290141233,0.265426520824851,1.87348571133228,5.30830897582154,2.41517207376212,-0.377767714002839,7.78649972481148,6.56013274546441,1.01058804644488,3.93312326108746,3.33258709626328,6.78583278494414,2.19113879235087,5.03153213709989,3.65071084245432,2.37040578281831,0.0473299161868006,4.53406781858158,4.353299478365,4.44020814618194,0.39173410008727,3.42908629195304,3.32370948044051,1.99482051313366,4.06473145722522,3.41891245222085,1.449104759835,3.29863921829795,4.63731329063375,0.0763689549673998,6.02059757650254,1.84521629443993,4.90950138459289,1.73496449302347,4.06028967227451,4.00472578255223,5.02908408500049,-0.134263446210268,4.03030968989339,2.27753488491443,5.23350991065951,1.26704683013233,2.6594202940995,-1.27648868910629,4.39298900920526,0.457329201720774,1.31559718420654,1.73865549018455,3.56699664496377,-1.21365650714269,3.91353070447747,4.94180878060723,3.2034397805071,5.20165508531462,2.3296778511871,7.24204821083465,4.02554161996001,4.16366795326238,3.64372369082206,3.6860357878303,1.90364341126092,3.0142976568529,5.53575791858468,2.59195776581881,1.14176735216349,1.34148042878212,4.08658832364122,5.39042860908015,3.44013461944114,4.16186416849381,6.07451085326288,2.16411511132503,3.42916238584189,4.94232905010718,0.940169820788423,3.09483319855008,3.30392392987534,4.93523006230616,4.27392067076907,3.72584344743085,3.83425249013407,3.9488839038549,2.28347539957167,2.0097576182339,2.6271403829489,-1.86096683226762,1.32619812004128,6.86848468835718,4.94643956121891,0.950424461184379,3.51694121950411,3.45271223728643,7.01173354803905,5.07559100279296,3.23195437637018,0.483139972743681,3.34744416815644,5.52360198011342,4.90991634721474,4.31703675054927,5.72808154838486,3.98332749561594,2.89640841433424,2.00241939395037,2.24192175307544,1.44178565893999,2.1463483738859,3.8197347701834,3.4901440999439,0.217265901352835,2.94864941099225,1.84249075301454,6.52154719086052,0.560398859242735,4.99285070608202,-0.0992911089723223,0.652419071222838,4.4180871375145,-0.642621692292777,1.05146711265049,4.65523944268793,2.78715384450931,3.01680916071387,6.28508551330096,0.794047513269122,-0.163580799862316,-0.300399767839771,3.78131246371443,3.87786116753951,2.28553802737454,5.41996901623803,0.394501185664711,3.37878984934832,3.09644889925338,2.35690393559832,1.43514220360995,4.55397149116454,5.11210221057978,5.29962423922476,3.15432124807225,1.78709200330442,-0.733125361792899,-0.234102480472762,5.40858959251777,1.53303863418283,3.00992594094176,3.57395718194219,1.19198836298034,3.11480128733623,3.85409765252982,5.52035668671198,4.02538692058705,-0.0241330037127687,2.38259492573324,1.23361230060389,7.01408238539439,1.9088064953916,3.4643715429421,3.2812905732431,4.49695615389804,5.99105241878973,3.50809634858775,-0.402365474036278,-2.33429336965599,2.29780919730263,3.28863544502363,2.65431668502913,5.39721285804422,3.06396487524037,6.21095279475526,1.57256182543334,2.54168232564908,3.86744456848155,1.20226534430939,2.43794997551328,2.49659871198711,5.08245869403321,2.04585376454862,7.8427110231523,1.82153507111203,4.47195318593781,4.51559924740988,1.41212211045426,2.64415041633687,0.923321888883073,4.8554677278379,3.71930280669583,5.43018557968771,0.440636177148663,0.481748859355533,2.92036311610342,3.04725140180165,3.36686967697551,3.58489075522682,5.27853312632051,2.27845589131788,3.36176524160211,3.0656063147093,3.51824145288893,1.1447512182925,4.98581617674782,1.28167147369113,1.93709704219483,5.57996417486232,3.07301031302817,3.22184205449607,4.6334429362845,0.955362728453208,4.09701320019749,3.42904826366341,3.64887416133888,4.14387547911462,2.23005553717896,4.51137367607697,0.181364814672079,1.02640995274897,4.44215523672746,0.782103143790418,2.82597914931005,3.02963604239362,3.64742950734036,-1.38502301487057,1.55914783869997,-0.574271781628028,4.5598277085122,2.49973661794964,1.29900291855961,4.75450103236108,2.14039052613601,2.12216484916391,3.44433032063112,2.14535434655378,3.93170376552152,4.61544236661642,6.44103776687267,6.6067149301832,3.30118332258818,4.3439903901895,4.73034716713257,2.70125789202693,2.0093623775993,-0.606709866589944,0.156330897847262,-1.17698074488902,2.20006415883051,5.10428899103461,-0.331661069316576,0.745241164086308,3.23020785681903,4.06939941568171,3.75137541405727,1.90717885491237,1.25043911441509,5.78966631719704,3.31153438614032,2.34861212181686,2.27274407774082,6.17690888742767,1.49500284987108,2.99794427075927,3.71546465197971,4.09783665022065,4.03096691682641,5.2903760447193,5.44799270870824,4.34629366057955,2.74734062449535,1.6963207093938,1.84163452048597,6.20567634700142,3.35239845385928,3.00620471572822,5.01204568164356,0.509423518242194,4.11851611472807,3.550169358139,-1.17278810021503,-0.219561566130588,3.02773390338804,-2.12919751786106,-1.89040931321539,-0.870299542504171,-2.21499023094268,-0.93904993914722,-1.46500737516153,-2.16688045758403,0.240469200877243,-1.7921808611558,1.75385984489596,1.70602163899306,1.03868653328582,-1.03535701620103,-2.02073904385872,-3.37685719607085,-1.75367321776044,-2.01647150811992,-0.167150050675279,-0.0975724992938585,-5.64343324464469,-2.67709892009437,1.40679432589776,3.29776245442817,-1.4467664778844,1.2900458725497,-0.843620126246729,1.06767969281274,-4.86276595891279,-3.10065232150844,-1.44147091610881,-3.19750968423496,-2.10759113160248,-2.59157379959537,-0.271419246955198,-0.167705269278742,-1.40403075718872,3.11579840891074,0.684765518233461,-2.95424433606147,-4.11539867602375,1.06850186277291,-1.74156010049493,-2.18374433380195,-2.68929250642209,-3.03086838525762,-1.51180123708826,-2.81124709644486,2.19756039243131,-0.939894318513549,-1.89153495356698,-2.23811986007596,-1.37162024978853,-2.97313643826509,-0.320289829611058,-0.754978063023435,-1.02402900196108,-0.733028278508843,-4.90761517411931,-0.329863718446389,-3.76417256479875,0.795137706459049,-1.54704094297344,-3.03504123071263,3.15546407026496,-0.0502048236609343,-3.26624176245076,-2.96871484997476,0.00712818207690669,0.523031240177419,-4.6938617716726,0.472411128091244,-3.6922887997581,-5.67320078770119,1.83932588192406,-1.90320137026469,-4.23543320105008,1.57206392188424,-2.24493288129808,3.90425014798326,2.13504259384325,-2.02157078417051,-0.597724316150228,1.84181180812128,1.08412363158243,-0.52641497901258,0.5871590011189,-0.0734688645438509,-1.16856745808636,-0.80074534812535,-1.65634089878087,1.71040132901927,-3.27106383097247,0.424267167215611,0.223235908910794,-1.44812843220687,-0.791134007518269,2.06147131525003,-0.333469627914993,2.88802827219496,1.30960541570076,-3.95432434765714,1.55118611942689,1.67141250147182,0.377930310841285,-0.782376129253409,-1.38778723187531,-2.88477303690208,-1.45561972744051,-1.1588302515908,1.796199370004,-0.0191337612675134,-5.74744186920653,-2.94354442938319,-0.805502435101196,0.253985887930473,-0.657956019179982,-3.61938206434208,-1.35375362686527,-1.04995551862984,-1.47697301138121,-1.56784255784322,-1.79105272594538,2.59254090581446,-1.36508135699113,1.17872926802469,0.964803610276641,2.15045330290691,0.112421705965648,-0.0665092596793858,-5.44985565853851,-2.85481071199723,-2.73098937922902,-2.31319704619449,-2.38935795925849,-0.432403137460045,1.51645520570814,1.3706296135479,2.08219396493453,2.54018665505626,-1.86020472031719,0.10993927047312,-1.02736111673572,-1.29104691382685,-0.537581217303311,-0.17409194134284,-0.976044180324748,1.37389987361182,2.6808083255757,-3.97831138005558,-0.041819151398504,-1.70837470024364,-1.28908581064782,-3.36568376244437,-2.64274528397007,-2.30334928640902,0.549301435400726,1.61387313455453,-1.00461142372503,-2.2115015084824,-3.94982076473924,-3.17640922019546,2.11342355798254,-0.978688915098179,-1.86987677202845,0.225210551945916,-2.37165583407545,-1.6929020568419,0.187552434575751,-3.57260085418017,-3.22301928068282,-4.00788572710428,-1.34303433652122,-2.61249090219301,-2.68297927600675,-2.95123834066719,-1.96682117879373,1.89410983102068,1.65945706373905,3.89793167291824,-0.837691079209026,-5.24195884323618,-3.25384748036461,0.192621601190186,0.131963963793156,-0.922048531811887,2.8872288531659,-1.42870099481695,1.6879749156196,0.550471095658157,-0.332780050273296,-1.00761495515553,-3.90727857073104,-1.86544538210205,-3.66016460926065,-0.780752370645937,-0.151472829443229,0.1005324928477,-0.392359565212153,-2.74519624632024,-0.538071213661708,-2.41337844100758,0.780814464022987,-4.48528964076895,1.04346188099115,-2.00631683406091,0.513424839910566,3.87286618948394,1.34056589222916,0.148547553221105,-2.42299659236771,-0.797049689789942,-3.57779591242877,-5.12725676282338,1.08417487769078,0.0281550716610697,1.43499781106384,1.90204421784409
"69",-2.35109346745753,2.0424976950257,-0.30194001495224,-2.25883122242717,2.09084667205638,1.91758911390377,-3.1632481056716,1.77834285196568,-1.30567790148227,-1.98473739596071,-0.990037787472177,2.48571963426223,-1.70090934960796,-2.92410925851749,-0.819668904321122,1.44782461703555,-2.2408703669846,1.6523132549393,-1.58515708577254,-2.66280553220637,-1.84945832326889,-0.251025481663139,-3.73712931540807,-3.28071540450952,1.10437872507513,-2.22655152532479,-1.09723835158817,0.960272647098972,-0.854545268854415,0.264514466853754,-0.874648336831084,-3.65884195569136,-0.838434102273627,0.711631671083298,-1.02047258842068,2.09809615862166,-5.91454379763863,3.07442678551485,-1.63514199408036,-3.47964160695832,-0.75946888369254,0.349391868840297,-1.34841022099817,2.96559053152462,0.908658218270909,-1.96847593120669,-2.94335242309866,-0.938146597202151,-1.21058238092025,-2.97353744575626,-2.61995279041923,-2.58397035277502,-2.09386968831737,0.671561003337807,1.52134795284269,0.921726611761756,2.93282987532734,-2.50207237387486,0.538167073912211,-2.18192913521319,-3.69163367700744,-0.946475993155076,-1.36577135452392,-3.49074689513463,-0.749187062792361,-2.24501663584711,-0.724918929796957,2.30483763206017,-3.43172794889656,-1.09227805468575,-3.13153498472212,-2.81946326975486,-1.01426582775218,3.40951438393756,-1.81533521353449,-0.561211546622215,-1.31932460862348,-2.13227845002724,-3.06325732035298,-0.275072007577338,-3.15830528917388,-3.36356213327767,0.602468607327074,-0.744477311683792,-0.798052801482558,-4.09576248931316,-3.87865471914875,-0.965455195478481,-0.82860233811346,-2.8970642928047,-1.92952631842944,2.40121980651496,0.595378035666537,-2.03715051378095,3.76404833089278,-2.53769112060493,-1.79976716737244,-0.175320676032788,-0.628212413278834,-3.57074016573683,-0.833128315248701,-2.40224637738823,-0.286163061823235,-0.361271797535658,-1.01968406103468,-4.46186708436932,0.259494591002235,-3.21314889687282,-4.56293367011426,1.95269968208551,-0.297518008989307,-3.28287523252015,-0.128519095348778,2.57789549241782,-1.14945284548659,-2.48662019611086,-0.816765628096041,-3.23492782359382,0.0420082508075428,1.38976605490391,-1.99554391217627,-1.47553976280484,-0.781528109363406,-1.4311467531753,0.285342537566704,-3.74102635640647,-1.72617792927081,-0.754711858562319,-2.94357037652009,-0.956356114865216,-2.109221940835,0.0515540126106449,3.27012398757991,0.759277786161715,0.990446746195811,-2.0777468668072,-2.71607261332077,0.873026406333297,-4.03372874404224,1.46830731279609,0.471580203564743,-0.934339946615646,0.779453839543589,2.66753266222145,-2.00922824771652,-0.0410350289199475,-2.39771658332731,-0.761601958421226,-0.734584529197359,-1.77380990907443,-0.0400467872643802,-0.0834936602090116,-4.59321018895059,0.995896463380634,-0.511006086585665,-2.53981420835895,-6.04031548267415,-1.23107871863711,-2.95593661017892,1.91364413945275,1.27423065358256,-2.93754956013211,0.800665062732626,-4.36008588884187,-2.72853559455761,1.718232512103,-1.74573975539933,-0.835742230870662,4.81747634673716,-1.22350531512942,-4.17536196408308,-2.69310153795428,-0.850524305613676,-0.595534643393075,-0.809110782405799,-1.18824554749751,-0.317977297806459,-0.213091076173923,-0.412860383514578,-0.195383096839568,-3.42690796432566,-0.851561466205122,1.01767667046922,-1.35147059105137,-1.73864212926699,-3.10340481215488,-0.672226634309099,-3.57176149526052,-2.37944339527175,-1.0977074723856,-3.65701242400172,-0.356954190599248,-1.62305967733159,0.322733602913645,0.719325270418856,3.98997801835961,-0.104306074145833,-3.94187003133105,-2.96668936154584,-0.856583225914225,-1.32977255271422,2.79301614220853,-3.56909430092526,-1.92715824305419,-3.37202660685502,-0.808394783326654,-1.61055961568392,-1.70297500657436,-2.71210788025,-1.70778488905158,-2.49484601360431,0.0255838281493435,-3.42426578675213,-0.811522612074544,-2.57817323777801,0.682883609505925,-2.16388873855956,-2.10716715570486,-2.81749319321832,0.433204881612335,-0.607381035082043,-1.07879595982842,-0.079253172178268,-1.98491191412111,-5.39652716737385,-0.323432326532646,-5.78204693898297,-2.67409092422032,0.783578651962671,-0.182976094458445,-3.41729030857199,0.545675397483306,-1.56566479932588,0.33647966670428,-0.815661175969376,-1.44087389301163,-2.50950579296637,-0.201347675007968,-1.4791264889523,-0.905435261169863,-1.4572554504513,-4.68564836072836,-3.3032065791928,-0.311083612950053,-1.18461649911806,-2.81565350002257,0.523084847750965,-1.79086089394787,-1.80598998088341,-4.21521322487253,1.19499439685411,-3.03120850934985,-0.185918456560261,-1.39692802697134,-4.10348059057081,-2.5445000423167,1.5389716083043,-2.46611425038934,-1.57986355620456,-3.43766561509918,-3.24016937228781,3.64642331399477,-1.58510027276421,-2.15197588084797,-0.869104231850058,0.126154505612576,-3.00178100952228,2.46857128005786,-0.614564075643072,-2.98448798917631,0.01108669026135,-1.92635780500417,1.71809718090346,1.14181500206427,-2.13659736063371,1.6265426640644,2.55112839567201,0.178907442487496,-1.73685483977914,-3.14614180100572,-3.56436798740957,-2.14520236234777,-4.10981962073439,0.546488809929106,-0.208796800709282,1.68993501323888,1.7577446848556,0.987088738146819,0.758814820731847,0.180242932466489,-0.610774650844098,-0.350988360552359,-1.8273174619826,-1.00823314838221,-6.04126334911639,-3.33308943331335,-0.598475762617085,1.23728805561306,-3.59854163720375,1.22995899334516,-4.0156053532688,0.652833349851472,1.4866229086643,3.74087823350592,1.94663032061465,-0.654694216787013,-2.90527690787074,1.86292308087479,2.78046344219308,1.57255589617548,-0.527190945481408,-1.60907336136197,0.314900920201247,-1.94932827866179,-3.95151215103046,-0.480867021777408,-1.88982069641184,-0.702196808021119,0.960472411501592,-0.157136918078259,-2.25624452716439,0.197195122475839,1.30560255142993,0.723507031877513,2.43887644743526,-0.650436744281933,0.22788615642651,4.33347737192069,0.292416279725989,-0.588007572518239,1.07480211411043,-0.775875342890303,-0.590738294362896,-2.05879104065397,0.785701595719749,-1.46161017261091,2.18646550651389,-1.58655989777923,1.3280202893094,-1.02533816472767,-1.22728763859767,0.572627738776902,-0.0152935793230871,-2.50885561194684,-0.0944084167786829,1.74942682565834,1.34053081089238,-0.767339144764829,0.861003012190398,-3.75517925211038,-0.285552929875852,-1.2981577943039,1.0804720015631,-1.15000767912213,-4.21904406581171,-2.61805235374343,0.714365159686047,-4.71977515028254,-0.154003366335274,-3.50539617206634,-2.05348882574679,-3.09873444132212,-4.36800312128173,0.557578465351787,-2.24018638832271,0.599582302856835,-2.06291625321273,-0.79663820840532,-1.78175151612843,-1.35865258574837,-4.61219116295679,0.660306972609302,-0.292197053479949,-1.26016341163447,-1.33458067291183,-1.04784682113235,0.664145146338889,-2.36352487637968,-1.34304316855102,-0.787515318265569,1.58389206494424,-0.517817853646871,-0.647036611173389,-3.447462404743,3.2921063086693,-0.505292195714397,-0.89315809104414,2.10130297540732,-0.147114484699384,1.31228797913995,-1.62497936919376,-3.98942286807702,-0.236890088608051,2.63565453793612,2.10541093157123,1.35476811279577,0.371394364486558,-2.77653236413163,-0.409381288780954,-0.343968954095893,0.63890867576412,-2.45201865728872,-0.179456288131387,-3.50503603149248,-2.10114392181566,3.55637447493624,1.07305764577428,-0.637637787853058,-0.643394575203723,-1.32117892687863,-4.27429425018094,1.38610809470706,1.2447598696089,-3.43358696917186,-0.711980358789404,-0.872209239794079,-2.72529753364775,-1.54661505043965,-2.14713032662467,-3.17825550477447,1.16819048758176,-0.701335889714791,-2.17087939481949,-3.02087959864413,-2.18188487668335,-0.634542716455798,1.19934266023779,-3.32865009426761,-2.24385677916424,-1.98426698562309,0.818776699600256,-2.28410125938703,-1.42070783683872,0.974112884463827,-1.41106299348309,0.398174718225861,-0.720698246571711,-2.85817076873861,-0.624658381343885,-5.43796932180305,-0.769236885646244,-5.80718868716518,-0.914113640800658,0.943591173164362,-1.34337603762696,0.156114958406859,-4.05988970234603,1.87061493673209,-1.05333803075868,-0.732992640311724,-2.16682127974609,0.257203715457877,-2.53574111471882,4.95797778183937,1.78476464989467,-0.995712163440178,-0.733566824968579,-3.75303248796999,-0.224226553759477,1.11132183614827,-2.79479560744608,1.70412754859495,-3.81136750170275,-3.3068866609641,-1.81198190223263,-1.37336131401616,-1.63553560233217,-2.91308795416922,-1.98346367914153,-3.94451844424317,-2.45513961659823,2.98739711317323,-3.01728845262178,-3.91093711794926,-0.782309467312849,1.52907471943196,-1.11106820839935,-2.3991626703843,-2.2694401000766,-1.81815172105001,1.24068642514156,1.67033555936039,-0.940277335100883,3.39611867246446,-1.76088102597866,-0.163009137363454,-2.82010462988503,0.069271910520347,-3.87249461813078,-1.94890364692286,-0.658399167580854,-0.918379979848938,-0.169139575328235,0.974558636999382,-0.494036424172187,-0.673751380521273,-3.20878005296476,-1.94301318821552,-2.10108615098524,2.47860141730373,2.90762952632274,-0.953592168660872,-6.35568734164393,1.82938464257561,-1.52183398421402,0.860301681969083,0.0697368332565316,1.23468421447152,-0.316526595446104,-2.43660430038358,-1.96096797448128,-2.64901488529604,-1.91561621434529,-0.279239680870141,-6.00079340237837,2.6964310336952,0.195655565101603,-1.79993202833828,-2.88361956543785,0.540166879965012,-1.76149440436204,-0.844630960075769,0.729620579177162,-0.483050402991307,-2.58007201644691,-2.11597111711236,-1.0038231606793,-0.868776681030876,-1.64938367603863,-4.6609054360047,-1.41846941822,-3.20598718062518,-1.76921145282498,-0.455921601288696,-1.28460597717425,2.29928382680206,-0.583082761183899,-1.63720512319082,-0.447975335471432,-2.86139255949257,-0.160291315969235,0.482082968837371,-2.88179338459314,0.885086282754905,0.312457867267314,-1.49938041106457,-2.46318172122092,-4.6782002541471,-1.01800888487753,0.536662128332221,-2.53303521112884,-1.62850968271062,-0.163591506266756,-3.24238112826078,-1.76400089387673,-3.3106878538761,1.22731460432285,-0.0707954847268877,-0.75243966031735,3.44873914722282,-1.4212187339111,0.758803207775923,2.04483081440687,-2.35120305418265,-3.00284709988303,1.12527084264015,0.729932760505893,-3.62359329729049,-2.44092953083198,0.171298053398532,1.147552776857,-2.44789377724791,-3.41666957672018,-1.14742763673478,0.41125444294347,1.70299684922379,-1.00628406456613,-5.25106787716214,-1.51423248929373,-2.99434359640921,-0.384786275478432,-0.0270070188677135,-1.13889146088586,-5.36220547717032,-1.91444439718399,0.506618493910568,-0.709105361196012,-2.61020710944539,0.230164784934126,-1.10471180507019,-4.90939475627874,0.9666623935198,-2.36191050577651,3.26505821703537,-2.16776745532664,-0.670205683216949,2.55352209145215,-1.73203989464351,-3.62384814812104,-4.08052345665146,0.257101385757977,1.58108415009617,-2.01245973184003,-2.44073437474609,-3.09154642161051,0.693553090392313,-0.0257801173327391,0.464431746280407,-4.80056696685801,-3.8100022523712,-1.61003406040584,0.542868005705101,3.19660354753946,1.39521469625564,-0.275298826143925,1.438220657788,1.02050495847314,2.62461644282527,-2.43704667525544,-3.84401459541359,0.598462257079784,2.32702919455839,-2.53814501194294,-0.636606385408639,1.12750533226677,-1.05325158291065,-1.77574943179762,0.238456066524356,-3.06421499707394,1.84126120892074,-0.185621595328675,-0.825301888058354,1.69938669602828,0.204398008268394,-0.976267506252879,1.67232325709962,1.60835497740262,-1.21137822817099,0.254775311041327,-4.31058157271981,-2.55889717151253,-2.74787706320485,-1.936397183285,0.557031548258093,0.0742581382442671,-4.27702172724595,0.0172920210815606,-4.27484040339299,0.456668226222798,1.5143160336625,-0.479614895015196,-2.38512422599192,-3.40780083621595,-3.49593010937482,3.19441811287879,-0.800483748396541,-3.54602278907016,-2.57665717897708,-0.14208573604842,-0.257453319735036,1.78776404769647,2.74822284657247,-0.448894303176052,-0.383999753512278,0.123537030818984,-4.28266787141891,-1.98743591272702,-3.21414452003945,-3.36255729225586,-2.44435780850832,-0.400226106886913,-6.1390865684116,1.22340738205588,0.0459818901051789,-0.733495854839221,-1.47998653880239,1.46601110475439,-0.317405637591054,-3.31238870735797,0.32031714222138,0.122047469092312,-0.228332696947036,-0.771307060096483,0.812352049697171,0.321464073840627,-2.15400008448111,-1.27002561778111,-2.3137769098971,-0.418935100607944,0.423583029817948,0.40330485478165,-4.07974932503291,-0.989823992768422,1.00465138375758,0.671764392675702,-0.8726255356119,0.1231155059563,-0.835726579013594,-2.88264777609189,-5.89104957847599,0.863615456741906,-1.83446819727362,-0.034918623826516,-6.34258606443659,0.42404837114512,-2.74120660824508,-0.2014416614016,3.21416221783053,1.61521188375198,-0.725679950518466,0.25521859697522,-2.62604040865614,2.42708429034186,-1.43043366663225,1.09364814692683,-1.67785274511948,-2.28100145966608,0.367535530100367,0.336715699084439,0.136462542320923
"70",2.67626319614482,-0.352534634720017,0.830818295624599,-0.439922235775096,3.79694439785546,3.05165632203043,1.87758677154251,5.78748813259514,5.93736137871624,5.59357217941501,2.52895393740027,3.97982279366655,2.17556490491659,4.44375084994999,4.95681849569856,-0.634111290799068,0.460399128739911,4.59821867668484,2.26070250092835,-0.532891675672747,2.49207276692657,3.71203342393171,4.15766820836104,0.127015130092264,3.1471754419885,2.01384597663168,2.3196431074313,2.79421909143298,5.00869432201734,2.67876406084161,1.65174390226088,0.746870393451052,0.598546287730269,0.734075167067222,-0.022384530501665,1.28386182240938,1.52520827811951,2.29214008554369,0.164183481267871,5.40897303673521,3.09673913912415,-0.275691519931395,2.74170807107873,1.81730032120703,5.24230588122578,3.53100507000189,1.44295499612884,0.854374579001082,2.90739867655494,2.48604395634554,2.35803380597909,6.59963117655867,4.97372765385312,8.57147869740725,6.8543713290218,3.33954238711686,4.28180399240699,4.25266616217021,1.11602926123417,6.07684539579834,3.24978252667542,3.52820054883788,0.860250204041829,4.03422939874023,0.946086088548583,4.01820476458884,2.73464220180164,2.20011701977664,3.77291388317967,1.66668737115473,2.17543709893454,3.54748030103883,-0.053867377791184,5.32070895009645,3.85414771572461,4.40991744568222,-0.849333585841628,4.08261324804338,2.33459262897544,2.10735734285183,6.88715798448175,3.15909627202331,4.99662837181221,5.2988618301131,3.43207661696259,4.57462014441387,3.14679380414566,2.70267452081784,4.39953268800125,3.91760046124659,-1.70989844575093,0.25254997138993,0.460909146246007,1.42309117786149,2.39633017263897,3.69375590534,0.89884042439575,4.85310880198009,2.32947348082185,4.52299819901261,3.51434527686466,1.7382867505016,2.2103865507432,-0.784044365840517,2.73506400085988,4.85432618040337,-0.244621597327735,6.2874862379529,2.8626342490654,-0.727671761546797,2.74986641164968,1.28691119097551,2.24717097358364,5.05625787077754,4.33706190283071,3.63169817935178,5.17811827040376,2.98282526148738,4.40236068308609,-0.0750971202507826,4.69831732418596,0.692867606099453,0.420696680134783,5.58122221254159,-0.138961653552843,3.09543042191655,3.36940300571352,5.00495069428107,4.99633995575388,3.37095386939319,-0.394779040491401,2.29788166201706,-0.0416604920018044,1.07939596239648,4.21331762182924,1.90135836026875,2.88709396997213,4.66590340604562,5.09541993285573,4.76521636709734,-0.279533043849933,4.78900964710574,0.481084379974448,3.24847131550522,5.23969264362618,2.37852656975294,-1.29710791863808,2.23746299624908,2.39032124800867,2.63694394252518,1.40450805374503,3.74933379711835,3.42608782133565,1.81450927811782,2.02894760770079,4.128594612928,0.996948849469463,5.51008773465028,2.27769086576581,1.89969883413564,1.92846792262382,4.04793498925204,4.84591983459623,3.44986830575959,0.641725709390667,2.72497295097608,-1.88199114779635,3.47717493188368,-0.42919358279622,3.3045185047874,4.77813172108146,2.1729088590431,0.322364158170751,1.26771678098644,4.23560568297506,3.91167522992836,4.03577301917964,1.82294311827368,2.02866529011026,4.38359574262755,3.91744536163236,0.434137224447118,4.13686977673295,0.623389746808355,7.21930647320665,4.89378009572007,3.95220085682007,5.93582331140999,1.17383445475642,1.33302979521744,2.72033667705272,1.83471436655332,4.41591420950188,1.65760830901244,-0.0777839696417106,1.84396788337007,4.18442813565985,6.02031761208355,6.3907641113848,1.9802610157549,4.65549587223072,5.58243645911511,6.73345240839097,0.815553612327316,2.14486495427188,2.48097585680921,2.32330849617669,0.601785207370791,1.91821979971761,0.0109122365919281,6.67550187224462,6.97274708497905,3.88837476476393,5.68055853068789,0.585491526311783,1.58950538455906,3.74649648238371,1.4323407609768,6.38156290607863,2.06969913498656,4.82351161558978,3.55908167700686,1.93878150109113,1.78139328549515,3.1780195616084,5.38867789785157,2.43216271021153,2.48109373364768,-1.24404944263046,3.29708354136637,2.00432832675811,5.63156702159316,1.44988485895917,3.49863341159811,1.06172088149058,2.56783565339758,1.42511171611121,3.06083629495759,-1.0119781768394,1.91221150995158,5.25955703282052,2.24717177238011,2.51622963555585,4.71505914825887,4.45892892360465,4.22766384276771,2.89404090659309,1.09784297351261,2.22437924794112,2.42117883461339,5.74991669221108,5.19736449850811,2.37468711606936,0.679186319479717,5.21839000950535,2.80584578882906,8.06030959167213,3.84331318804468,1.29162537767372,2.13087104348626,2.19135895075299,2.05647920269629,-1.83060351189571,1.80688081590388,4.03397944827377,5.31586905598663,4.10991664665378,2.782592798247,4.53649952931473,2.95775792718414,3.48088514578415,1.60908506788295,7.93178626716657,0.749418305169821,5.55018455465296,5.80450986629606,1.75329149286746,6.63828660759735,4.55381281688044,5.05845220439626,3.92400422294169,-2.87289075368189,4.55517697650321,3.24816779846213,2.41989804968961,2.69491909213028,4.01050888816652,2.79191653365457,3.1819038588316,6.96766871618959,4.82936225062965,2.95419358013327,4.33067976623835,2.97667752342771,3.07992933413827,3.92454982645852,6.81103830325478,2.46605655658582,4.03411201097988,2.93278878722788,1.05778701413021,0.357166550665181,-0.197829612799214,-2.58795588895808,-1.6187854118111,-0.0944242839720366,2.79131872253363,0.946357104307426,1.40558335129748,2.53390106070294,1.3959055895587,2.6326696927258,1.87860810159484,5.92801772794777,0.615336114629812,4.34144305214541,3.1041531712622,3.49919554825917,5.66577387827637,-0.0180044887460911,5.24417887434534,0.800283268479653,-0.284799485417936,-0.662044881376783,4.37867662950356,1.30227611590611,2.24049472539057,3.21038557113803,3.05864413033586,4.38169892249853,3.83775845244448,-0.31687877523723,4.34588005183441,4.51309291281041,1.34723839703507,4.38985108108891,6.32009228554955,0.298401768779144,0.496853904926963,3.10611871650488,0.0293299033553782,1.80321252828932,4.18645874644097,4.38643551382512,3.55322981014138,-1.40468379689999,0.353000622969314,2.00727654442064,7.21634131131837,3.37492996373849,0.143589877006262,1.82358204419993,2.83907818893172,2.62433665570822,1.8822310711571,8.22769114224615,3.02847927612769,3.86510104868935,1.37292019259765,6.26491877184344,6.18285586675174,0.408883802630711,5.99598122169541,7.23484414065152,2.03843935113267,1.52773222277554,3.45036486094113,4.69870175828046,4.88723306702894,0.585948700408799,2.62806412653189,-1.41886296778788,0.00786909495078802,4.71434498130267,1.28764816111138,5.26232035132109,3.8877367300579,6.60191613026623,2.45751266924951,4.89100621963642,2.31987991457667,0.655781727145898,6.07241553821942,3.85669171168182,2.06973781338996,1.52205391437117,3.58616261316977,4.10289817316989,1.57465712761193,0.29847053925389,3.55775439255869,5.90141100607778,1.28538427270626,3.07120096546372,6.14475152708876,4.94172581125923,2.80490805809038,2.66968315543729,-3.31735159550422,-0.0329588365753359,3.67018778046853,3.86264032721914,0.047942435872375,4.49353408416566,1.60239952818205,0.246711972546537,2.71397677238628,4.57697512931416,2.19756240601592,3.41964887837784,0.813410938032136,2.54437783124506,-0.0983443432199627,2.31001469180686,4.12211468725641,2.44634930003022,3.26218270235825,3.06391441452874,2.86951323095847,2.36125268890854,1.30611975251146,2.76049810304807,2.31118967451155,0.773998910680921,4.98462326054258,3.32591973534884,2.4497924593063,3.46416322824505,4.28592755811079,5.87425818271874,3.33614200878408,-0.12498628732032,3.37320968588554,0.193910395340736,2.44966395527854,3.67269974944721,7.53941685356928,3.40865114968451,-0.450983621042579,4.65077967917375,2.45185985696418,-0.822508811731097,2.15504282626057,4.17773593797809,7.25906367282468,0.190077766332406,2.35471434683428,7.33733472587815,4.84551140538248,4.33914953919182,4.34219589208864,1.51410226869969,5.10563782703581,7.82108725861161,-0.445005378939644,1.27027538967933,1.66794002058421,1.56912911386307,2.36460933375745,3.07759119910369,2.27314693412986,2.3501665739508,2.11660957138647,4.46008691976077,1.11373974047977,4.89566746541238,3.05921019332415,5.19393553956546,2.96584464172952,2.73092487119998,4.67852952933542,0.533032962711669,5.76979731195903,3.36183670952537,0.348641522821995,1.87807618561178,2.04497217044242,3.92611541340745,1.37349199481679,6.19595284790979,2.15404750656998,3.3175146845356,10.3330215071074,2.62956793316417,-1.6339403984886,-2.92961720572731,3.91635421307318,-1.25860782728435,-1.40572849943443,1.41585484286416,-2.15463193678247,-3.2901881796558,-5.01963560845197,-0.298366279935535,-3.33992234109909,-1.25116543306584,-0.755475080465383,0.502686949259227,0.870669728784347,2.09746265471197,-0.205618666675035,-4.26881475868684,-1.20330949519672,-2.7062272920283,-1.43635807131279,-0.328150080008759,-2.5776534904065,-1.96584473474771,-1.11214469089657,-3.09879325850826,0.282656716052086,1.54888032762646,-1.32878749721312,-1.05918273854776,-1.78567853688368,-2.43949705219518,-2.20819286093162,-0.115406935918377,0.25015531764597,-0.174119269332857,1.09214191951268,2.674062285054,0.0131015324707089,2.68239366559532,0.225271734660805,-0.36455504631584,0.592986442870368,-2.44564597149881,4.22227724258236,0.316216422636147,-1.13292565054484,-0.6049854224755,-2.3470269566974,-4.47987516736354,0.334657724622953,-5.98234390924635,-1.13450904412783,-1.3011921663222,-1.43973031701702,-1.75142904315278,-1.92809935557727,2.34317025141443,-4.37419780877535,-0.258147622854379,-2.28510186430584,1.05211130021134,-1.31667668419048,-0.932010990374537,-4.84284906352414,0.5666546420097,-4.75578480717825,-0.0502250068751698,-1.89137909758798,-2.70793197126507,-0.453165521366951,0.709801681614434,0.819950497056677,-1.11667318586956,-1.79998544683641,-1.05570788857025,0.231712625994324,-3.25881144649096,-2.61149658746566,0.500874148379756,-3.66467159102072,-0.671464945516771,0.733661254186862,2.15998188265044,-4.01070983512947,-2.98329367323701,-3.05999372464706,-0.484439669400155,1.64818081535688,-2.81359293348329,-3.92036460576712,-0.816630834022693,0.486441691217342,-2.38639782784143,0.113023530728391,1.50702374850206,-1.99207192517514,-0.159111643623483,-2.16331170210651,-1.62159092364812,-1.57045749546645,0.0765424680070887,0.247252818628865,0.604436536765334,0.0724020267021552,-1.73642987220705,1.16198046609127,-3.04978787967137,-0.999973478046263,-3.3243556737319,-1.35259714473505,0.117906732555113,2.1927583197321,7.14174686237071,2.17566897129186,2.43550561084889,-1.31763034013594,1.86378465250325,-1.56334844222239,-0.152128989454551,0.867642598393216,-1.63942817283724,-3.11760978505286,-4.79587482311735,-5.33568503361665,-1.97766074230273,-0.789065368075921,2.52294086566967,-1.8476138752408,1.68797057378593,-0.302816021067059,-1.22670730705417,0.810890607740572,0.944598206131431,-2.31771387231432,1.0168557417452,-4.0935480424433,1.36944080324017,-1.34168773708202,-4.26181332902475,-2.06458288639715,2.76308112435549,3.94574704177624,0.709705004754901,-2.13844327266864,-1.85437668187094,-1.64877657933554,-1.50942311684543,1.33433720218067,-0.155590059750642,-2.03035778775732,-0.928365725303067,-0.669621178763618,0.410484431405453,-0.512019197128236,-0.586165998316813,-1.35045355334895,-1.962695312178,-0.800681440665813,0.346927496439844,-1.02902546118286,4.34760559126089,0.373638921943344,-2.58328931106745,-2.46548462978252,-3.56732224474518,0.276195847131033,-2.60228056869346,-2.90968782026861,-1.47191483415768,0.639467050247614,0.724739210759896,-1.88034859930557,-1.71498992224885,1.06447652043087,-0.607601804990067,-4.20637328778129,3.07426967696671,2.11767155580954,-0.614403284809641,0.0775709263566648,-2.53755778257654,1.90436289747515,-0.339787407607423,0.844829849772405,0.774504598375864,-1.81247367966414,-3.00193130572714,-0.55025415417414,-2.68862030050438,0.694351889459593,-2.64587691516057,-1.53817529453323,-0.56398823385289,0.0887101374518366,-1.93202961532652,-0.479094421550377,2.03685402636762,-4.65706894425296,-0.505115252819821,-3.73685797051385,-1.27144527696604,-3.10242015541341,1.21524614627214,-3.3703318403909,-1.28730476602799,-0.585262299937375,-0.106426957706812,0.655293817344223,-0.482813433028803,0.0816945144976737,-0.785766969277127,-1.34402317170554,0.740611676539076,3.97931599621395,-0.995079938122814,-2.52265445041152,-0.159167173241161,-0.488476284165925,-0.461215933338664,4.11288655322101,-0.121887768043005,0.729898501564935,-1.72383910781635,0.0962098210348832,-1.55708064768856,-3.73258027510158,-0.430018401066357,-0.549327557278074,2.43492913642147,-2.01902311741403,-2.18444364375723,0.518597925624291,1.631813366627,1.09998266699295,-3.78940320740489
"71",3.81840554444987,2.3679671322239,4.51517595209851,2.25560769237909,3.90798010321287,3.55809463403124,0.368250359047194,2.23057923240145,0.847553762854694,4.18035755197553,3.32263978739447,4.66166282106497,1.12602132477322,1.02564971053092,4.47123109385484,1.35698258953136,4.62454104521235,6.66647060279003,2.85032496574055,1.12031107163677,4.92562555791431,3.5801214218844,1.95599334560698,2.16635212157168,0.4323682544366,3.20985223173069,4.47215676222095,0.540303065849646,4.26580005692479,1.73480899484951,0.540300620181329,3.47807489030403,3.98913268399421,1.43617620785364,3.10516600659126,4.0929848474907,3.24557968422324,4.11029456156934,2.2852614622216,1.77116235856266,-2.29785285540247,2.18800861227186,3.13969034378065,-1.07394617418494,6.40112056042411,3.0974971017565,3.28136123667948,2.53701443281172,-0.0957937990267657,2.2974387912945,6.19166240951106,0.303565707630968,0.725660733454381,2.62169555816195,4.29145699437421,4.42867106452548,4.36729002366684,4.07587044301896,3.94690064726873,4.89206448415344,4.01191943110681,6.11217246667807,2.4841304643154,3.94952964106546,5.69408478416041,6.43407172053844,-0.197696954478278,3.10691820845002,1.30943675928869,3.52799960998866,3.39698153847099,-0.361127314105437,5.15514669964942,3.78438025243999,3.09401136238875,4.00368912225227,1.24376640539823,2.18249657095858,7.11332176050955,5.15002774415687,3.3587989909311,6.06986271570319,2.63743750167774,3.25259589885885,0.713823241978921,1.61625560498027,-1.07362551830431,4.03028864403452,2.92108745473757,5.3081994786554,3.39965541938869,2.74978728819838,1.77285022038654,1.9512307207344,1.20061205446153,1.49657281120408,-1.8905871000244,4.95753540252856,3.9088194520834,5.89617428524147,2.65659531265651,1.34852417298768,1.63845409997772,2.87398513567335,-0.153977973589305,3.03274624572692,-0.520278112067425,8.38729027508476,1.63612498284602,4.17240405880293,5.675360421856,2.04456288179279,3.0809831096466,1.97733325293009,4.0935156252896,-0.59097871680572,-2.09734702263012,3.56913273376018,4.50673465070946,1.69451352894415,4.50461997613131,3.97815055466085,0.701646264815618,-2.33070857433317,4.86933776766987,3.03910649783327,2.09279277439308,1.32701304170702,4.01148661486901,1.31378473897161,2.72489580176684,2.25768432617549,1.09182529905839,4.34151356986178,0.859482440296345,5.8503836402596,0.0451477130591322,6.02541254716755,2.96674732647782,1.48418541543309,2.77373768160946,4.30404607670124,-0.183482288572803,6.02764620875792,4.67912602391005,3.23221379382687,6.23114263475245,1.41826341826121,0.230404133244761,2.51367103823561,-0.176069118712588,1.73578490972056,4.18199835400018,2.72907054767071,5.79260651686542,2.93755021136468,5.32425945080315,3.34589090349425,3.9819043310167,-1.70563239117727,5.86412187089963,3.50812573666087,4.67307240302915,2.47503433365466,4.13849417388563,3.11985180240498,4.73782801368708,0.977700364111294,6.0051178895934,1.53928247969218,3.7316977791342,6.87670516553682,1.39820302369418,3.09043530202423,3.53579605891085,2.17002047319746,1.88529832888108,3.83011429534642,1.57145058603015,1.09907962661693,5.88520088274011,2.35588188082853,1.41415646689757,2.8854348716736,3.73249943159551,1.80489715673458,7.61937096364383,3.47671718803129,4.11252688214758,5.45254817645361,6.85907193209377,1.46767458744093,2.99788051339557,5.99009101148374,3.88504754993032,4.63053806174308,2.2099954828301,2.75786392050772,-2.00759309632185,-0.182375717626868,-0.630774207988886,1.41861371118583,-3.57348587991455,0.443455616465875,1.43777508360425,-1.60015433068785,-0.379330675111956,-1.03898355097392,0.0923654821589053,-2.81931174568272,1.94449224149857,-1.22335266701846,1.50979835273407,-1.2373079877296,-4.7531114883012,-0.969353161439257,-3.58904209545546,-2.17595868462319,-3.49935329320251,-0.145683821612158,-2.35239196503838,2.02392405640977,2.42762657095145,1.60871299194412,0.0928493065430687,-3.03222901475066,-2.25092865181899,-2.93388734994776,-2.29918088203992,-1.82834265950723,0.344053513313263,-1.79994003081048,-1.69765134899892,0.695730820590784,-1.51001153656018,-2.50432531839391,-2.53158045930331,0.766639162329382,-5.64071544286974,0.365144378007112,-0.459444277137087,-3.59504957161335,-0.972248842466581,-0.335759355988617,0.940014108523715,-0.0557668888157162,-0.0749596640294771,3.00465950227172,-4.25697680257904,-0.544205510577099,1.60843089200465,-0.92850773171336,-1.87227434785637,-0.526425741131152,3.17345403813961,-1.67784735250831,-1.09819203100378,-4.62537948009473,-1.58916707408627,1.00224265656515,-4.28143308341372,1.68710445760508,-1.92396097462916,-0.799520925988749,-2.10192416174787,-1.04992669550647,-0.63107329240697,-2.02323635373979,-1.40936866696554,0.0523485831507655,-0.962296978350974,-0.552553128611477,0.08448787998017,0.609709485736343,-2.42548988228332,0.940354785539137,-2.61267852051928,-1.07273514569332,-1.80111530393192,3.71572962892057,0.275531099556956,-0.321784712043543,-0.113184176628482,-2.05391653800444,-1.94556373036294,-2.81044192098162,0.368568388269385,-3.85876064853681,2.45394267034365,-0.78844537714837,-1.24124547945409,-2.32073842444234,2.79031828239168,-2.80112509595228,-0.423775368145773,2.0350129173745,0.977595462380758,-0.0474997605821375,1.49537638101796,-1.63080165218918,0.502273384372399,0.646931102892974,2.16140348280562,-0.388201673512649,0.655522214798441,-4.06894911991096,-1.07502692543163,-2.24184159862827,0.474777839251439,-1.37086907472632,-1.01626570166717,1.06075669404876,1.43404544680778,-0.321269482822045,1.06003453235265,1.49817227986149,-0.0721391741093557,-2.07342916509952,0.717063131909234,-0.945044630061496,4.26780332824016,0.680706969533006,-1.9512731181045,-0.983566034479315,-6.97969465364335,-2.56566249709818,-0.96438412106512,-0.168232976125584,-1.1883749220131,-1.2155852588452,-3.90099227318941,-3.30877156554584,-0.115511584592054,-3.46629229241932,1.56946434088255,1.39552115622357,2.77952394503492,0.362525489143891,-0.584512484409743,-1.89866812398132,1.53544446679181,2.42485407456679,-1.58627101130584,-5.72149069389685,-4.13196905452339,-1.05511623814915,-2.73956639095328,1.03448424315417,0.682356631356833,0.771202061221861,-2.46915076004749,-3.49928741321355,-3.95827183986119,-1.84446960826319,1.46378684026835,1.06516458681906,-0.791406702963,-2.6607516537942,0.734469398955939,1.1989886986053,-2.0093662885678,-3.53472951186526,-1.01280837946533,-1.34813392192286,-2.90919774173341,1.92895931751275,-0.451727022898763,-3.54862519622446,-3.85685681448269,-0.453215639130189,-3.02064886539562,0.0354747316634634,-1.56286750538469,-3.01188341372388,-2.47902661086496,-3.18829455332122,0.483551139161155,0.57956339897635,-6.35693347205671,-0.494114673260576,-1.44736093464168,-2.10025179247211,-2.23309737514954,-0.170240242117035,-0.170971117268212,1.05093713728301,-0.786707377157761,-4.65310603090862,-3.38950496711329,1.51938795939852,0.208390091672549,-2.847075630343,-1.59936315583805,1.16423225177694,-3.20054343710993,-2.53024875943544,0.00987178613368167,0.471605567408487,-0.423310877101869,-2.06668996938958,-0.997100660499827,2.08229476512174,-0.562216004320188,-3.83257547551028,4.23368255736237,-2.45210224974496,1.76383722643944,0.507895014092846,2.35247370187053,-1.88768446290207,-4.55403202749915,1.93712417052181,-1.08087857137468,-2.39658646426465,-2.28413354231838,-0.786043119309062,-3.09452645501724,-2.75932186506951,0.89544705696076,-4.19254803085142,-1.92772187968026,-2.70242768273929,0.267045459753205,-0.46101857721306,0.378014161442788,-4.31906101210376,-2.04414247892975,1.15475718049282,1.14383263098728,-0.312341197089639,-1.74531846218668,-2.32377981648948,-2.24581024560412,-4.39014633928134,-1.75530751053091,-0.486162929926904,-0.641285554209326,2.5981480741018,-3.40985600385882,-4.14470111151482,-0.4627518638436,-2.1589100652944,0.967059492078727,1.06785123163633,2.40881515871608,1.16171823738169,0.528824643585741,-2.90516947600471,0.15167362832371,-3.29159597824844,-3.77105150196836,-1.23767407588464,-3.2160704821915,-0.582979370833048,-3.80752477467474,-3.66201407206014,-3.83477199982875,-0.217509453185771,0.411413070007832,0.137129211098485,-0.398902319328828,0.156479789058973,-3.01121718679449,-0.00758243409091441,0.134988633662104,-4.39422673437214,-1.9192888539505,1.88322569704855,-0.443590801097544,-0.401686172121188,0.518537322397907,-5.53362416001052,-0.792533905515652,0.338953868241138,-2.59630092261502,-0.738520765695139,0.892495021036833,-2.42412380750115,0.627071950746973,1.15345797675139,0.26542285847844,-2.77855130290505,-0.0176813244704617,-2.33848147798965,-2.18476939117381,-2.88560225462783,-3.71176181908395,0.422831612797696,0.0612070984158726,-4.88762641784114,-1.3137172810266,-2.06544706826451,2.8646517313187,-1.82429275883595,0.419732799462848,-1.61263769228661,0.981083958379184,1.7865396197177,-0.506458282291092,1.72495328550043,-2.66163685023739,0.183942248669735,-0.0160090560410896,-2.0969120506161,-5.26397296976494,-0.0764828255682454,-4.02687380074491,-4.0248374005591,-4.55426670411982,-0.385045842669222,-4.20626902577595,-3.98388279215927,-1.9339080998829,-1.68218956290506,0.577843890845593,-2.50041576341898,-3.31075791956491,-0.872710515404368,-2.80880091332639,0.121230563371816,-0.0694861682690417,1.33490602944418,-4.81079961841861,-2.72009909786361,-1.47373669141679,-0.468969784893572,-1.76252867589163,3.80348914565221,-2.39661842390151,0.121006690084903,-1.38420557927855,-1.49090779346294,0.509225529347858,2.33363644391705,-3.14020986666852,0.681814827997273,1.53086225854641,-3.07369064514874,0.275197486047381,-1.37771436983265,-2.29974079945491,0.486616000539146,1.11992086792756,-2.09007224241318,-1.58588617861788,-1.58370180680315,2.36292808137984,-2.07273766358723,-6.51881234022212,0.344309902667294,-2.45526374549436,-0.94301437126861,-2.57666802473472,-0.823678061847909,1.43509549765199,1.52143209783237,-2.26350697994737,0.282016218753733,-2.24153613357541,1.21659178606623,-0.641045163303315,0.777656085163495,-2.98684281814272,-2.28080233339381,-0.352258258272141,-0.625471966373772,2.54197985377408,-0.703096502079293,-0.170356572665741,-1.00179564295508,2.66724245087903,-1.77772328933007,-0.458700212231589,-0.646868065931002,-2.99909107046879,-1.8194797543931,-1.54633722282131,-1.2728920177357,-1.80755383105613,-0.80966220190983,-4.21395689948443,-3.58162239185504,-4.73513551727203,-0.789702832853658,-1.10829798899961,-1.40899670632838,-2.49339613969202,-1.65573300810734,1.46138751827518,-2.03245803464492,-2.5349630738329,-0.244611839174268,0.617855948521323,1.00496419348922,-0.627731956701568,-0.79425283447689,-2.96700019513509,-0.598058759671092,-0.774293760455997,-2.17743004702707,-2.46235097348727,-4.75746705464834,2.00840942550496,-6.1264892130679,0.0261257788146316,-1.2110170589879,-2.94089182199307,-1.82897397627557,1.29085245674074,-3.68719161886445,0.928819825726015,0.0645900564441522,1.33369733675188,-1.38693938648374,-2.11207781314689,-2.75755757866531,0.140421934770708,-1.48703164539634,-1.07126127496894,3.04220885451936,2.05751416756359,-1.53241697584629,1.45374207506871,-1.04209454707584,1.67200908732224,-2.7102443421106,1.50523174212217,2.68064707295332,-2.75353539374309,1.34607785334095,-2.53404780291454,-2.93597305340319,0.272259204159608,-1.75233118365068,-1.53641713838883,-0.63182170154799,-3.39348865118837,0.20004207765213,-3.857736887726,1.14962461339031,-2.28349981488317,-2.29421064427438,1.80621613735861,-2.36547676401485,-2.68445357795875,-2.43642155613547,-1.79899847106106,-2.0086440608664,0.192953125742139,0.722455998490385,-3.88715709610595,-0.489051644485179,2.12423221407598,0.213745437231691,3.05912337281647,0.0953788252610184,-0.370063805543075,0.821796591662197,-1.90949614510321,0.0225446088183061,-5.72921379039667,-3.41891567141853,-0.348901295805962,-1.12736752031579,-0.404353315439408,0.833432520731025,0.841576399027919,-3.29128166878385,-2.77721418612593,-0.0605433203173087,-2.10065338091494,-2.42848811742395,-1.65313588315899,-0.544956974330632,-3.68846849381674,-0.688146236052417,-3.83403567152469,-0.725184582811102,4.14371616923695,-1.85769859721627,-3.11709655831877,-3.88439884046746,-1.21207031572517,2.52185375352172,-1.25007237019683,0.601014234257428,0.762262149316248,-0.415887003632647,0.357647839818512,-0.863583689192935,-1.78664882520345,-3.27518353046508,-1.9600687100041,-4.32458923565401,0.137282344031459,-3.95580246063424,-0.0242159343350717,0.179606559333743,-1.63692805502816,-0.138526229688631,4.16746506158131,2.85082261742109,-0.88130992396181,-2.50626764907468,0.0608079854641683,-1.81477468929973,-1.96377787858703,1.5181782138306,1.17789820978671,-2.2344570315363,4.11253408026292,0.476077209354688,-1.45718617386236,-1.17098098806834,-1.12849896503143,1.34009884425373,-1.25671864176658,-0.390970050129021,-2.34546672362715,-2.39225474187416
"72",5.41560461552882,3.60761451964551,1.75168621047711,1.09281379226996,7.38420847999231,3.53990836762378,4.27126305449936,2.49040217177992,2.16155354532486,6.23275312671379,2.12757233841269,6.24200053225186,3.27891713699588,3.65435681734247,8.65946779698315,5.11131167672758,1.92490570615146,3.70907423870539,2.44901906949719,3.58901731078241,2.09868995344136,2.47015009445259,2.47096095649793,3.67148567298142,0.632995808852503,5.36613412297398,0.826621613780101,2.41600777965122,5.011322561552,-0.611674009016524,-1.26174592604452,3.57754561955704,2.57077957989067,1.02869089656942,0.38540304878403,6.08966645272106,2.06765406728745,2.49832998944266,0.805177663795297,5.55635665029676,2.37782844534673,1.88586939393876,2.55853347919004,3.65595521950522,0.644752870279959,7.37729683257629,-1.64339443044495,3.54814386881875,2.72752691480747,1.56690900307593,1.99633008463309,1.97033313159345,3.20523380305417,3.19534235578371,3.87959696620764,2.21717337695975,0.651233358399274,1.12767092864314,4.02267677481387,2.86909914528297,7.84096621269815,3.07583424752005,3.35640871112318,8.07422784867783,2.92863591969117,4.29896550742347,2.10199903572945,2.77407509595917,1.80841988527588,4.91990803405541,1.48864282963615,0.462439596014732,2.90230428951552,0.958063828462316,2.31663268265822,1.24872867852945,1.53746987495098,0.850698071609753,1.91075734644095,1.1932459920661,1.59398546609302,2.73675983518108,0.841877331892706,1.22751797595442,0.494400323338005,-2.23193799620666,0.922005365741453,1.81799948893456,1.53441779235214,4.99982028790995,5.18570801886267,5.88310548007406,3.52634920297059,6.84245669453198,4.38637885836805,1.88758557981114,5.13486871969309,1.92643213995572,3.9192659891711,1.32433606617907,2.93540974351541,0.173396352437479,2.16129413314212,5.90306613189963,0.709889697724135,3.20335498282319,0.970111115343445,3.54078797883099,3.03940833848108,4.53703346297101,4.90680393412851,6.380820406042,3.3630097516032,5.32412535299179,4.33451613958171,3.08789782383695,2.37458038630637,2.23683162242301,4.42377523738054,1.82437295958623,1.85027544954492,3.61594493684662,0.173937613584471,3.33491429400638,7.9423716030561,1.69714512958833,4.48505684134998,1.54886259342395,3.37751861454399,3.27031599127581,4.77389254726674,4.42753595009311,4.63630578144915,2.2424896171852,2.40861648490805,3.94669096551763,3.85349098565901,3.2601858434565,2.06168513281047,-0.289715295179741,-0.447595966885933,4.87547535620867,2.67946814218641,6.82045964753951,8.37379695026575,3.06589884800887,4.91054601379432,-1.34252119878378,-1.43884034832149,4.91738878512018,4.02429846948725,3.53224944938417,4.33549479303605,4.90011551818228,1.95013107656272,3.20197976612766,5.06500657718052,4.28073465154342,3.12392626057204,1.38794452449221,4.68157275291444,2.59563175899751,2.95598197755787,5.67784971210249,3.67073094528666,3.45202543894488,0.829429142007039,2.69321265203529,4.22437235950196,0.825164469626626,-1.26299714418266,0.985077417581579,0.235692244899448,4.26319147019307,3.04660473901598,3.39288305083661,-0.344180704751166,2.20039468307026,2.66707836261543,0.645450841875047,2.70258103971445,3.34497810725075,-2.40547600613137,0.302893950886677,4.48986280804445,2.41676865026829,3.35449460774958,3.09548127220449,1.2182409849174,-0.256244124547346,2.73157092043047,2.17856725649098,3.256148989638,3.97381517906743,2.21894867600204,0.792935751723809,-0.401333858540594,1.38281740633987,2.00825655575385,3.35966796160007,0.630117737897807,3.0475091131216,5.67215914357351,4.1140220727284,5.89878693236156,3.87900055673301,4.43751503639342,1.27735645274122,1.88123119161532,4.50621607064947,5.74544175876358,1.86954628693129,0.147838469286582,0.708604767704542,2.42715808988338,2.29533012357264,3.44650291479174,1.96293370750844,2.54291407909068,5.78848199525317,2.35992203641522,2.31743674402027,5.91568200786329,0.986337529994068,3.72731140430479,1.86202442141309,2.18647071759565,4.76537739790428,6.35236222721732,2.9146364953502,5.82935846280305,3.4935939745039,-0.572732192976372,0.00788491821611181,1.00703111477707,6.31580088736068,2.31131236952719,3.68318527688112,1.42224832202398,5.79084704580195,4.89175976790708,4.48775265505261,2.91491029499077,-1.18966993015693,6.50257285942222,4.33905734668229,0.245044153828654,4.75367747085656,0.433937999083226,6.99050952681671,1.76955487061684,2.41303524079174,5.63062269808716,2.97679677268188,4.88032401880405,6.86700997192687,2.25821005679036,3.60355409034901,2.86988893917962,0.605634163050085,2.89908169966953,1.86336501154231,4.80287304353976,6.73479582330414,2.95611634746694,5.15848661309556,4.01234631472194,2.25183810204938,3.44294807540985,-0.968598267385635,3.08008703860128,3.82879378673809,0.418234220085262,5.46092675503251,0.380164310722706,5.15044816251623,4.93282597477808,-0.158003561996543,2.67284796503661,0.819701756425773,5.5070241828578,1.44165228944719,4.22888415085088,-0.450496998221833,-0.577977136974647,4.09475681530296,1.00553660933625,4.54497728873213,5.09808310080453,4.57028507261042,3.12444799469806,1.76556818252954,5.96713324822156,4.35016250347117,1.83243654862383,6.52491372599488,4.83329757037956,6.8841583091071,1.36875120704206,5.81345033855067,4.16258731756103,1.32047599168956,2.22575331415322,0.471091761818541,2.8113598140666,0.471076537739163,1.66026638064274,7.17307579828634,2.00229735902251,1.05047770915902,1.98749677792918,4.23067282917366,1.07658513247004,4.32474134139923,4.62721279207017,1.58174028423017,4.56984599150261,0.735474238693403,2.22910868533299,3.27339986306077,4.76895503967238,4.15805696845922,0.143624910133463,0.505569682339628,0.633644556290239,2.58627911981719,-1.15798894713289,3.4063697169454,2.77463761022546,1.02303821137007,2.85322335779177,3.53997955762605,8.66555899298275,2.87720655108531,3.09565107865748,1.06463409383014,4.1742469708953,3.3815863142982,3.22812648383694,1.9949894987656,0.268714590549786,0.0165999451617971,-0.968394990879969,-0.178411174165844,-1.87539802409891,0.216741252603803,-3.52033506860887,-2.91340253475955,-0.788751582666213,-1.3622756713544,-2.14800255060903,-0.543632839061764,-6.28576721473776,-0.801917094218595,-2.36013068603584,-0.210788725051649,-1.3935822680456,-0.999032152860768,-3.45659655334427,0.662945106882283,-2.09949672592615,1.17355904578347,-3.70899982156004,0.364912626242548,4.86186717384723,2.9624015043379,-0.419549718567503,0.740601673165803,0.282180855624642,-0.325346584155583,-2.88241714726658,2.67228537873287,-2.21789326811976,0.0452631772665324,0.673024719583312,0.927664634333796,-1.8825024500624,-0.380043552413918,0.944235556571378,0.869377305805775,5.24086604257193,-4.03686371315975,-1.53724624169131,0.118440346899253,1.31371551115921,-1.39683263360485,-3.10805368466744,-0.908988742665212,0.0223244940086369,-2.13682266454702,-0.983494261124299,-0.373469963685634,-2.45197448159809,-2.2431288228282,-5.84745149563941,-1.31933258742173,0.185181555785514,-0.921352179005848,-0.1178106131756,-4.30949061304815,-1.04519727391313,0.866054230006186,2.18724927080914,-3.60935998238312,-4.72741858949541,0.711591794596647,-0.982365488430792,-1.63047874982167,0.508370620246893,1.00968344698248,-1.16552338335113,-2.93788082899145,-1.72967868899116,2.83863645436321,-1.70582635202688,-1.31668025255359,-2.30160232853854,-0.1839880581885,1.8725431149343,-3.57987251710853,-1.29908785331159,0.85817001627809,0.302358798457124,3.45639414859674,-2.33236472207372,-2.2560443459836,-2.21338882909411,-4.10453790979334,-1.34165646246328,-2.28671271880334,-1.44399644196349,0.841039310240677,0.204684973493314,-2.36385522645195,-3.71721565568331,-0.405953882176584,-0.696074126185993,-3.48260608623829,-1.84622935806996,1.61973108375595,-0.140752429967208,1.12431691633666,-0.298637840008725,-0.826510813015603,0.816894394632435,-1.36381514226626,-1.1937963218798,-1.03175889592074,-1.31114351771971,-1.50982994491649,-2.0279800423079,-3.173145766912,0.0327862542124562,-1.56790953210172,-2.10998936029268,-2.12997173833111,1.74204595134091,-3.47808885798696,-2.16482334501795,-1.37025467295046,-5.77291675497034,-2.45437983118745,-0.190624163705255,-2.13122851067851,-0.00622838099667522,-1.15196268790247,2.07557392421818,0.528583912773633,-0.148047173701987,-0.0498546532456257,0.307289705707716,-2.99591262023687,-0.704256209804191,0.545038629187875,-0.0750594158367962,-1.27802224901117,-0.834028333265042,-0.535449687515925,-4.03975858091694,0.396204591779036,-2.48806281210944,0.733243799944734,0.274567946537551,-2.49031439419009,-1.75293860445824,-0.150177960048404,-0.925329173695629,-1.48724974789549,-4.44155764346261,-4.04063584043692,-1.83507190668482,0.994812363005777,-2.20682517620499,-6.3563558537742,1.87214143578367,-1.7296756208344,-0.907651603921189,2.37902206514392,-4.30435812869021,-2.58645684207155,1.02352972626299,-2.26662340572679,-1.12994084984922,-2.15693315300559,-0.136325652334874,-0.679156855474178,-0.694217688692609,-0.172748088457391,-1.9518660379639,-4.03183201697854,0.451965480070063,0.964944499010053,1.91748393838272,-1.86616615261867,-0.482894451988252,-5.18081801138749,-1.33462086345923,-3.78510916617824,0.885098429270389,-1.94415343967102,-2.96447915977862,3.54496229490717,3.46272201197324,1.96171828711305,3.03969270606566,1.3043580243578,-0.765952990603202,0.168701031404696,-0.123038846749925,2.03588311255608,-0.838059125337732,-1.39277948930862,1.61791936819942,-1.57643529457025,0.0633404089842673,0.102151078564449,1.4858108359753,-4.49954655483292,-0.562093312294184,-2.06863149997202,1.6378656903817,-1.53520871799528,-0.472704194081157,0.329072954493606,-0.878907211818064,-1.29799874185955,0.183921435450437,-2.09479476876373,-3.21555427721616,2.77945697211194,0.0554290648617464,-2.32204091412443,-0.715348841563826,0.29731432031811,-1.36614799429094,-1.31095063839324,-0.130908496387948,-2.27891464271433,-0.961404997683393,-0.821956517049182,-0.28193250594058,0.160349996764515,-0.311084826724148,0.444073333673853,-1.54576007056064,0.883919241812022,-0.499564598397537,1.88170026216268,-0.975584626654467,0.367340345241971,-1.47529659553989,2.34335653888616,-2.37417058579938,-1.82272794899288,-2.83221853347282,0.289355916671232,-2.04110338125087,-0.488877483320756,2.32005176738024,0.302865259189962,-0.490143585508622,-2.61327612129889,-3.11231090135559,-3.89750775076554,-0.177790262430789,-4.57459761810834,-1.69209007692319,-0.746143300497837,0.454318830176248,-0.357055437356346,-5.07639528279202,-2.17086142850029,-2.23608776999797,0.554849029163173,0.915888747730309,-1.01374993673566,-3.76550228739862,-2.1370980896133,0.352367249801512,-0.375731012580074,-2.49363434469943,-3.99645932789276,-4.89513390170075,-1.24196363329474,-3.59409725595239,-0.264142136793366,1.07454293625151,0.0480232419164652,-0.158197258964932,-0.987348158310287,-1.2235828134095,0.941204266580747,-2.48156902143061,-3.33347798987523,-4.55901358833014,0.571506768125337,-0.830763222729809,-1.80182144440777,-4.04096448485947,2.18314183480042,-5.6300318560796,-3.86605244291444,2.39903419441609,-3.1627740408607,0.8684129546426,-0.515377375389324,0.897577370657719,0.75058427450828,-2.19702677676022,2.89109684325487,-5.72272998182657,-2.92250556637505,-1.61867604841515,-1.98701598338512,-2.20428494332652,-1.35228007273951,-1.91215136942437,1.16460480897891,-3.03486307691743,2.12287295802039,-3.56544810068181,-1.92361693276481,-4.47287486029605,2.09158454870601,0.875913850537329,0.156713660117475,1.7449344443762,-0.938084065100499,0.335850869640228,-1.26361166118718,4.79652553204619,-0.81431195792129,-0.674055940727558,1.33174593902847,0.825500343584332,-1.21539605950025,-0.649119248542098,4.32954140366139,-2.17281472525415,-3.64773338518349,-1.93555149084965,-0.79084967887784,-3.39387438772539,-0.645979452398523,0.999803533389527,2.6939083343879,1.65566271572381,-0.730072774299751,0.2561958551156,-2.23814813328104,0.0398108488674027,-1.171344966048,0.384178792754503,-2.1740203534385,-1.99629637489879,-1.37468291802796,-1.02616008074434,-0.870472341265076,-2.44462259945174,-1.36660578983043,1.09149135629623,1.49618134573132,-1.73783332610979,2.86186016109499,0.802428862529501,0.489872129301545,-2.56661310873477,-0.379658434905802,-3.42070523503139,-1.54681715660689,0.814942166340673,-1.51337987803799,1.73709827130966,-0.695675529881733,-1.62820465788281,-1.50501040106904,0.424012791055761,-3.55520005631405,0.672922575277421,-1.38540645666829,-2.61515378796793,5.1431636592395,2.30498203566569,0.190764230944585,0.650904465247501,-1.05894302918363,-1.29847478051228,-2.03327292447254,2.17141286617361,-2.81918770560415,-2.84743761472272,0.220589093483238,1.1811220312077,-1.41978372955405,-0.288927601050932,-0.343337941939761,-3.05615264425942,-0.476522433651142,0.451336661587588,-3.84804755500258
"73",5.08748860018246,3.14813131088966,5.54823431956747,2.9949607194967,-0.320650385974098,-3.21756099382849,1.63943755774798,2.20993096126005,5.43902739014759,0.888791016743817,1.82024858923796,2.49559630376118,4.20914632925337,2.73658694858215,3.30341687213621,3.97733053865917,-0.217380397456168,3.88970815527246,5.70805987338279,3.69211129425611,7.24967206810887,4.59033495306029,5.31805884925288,5.92477235719285,4.08650145316188,3.76949862628546,4.14978677603551,-4.11689852234684,1.81848187780427,2.13630840316092,5.91651882707985,2.83122373298361,1.95728050837369,7.05791791256645,2.8941035368634,7.58844543810041,3.44698942988698,5.1067931124452,0.892775700684513,3.177693112934,4.93524330404268,3.02016454104805,-1.54202785704153,1.15381161872741,2.15898334847324,3.34161923127054,3.18705233277721,0.961884785200062,2.9032124794117,1.90694080796296,0.158810560783896,1.75890596870078,2.01358317445497,0.148001353647359,2.15607722607404,2.30451475528515,6.94813727374172,-0.998993106646047,6.71994220272856,4.4136247816861,4.05379188645544,2.48217172143551,4.7212748159501,-1.67823415589478,2.90843084701397,1.32779727725587,2.85505613842737,1.300768554901,3.99294585485268,4.68464920640655,4.19797093194903,6.65762229504265,4.05081791516236,1.41835191705564,1.07862336588314,2.53066048681415,4.80509957749507,4.7295571076246,3.33459615078634,2.22215888772537,7.7539901487774,4.85715364685001,3.36935270974465,8.41276804877592,2.51808328722506,2.05099318943541,1.85670190777262,4.76339148767284,3.4093818702898,1.91914393873062,1.65359113026522,1.50045396622153,0.414459743347902,5.8620148284327,1.71042784617255,-0.308038649180297,6.71943674667236,7.70367478440987,1.46729861279171,-0.538622888033204,5.25119365454539,5.56874174006184,4.88956303034346,4.60835803397596,4.50830366010707,6.57569620825328,0.475614178126899,5.01462019545156,1.17110638093898,1.50086694455798,2.83439436191649,3.83382909633446,-0.260663034933405,1.29148385062648,4.08840066790641,2.76984605859538,4.11389024593398,0.892923312389802,5.93787945580528,2.43923617237809,3.19027989084757,-0.262464761433854,1.47808197659893,-0.518014243562472,5.06188807699051,2.86738826994847,-0.127673825175995,5.78228414877606,3.66966612443237,2.378197738326,1.98587777805705,1.82572243304889,-0.832627124330158,2.66479848803941,-0.884573953561079,5.2785593719466,0.468738529432547,4.20779401512009,4.38333095057677,4.67175478178813,4.6916641399783,0.137231077904909,0.983813787553264,-0.70843084712586,4.98232981387141,4.66089841154746,1.83142953622315,3.10442571733474,3.92332727157779,6.29802745192439,5.30587111158314,2.48746942391448,1.92160279923113,7.01865113662036,1.70102438514997,5.16632414816367,6.40401623018767,5.83620593765725,1.27273155074699,1.69234010196325,3.23289995040813,3.44122380287732,4.94075487302923,4.17593966026674,1.93552419536264,5.12779684255349,1.41399073568716,4.1329336495457,1.63774501073616,5.58433036504203,-0.399649115641752,2.03395652748145,2.78105784707942,2.50730542758255,1.95913692384157,3.66383517707533,4.72698165337944,3.58304952445082,2.74685569891236,2.05088609088134,2.35271479970701,3.02196845219485,-0.0321550644165605,5.18262864252688,0.129658736696482,1.27830182321514,2.55736772857565,4.8806636195671,6.67750565440957,1.97231000481966,4.08874477551388,4.90460356231873,3.57590210795515,4.05100394971576,6.19813569000469,2.32641441703887,4.08761071648336,3.91165259063076,2.26577332312422,1.02206783563832,7.08666592844643,4.00375863287149,-0.0563339097831292,3.18170336692794,-0.199309558286456,6.15686638298651,2.94154752510652,7.53399956003377,6.35367070959702,4.24464497625995,3.71478028250483,3.32123195658041,1.11052719795921,3.39040920727931,1.39277644162807,2.53285377080137,3.5089227346884,1.49238609996427,2.71262549202422,0.938500667121714,2.53279269931196,4.02908153509593,2.53479820081982,3.81997932391455,4.13186281536527,4.86462219128098,2.75333410794123,1.0929735359614,3.00925170743302,4.27488398837206,4.7984340647901,1.1866336092463,2.07152816149149,4.62534961969154,2.93180544116294,1.99633620142632,3.85614661813131,2.73051127965737,1.6931602789134,4.3768337338547,2.12615315647803,5.41986639784397,2.2420399792331,1.43352683640157,6.8585799343927,1.19005655859973,2.27508817256655,2.87211197764337,3.2454278276669,2.41849930113902,4.09204419566338,0.895876183587839,1.26365045430651,3.50453500526918,2.88007989287747,5.59339463674433,4.95144298645501,4.57177683770595,1.77767634797608,2.47994518603608,5.31583374696135,6.39919625412566,3.03542375366101,1.06133546997826,1.89244059550728,6.13574750048797,2.15870615918081,2.80985237889231,4.13103469116209,4.26704665734936,-1.25515846683736,1.80224385521939,3.26913569303567,-0.96292942942566,1.72816716038278,5.92648755623286,5.45829282884756,0.901984336231596,5.25309741021984,2.50060474318962,6.9216328027065,3.3591843229324,3.35869321058188,4.61324921985887,4.3382060655216,3.79830916181721,6.04944000961169,3.14823897736315,1.55766233955285,1.19475402954779,0.611224355391189,3.93584552987799,0.649601825711444,3.30780718502876,5.43473472878349,1.93003655418346,-0.741475200408555,2.59983704665399,1.94625461529276,2.18662945247051,4.84809826894541,3.25087667979822,2.77354506684236,4.5865974965658,1.49085764122802,4.74189821573562,5.38946260799229,3.20191409509966,1.80293270736255,2.89054656856616,3.70231163024444,4.59521926682956,2.41334731212132,5.97781595002394,3.30649366494681,2.35833622006274,1.87815500980387,3.08178556657449,3.59174786016075,5.27049585537137,2.50548010745112,6.00104825889027,-0.922219352595608,0.986995081570248,0.124617798028107,3.19186307756975,4.65107078618281,4.17692789355972,2.93657727343616,3.42779444719854,1.93920158644944,5.82493388287927,6.34857543814766,1.93072748834654,4.69696261588988,3.58807377507657,0.496741490494749,1.33066236145771,7.25562871116217,0.451671804299334,0.606143798352007,4.88658587978253,3.50905718268009,3.23239993986912,6.27169252043547,3.31103328042347,0.899688284054174,1.14907698108894,4.22070876858147,5.326088564255,1.44008699559275,3.77162112520329,5.38682580697158,3.97797873795898,0.963502107406142,0.902805760187279,2.62360500471369,-0.0388243849917096,7.11395042731153,5.03726171663186,0.385229274445708,2.16697782611811,2.99878941650864,6.420698728131,2.38360168553294,6.966329856921,3.21143264031879,6.53666816817281,5.74398982206794,5.35902156787354,0.771337456209582,2.61496341983927,1.99930574485103,5.28195326377642,3.37223925498438,3.9623468087135,3.84533777350554,2.50784214970565,3.87185712897095,1.87548784975316,2.12107303648897,2.28278994403342,5.09959978729752,2.32924261589561,0.777543837734645,2.02109762097441,-0.0969164328440346,2.19175182640381,2.54078840629697,2.93516679525401,3.77089213105595,1.10384318335079,1.43561813558484,1.67231903887165,1.48820484414105,0.980228916741101,5.89871233352925,7.30744208317984,4.23302851142591,0.795418615071626,4.28682948257486,6.50525306326006,3.53289406049726,2.96187279829264,2.56729079266725,2.07746827039298,4.87320320192871,-0.100672133872194,5.07990185387037,1.99495821120856,2.29102010731606,-1.0105087541672,2.11317791350196,2.75122770557315,3.21764863380094,5.50844593627311,3.04934391056792,4.23201222086,-0.570584064074676,3.62102026247489,2.74108862238432,3.97503516976041,6.73946181590508,2.70647664316297,4.33464358913481,2.75194946275682,5.19413769104607,4.0056330006949,-0.420304339188845,2.53061733665784,4.42933806335711,2.16448885734827,2.63203242154207,0.669277546880103,0.675046395684538,2.51538966390767,3.77111134026731,1.3800811085405,2.25141800287437,1.90168037611801,1.27688494610452,1.84043748379204,3.71535381595257,2.30234327643306,4.00889234578488,3.7836986589259,3.18598726526521,3.3884042527223,5.82781705560514,4.68619198942006,1.50552957451137,0.844641755874092,2.24042044063056,-1.22424570319049,5.60768175467342,1.56242491497863,1.28774575871506,4.73212112639561,1.43008934845445,2.77062070715503,-1.61660686926596,5.75511917100005,1.70837625896778,2.37283256550987,0.385456192522352,1.81061332655985,4.60542220823246,0.969794114828068,3.16188562839462,2.71982416874198,2.77453141167553,4.40800947974598,3.25324853930511,1.01596053791178,1.43097547032908,2.65083566023868,3.29197631516914,0.778078475968766,3.32754593935191,3.95591062190063,1.46591472507457,2.99500349921891,5.70064133596044,1.5760518749025,1.77383302717332,3.89217518210456,4.65026965141157,5.89174407272151,4.56031095632264,2.36226506264621,2.00594361294899,-1.37311006217546,-0.0337695172038175,-0.0015737203321442,3.91626345069384,4.78980432545185,2.34243054871772,2.18077196130926,3.65212063027651,2.70011398817965,4.32804015725066,3.6800849071313,4.95451302655817,4.99572617320343,0.262131504000101,-0.247335458246202,0.973216079183199,4.29716472770253,2.68696803443561,2.24854201531344,5.16199643936026,-0.16856020385477,3.48803728792842,2.41780635586619,4.92936568988917,3.57637341381736,0.138860164674391,0.860757235195423,0.495515813861291,6.35897769164235,1.11435237516721,4.42589411004615,7.71146616394728,-1.24296396235509,-2.76455518126247,-0.343063490541051,1.05271022987037,-0.0355722554444087,-0.118226074561174,-1.29255780784802,-1.13836854405436,-1.92433099167905,0.381510641579582,0.172382477315848,-0.213090623171748,-3.74296743412827,0.193093200312314,-6.18342410858794,-1.96041628938026,-0.20067492086577,1.68684144964202,-1.07387813335748,2.77932261594624,-3.1786418175543,2.25807892872616,-0.615568825683547,-6.16882811225876,-1.6884754055312,-1.27440017278913,-2.29342942953035,-1.20726108206583,0.631112606306533,-0.321780743451252,3.42926755595193,-1.67561385439935,-1.61982068831117,-2.36331808950756,-0.745277449528073,-0.59482391860385,-0.905784536517847,-2.58923073720267,-1.95749784828802,-2.93228434646376,-1.22430042625539,2.74549525931243,0.570117609016412,0.862753430988545,-1.68371362290491,0.233581983120499,-1.33359417412585,-2.3828280105263,2.71246079428825,-5.69052538955905,0.508905637323222,-0.804832010074453,-1.38805911050988,-0.610843324910015,-2.57046314964954,0.525613818570911,-1.25060341425389,-1.46076261719145,1.77507337114176,0.795559301498163,0.366661852659464,-4.19204925588177,-2.61049997220279,-3.77890139300823,0.984459528231421,-1.08181569148698,2.30371028123998,-1.45607209576384,-0.807983426092646,-0.112162337653514,1.51879614413858,-0.466102677356244,2.15435243045377,-0.0730605856967297,-0.686171088290102,-0.308503706322903,0.189590632557668,-2.06389578693824,-0.715535149412426,-1.30551318199547,-4.19041872312869,-1.24448236844499,-1.99504856415295,-2.88950828362855,-1.86931417408453,-1.82322790618974,-2.85105155409614,-4.95644134313471,-0.844314347145555,1.37927815298081,-1.2167190838941,-3.45379548040543,0.562474474536391,-4.13529728465993,0.635334136776611,0.0428265970259243,-2.24073467082499,1.88105150920508,-1.60510624876612,-1.02160588949672,-2.3977553038186,-0.691058038667241,-3.02594284633327,-4.08013292113813,-2.49835096436317,-1.94153767828439,-1.86263980777442,0.492423874299854,0.613751939273871,1.43753951815107,0.20517071021608,-2.14310551703204,0.271852814135808,1.96720998328204,-4.03104543034768,-4.41025042716689,0.834181312677466,-4.06463679307516,-0.436505275028878,-1.47497604315438,-0.162249139965574,2.61962143594073,-0.690295164696095,-2.8964887210056,3.28021148207552,-1.18873916221958,-3.18009132569958,-3.36612193155105,-2.95525680114409,-0.921650002316279,0.0434133987840122,-4.77191850444488,3.5351898632047,-0.77619954335592,0.477878729255475,-0.0486441379412913,2.10150013074942,-1.7104702995472,3.26233798606197,-0.380018235733308,-0.268451579194957,-2.84031704029558,-0.697389115942722,0.859164091679894,-0.263222540457274,-1.34923170461888,-0.886174070274487,-2.50573354026001,-3.42121911622503,2.80805879557521,-1.5726990200373,-1.07789805897693,4.5946474043767,0.927290154112281,-3.92906182622326,-0.238969574042609,-0.702429643106742,-1.74334793196554,0.376385820978863,-1.33292871163157,-2.20926227965368,-1.95219603341935,0.502979814136138,-2.49514337677034,-3.37301556077472,2.65239015242456,2.02879854900016,2.55234138100277,-2.96597004248953,-4.69970004585911,-5.36394239351225,-3.34358553716323,4.31983357705178,-0.19722651330981,-0.275722035284884,-1.93960638608516,-4.76924619776272,-3.11934040851874,1.19266635734041,-0.266674563486931,-4.04027480732206,-0.398527413805814,1.65770883342417,-2.71198196931894,0.835250577883963,-0.769522336077386,1.11417372861249,1.77431073217337,-1.51319105594208,2.03454367107657,2.42472258545629,-1.81238589111376,-6.97668488596648,-2.05743716162515,-2.08057461951651,-3.35874470458615,-1.25109958683705
"74",3.03059104265235,0.552213618941747,1.35591654917415,5.16494952738396,3.67507953855076,2.71027890735606,5.17000025515451,2.08358434291522,1.70713606281938,1.15772000859933,4.16811600884103,4.33434838255945,8.49701125068658,2.18318546206577,4.30919954374296,1.16822307152218,2.04122728692755,1.46750137480435,2.75670869962652,4.81165376876128,5.98054375674161,2.74589002636988,2.47564397333801,5.1597840273558,2.95350201725079,4.59604334370355,4.11287817007901,-0.393495775732013,4.06274326098406,4.10395826156758,4.89021976971463,6.52746911374395,1.04495973770413,4.41513595993028,5.08366447271781,0.923275923550867,-2.70498371578948,0.928802577135276,3.04073097626231,5.35937387094819,2.7154843421545,1.01746494108247,3.63830453491813,5.0303483377654,1.60424564126712,2.07867396208444,2.85163224899557,5.28304635346088,3.00352269597319,3.67394798553873,3.11367262559109,3.84931478524312,3.37429940939685,-0.430356029635548,1.32585327554739,1.54734942948902,4.39755217494646,5.85352611319882,1.45225950882039,2.76938725060201,2.69750047147028,2.61124867569052,3.05822405920479,5.07945036418426,1.1218052144454,2.91161438670517,3.22488011478221,7.66702574925168,5.1339028386686,2.71625975535561,6.54100811649486,5.1943711276382,1.4613747516013,5.29522581335974,4.11459752761367,3.89261012627794,3.67563563832587,2.83396799371713,3.99075303488954,0.233555328772888,2.74812447091471,5.14932151716738,2.50225347273023,2.55719263442281,1.81876341016488,4.54712813708523,2.37309352670577,2.79962153093717,2.26460368205307,1.7942036608165,2.41533187746461,0.698510419547437,0.085806912980396,1.76172218343693,4.41309047548262,6.29438050025263,0.803274839571951,4.07885831227106,1.42608537990854,5.10153272341833,5.59661692064438,5.40848556775662,2.44072225659403,5.177113900973,1.79045316462271,3.94164320484335,5.06167041069935,3.2882457971376,1.80482540105977,4.57124172600526,1.56171072773666,3.87320206056583,2.80613471296821,3.19669039797549,6.09290696555217,0.572996063444556,1.26626497540984,5.54510932522078,2.54497154198515,3.25217766655043,1.44282704740856,4.5686034422003,2.7758701775901,5.74397752761715,7.95194933661854,4.91440333333924,2.80925400927571,3.40609018076406,0.876608099894919,0.936044171065868,2.0810904242814,0.0935101261177462,4.47111930494311,3.90606900514877,2.58909738678176,4.00376188081501,5.29185647090039,6.04240135318376,-0.17030687332826,6.2868419592786,6.80009174903667,0.120509845110732,0.429869372207306,4.17376267005422,2.25754664585392,4.90684651820861,0.391893979714117,6.53019128674729,4.35835362617082,3.01368118738518,3.8222713219688,4.34860907068817,4.86244419373083,1.71149348024049,3.19061853292853,2.16073598384402,2.42567134063144,1.62859052093009,4.69430571638525,2.76315734492529,5.26630835562325,2.3727745160984,4.43802647096891,5.95213339857897,1.19649304360163,2.66487215562898,4.70560832658755,4.48092272539255,-2.10184383199207,7.80363048980536,4.99168517979572,0.0299121193831837,3.9970830090261,5.58097252591466,1.19619530061753,1.72599040312599,2.66216658001636,3.5059933824286,3.07227675644613,5.7588357157144,-0.759173718115584,-2.314320084354,-0.720389245046394,0.98219320422215,-1.44240856154015,-3.18192380981524,-0.40839711158195,0.636304927747852,0.814450745856023,0.21194136660482,-1.16019681023685,-2.79365484587573,0.140923127484302,-2.16824149764115,-1.56309600865044,-3.16144556515432,0.171460928580594,-1.43329585910016,-0.439815730914557,-2.6252598820545,0.312248339180769,-2.57477495680875,-1.65002017595417,-0.873688002341606,-1.48993022584164,-0.664520575194374,-2.63128300756465,-1.46946081111389,1.29721614169594,-0.410068680823782,-1.54591162008116,0.54275487177513,1.6635251156482,-0.641670722395037,-1.55306266838728,-1.72431389074708,2.57597842492373,-0.530032756720156,-1.41446896683297,1.36150175033745,-5.45282067825981,0.887011531545774,0.709432668902223,2.23891361361722,-5.14942863300705,1.36397361373953,0.0999378104933799,-1.20343522012408,2.1640145862747,1.97396112600494,-2.84305211403652,-0.477488065417699,-2.0281334041689,1.37564409259728,3.19642943758352,-2.82120929894223,-1.45958110225753,-1.48207267576832,-5.09830862861863,-2.30093888262316,-2.67426928645179,1.65586495201501,-0.814728008772351,2.29912662432779,-1.33139892384186,-2.60008612170204,0.885015615264773,2.43654491980645,-3.36784564305462,-5.98636668550344,-1.34675130761275,-1.68641636401078,-3.55187441309353,-0.6008045309604,-1.32500455066237,-1.42508789300779,0.782439052400031,-0.307528909224425,-1.60012719350855,-2.94452488324571,0.422649886677479,1.51144122754799,-0.739679385923701,-4.79114311746286,0.749512100284791,1.58395103070633,-2.00085204481334,-0.983961475457638,0.314331956316283,-1.92268454205094,-0.488630777487331,-1.88085579266909,-2.53921267138839,1.05527496041819,-1.77304625822997,0.494631824254427,0.0745680778579734,-0.147788811865784,1.20878429278633,-3.75713808653408,0.00795194045713865,2.35114310982571,-1.05195246668667,-1.8397121226954,-2.93005713178376,0.742640168281298,0.0803566207343498,-2.39213690427718,-3.89648640212156,-2.58271990229881,0.818470779094463,-0.782892099809818,-0.534614838820057,-2.88577125656263,-0.389069524860978,-0.967253408859901,0.250412650446639,-2.67402803358765,0.552506870964561,0.247107896502998,-2.42955406457206,-1.1365732502934,-0.275020758050244,-0.430329165443919,-2.33850281185867,-0.782378278695802,2.4689452799049,0.77900626743026,-4.33402219427319,-1.76934504946154,-1.75553955762668,-2.49213002429529,1.80472462155288,-1.06257019089749,-5.11907152554462,-1.55801016542752,3.29655683078259,-0.603691146644167,3.34374311140937,-1.38254604325888,-3.12943256562045,-0.838364331434747,-2.78043559274005,3.72416026079238,1.89733988839363,1.04017658067093,2.19077909719624,-0.847749269904756,-1.01202197396571,-0.78820116869469,2.91587737491332,1.29919264479043,3.13060912473475,-2.66838774655528,-3.96039420769436,2.97713614456186,-1.19436846376807,-2.87656372745348,0.180834889899144,0.126255180331669,-2.19305375524959,-1.70192179106121,-0.0301206055230964,0.0118770224921474,-0.605022118693201,1.76482286416777,3.40198845072289,-2.56746276256632,-1.73941161284326,-0.877007662295809,-3.67340299228296,-1.94720011019439,-4.44897700149201,-0.0331867803009477,0.690502215175108,-1.36811433222479,-0.652490381614149,-1.32572408539965,-1.56503854358102,0.998685749531801,-2.45333796795962,-3.55392584307465,-0.368684458580217,2.10913956378141,-2.00937480902191,-1.98629215756821,3.04033921115292,-0.470515396072637,-1.75105803536746,0.0325348072656255,-2.0287796521369,-1.78316283729444,-3.85064110692929,0.898205723034444,1.05697989663539,0.669342437528943,0.263684251729669,-0.139666595878889,-1.92604822492229,3.17824710284479,-3.08549080098941,-1.7237158003053,0.458833828458991,-0.204328527499183,3.04369530207663,-1.02159149053126,-2.78018197196396,2.90658834325225,0.976163753069257,0.183506797857724,-0.233792923995996,2.91490786148077,0.00271841144580032,-0.360132730239781,-1.17170893043193,-1.47103141431055,-0.768083650425838,4.02136016577605,-0.779549326829096,3.29295194468278,-0.535589788857391,2.51143252876622,-0.432909697968709,1.03060204034997,-3.63005893889111,-0.673931212909632,-6.40569139839188,-0.797439853215289,0.810832831179962,-1.90776249956864,-1.35123533671601,0.988116583616275,0.587228517519745,-3.01260613824837,-1.35366661935253,1.77794193492581,-0.575920283631413,-0.0633617798440832,-0.488031410097613,2.3073008648729,-2.61553555855609,2.28652967961467,0.126256803994448,0.494596531751892,-0.0915925565550868,-0.155988060428921,-2.55732325347741,-0.00800723511858414,-3.21566326550275,0.96602772170383,-3.33310092104707,1.46189821320555,-0.822043536563076,-0.70974633201975,0.672699566802865,0.900605430691279,-3.0818583075056,-1.52603756285396,-3.9234596005448,-2.41365750083203,-4.88023893444688,2.75768324222473,-2.7543195232254,-4.06296931160057,-3.07851869284187,0.667495857501419,-3.03744688102155,1.31142347079087,-2.63955323144591,-2.76162994296352,-1.70318737088548,2.44655772343797,-3.09515542488033,1.16573912891287,-0.846601248492164,0.144180007580866,-0.792362011648073,-3.00197370839846,-1.97612097214895,-1.09801436317551,-3.07217974029155,-0.712123872140196,-0.142410940481038,-0.853815582941739,-2.36108873864069,-0.891534169190751,-1.16278668129616,-0.636048917502627,-0.961118354097243,3.79337989759625,-2.09613628328878,-2.53772137114338,-2.54014525958658,-1.33206155320856,-1.35687125228898,-0.84857504076862,0.641720940306891,-1.04185918574113,-6.43277411141394,-3.91816554489137,3.07809239112192,-2.33356807573862,1.44177466680281,-0.493013685191092,-1.66872291830546,1.8994584267148,-2.48102682841345,-2.56233129454992,2.76465053502412,2.11608434559142,0.395133657990687,0.0783832115956258,0.562034653041718,0.806866004322094,-1.87734454747883,-0.82272611706385,-2.41687746279835,-1.09102078715534,-4.8314849645411,0.367916294244869,-1.11193030533889,2.64142293122189,-0.302998870040194,4.14793363859888,0.411827005160334,1.09682555894205,-0.859592563003123,-0.22629879056957,-1.12625229154316,-1.14427249635545,1.14790262151075,0.468783471408549,-0.533673968965636,-4.99687718097448,1.13103256548587,-1.83931329367437,-2.89510103945043,1.91260566103451,3.66396370820336,-1.79555793918136,-2.31532219588835,-2.70349904227193,-1.63818129758382,-2.53262099697193,-2.74909833717347,-1.69318091830679,-0.972221659394641,0.176421568676987,-4.50879062985793,-3.73670622580771,-0.61630837892702,-0.908918489424302,-0.358148258144938,-2.09087740385351,-4.62142634656107,-0.00640869087363327,-2.19508843307326,0.767323168944362,-4.61068075753838,1.0081996298294,1.11620173736622,-2.03335192840121,2.53073524901829,-4.21179134914757,-2.35325428717155,-0.30579762080623,1.49038849919687,-0.720310118192021,-4.24823458594951,-0.643991649194622,0.643204861015474,2.40070897139334,0.522643108729123,-0.421831030523773,-0.445851032851683,-2.09172502101592,-4.4435282120804,-0.892178462652607,-2.2915587630687,-3.73727278581036,-0.772676771625373,2.52724540325414,-1.68151854511594,0.224965750602892,-0.179065358251096,-0.696985084985103,-1.46048855090431,0.201509051163909,-2.42235477972487,-0.785413924707195,1.52392125366299,-3.05173092303467,-2.32072783593157,2.36732935655712,1.19239977140118,-3.49813468779479,0.139827442814778,4.04756081501885,0.724074549368023,-2.49401950933346,-1.11343779626851,-0.921988352121103,-1.69333128586877,-4.35658579483189,1.2501520287749,2.45506279438564,-1.55841229753272,-1.03026817929564,-2.83314663655646,-0.96259798080108,-2.94844381686765,-1.92044487605118,-2.5254239703664,-0.718586156492808,0.408620751714236,-3.04219971827632,2.20858024968555,-3.76470997824398,-0.577220299115316,-1.86352165218146,-0.107868017576524,-0.148986293817879,0.362008795327217,0.18149343062577,-3.01173624093418,1.15644397372781,-0.0428824315074269,-1.45450036124798,0.578345328047898,-7.43697651711368,0.555953706887362,1.65996182117133,-2.38398435373659,-3.2945047542952,-1.19341825159489,-1.12515254227057,-3.62988332303944,0.410901489790005,-2.71702453193524,-1.16690088401556,1.22629046647995,-4.28336168633778,-4.22731635145719,-2.30512758759763,-1.14473410279935,2.94530882368541,-5.13370772771001,-0.186870925826679,-0.132416079864561,-3.37383389176995,-2.23941872004104,-2.46074417457826,-0.150618087205279,0.506498336832979,0.600822689672189,-0.684816439717467,2.23652062081178,-0.221389013012558,-2.93056851476984,-1.66994896084839,0.739441118705152,0.849186995882026,-0.619161932675346,0.697799917709599,1.42390473542776,-0.671020812400372,0.534462411121949,0.397478612072917,-0.124384246664598,-4.58534489554578,-1.21039722399403,2.24491444869287,-1.55314880801851,-1.80507015434896,-1.24395489648812,-3.13052748660838,-1.40121505349107,-0.69725032639558,0.810550838153135,-2.17454587228354,-0.432933587198042,0.496111030433822,2.05723256283615,-0.149147789183829,-3.87362441476746,-0.924666029025603,1.29226935360984,-2.47232479085562,0.817278508782064,-0.328739581820344,-1.80084797077933,-0.0381293938406142,-2.98595362862954,-4.94744001738278,-0.868682316876337,-0.320474383052976,-4.65465108039705,-1.90925024470128,0.157065232540501,0.938685845179985,-0.190782189300497,0.940105145386652,4.32700138961235,-4.75450670717849,-3.36515265114341,-1.84449173722166,-2.23365401739438,-0.623419183371542,-0.914076380501531,1.35969937534195,0.559353285222947,-0.408177853692601,-0.298139606889293,-2.21544726084689,-3.95586463447227,-0.888618776624442,-2.96662063914801,-2.61343152022355,-2.00422681434646,0.539606886013879,1.59394738899399,-3.63578464370703,0.267690726572884,-3.4389966441633,-0.124402247887891,-3.12372856687809,-2.22924260969441,0.278791014901513,2.57160936025935,-1.65662162215692,5.35898140533678,-0.508064321008975,-0.939604787314867,-3.07165202751912,1.99089808207495,0.745215185775445,-3.27716224999245,2.20754584174025,-2.09722232231263,1.29816531889523
"75",0.796513053169375,4.0725377621855,2.82905922705751,3.60431512637354,0.524056759082951,3.91976968307553,3.83603753102388,2.55959904214084,4.17839874198429,4.8507448351613,3.25933760992317,-0.541304583854434,3.71147886803344,2.73075531215747,1.45179162190533,2.15472788941845,3.5289623257403,4.1301119949699,3.59418633023883,3.75710858733939,3.30463198414548,7.54406532941181,4.1001209132911,4.45720692829011,5.33317429729834,5.08365415557916,0.40045469001814,2.31982102237084,1.47130717421172,2.21628512415711,5.16877596282049,6.05422267285468,2.46431724255487,7.29254701731296,5.50088366562043,2.43467725268436,2.57067159228626,5.82984181079029,2.63055179105074,2.79001729778509,0.482908514104537,0.749914570950636,-0.285106027963962,3.86013941037426,2.75745572275953,1.23091885092689,5.81391719908695,3.29039449670451,0.469464663470545,3.32945543774841,3.51489379763587,-1.87695514709399,-0.0443781169711506,3.42152569229087,4.10028656135791,5.8954107919217,-0.8683725384582,3.85976833195508,3.13355906428557,2.48931010136624,4.23891207537274,-3.57464123089474,3.66425472522813,3.77408156665663,2.05646642734894,3.69078186819029,3.72058805128649,-1.17014713827325,9.90227986721594,3.14339687651726,2.3692821169161,1.344652327859,4.80854919436121,2.91698499198696,8.95574660737679,2.29235792173927,2.62494257344604,5.40721243736967,2.86964371543421,4.98671040025517,0.601826549413329,3.64133177029714,1.46929522598805,3.8152179738965,5.47582607884244,3.39908277746272,3.7063403278481,-1.60481950781023,2.47747140814655,4.47425824242816,2.16059004706132,4.823046102882,3.1336207178344,3.10452696707054,1.94195806972708,2.31662005987671,1.95945399315321,4.24928682780526,2.73615181971178,1.58228699635405,-1.56181759882398,4.39341414711248,6.47734882161373,1.94850879844427,4.58328167658116,4.07247391674749,1.92086810098619,-0.889392129700934,0.837647838143225,8.50100175506712,-0.585322954122313,6.45964361917235,1.86993273343935,1.56487402760704,1.60879408084669,0.652304831227211,1.61251382725912,3.49336220352465,-1.28414880264108,1.84214100751598,1.0860017873504,3.89224095071702,8.48632816259393,3.51052125496816,3.12574983835058,6.69321735305475,5.43254964934018,6.40686766569272,4.45575385862286,1.19619049981567,2.60783583411078,4.9437139355412,0.564071399295021,2.31883717962057,1.94197634063537,3.71883537407412,3.89665932578885,2.24096796238393,4.05549768751633,3.27992692526368,2.66202375076906,3.64001370062372,0.105182929640433,4.99174390293738,2.16171925146381,5.57511128805433,1.79479701500473,2.06756463707475,0.928690909266466,6.30025447588387,-1.99255593708052,2.29701489540134,1.56314935624581,3.23872456012345,3.432856496736,3.45653160089753,0.0899708632949214,4.87236224832197,2.41561298966837,1.78174355317896,3.39583923454433,3.15142274411674,4.27623426510187,2.8469604559182,0.780661359814145,8.94583946855221,2.22966399012781,4.84692175416275,4.56630353572578,5.9742324448332,2.8625578462838,3.100624664065,1.5023368429844,0.847095523157784,0.308110411508201,0.92168369330478,5.71194225615279,4.23530463624529,4.38899130151187,3.48238275142181,3.74330569512103,3.82842447301062,4.29321438702149,1.83218398902388,4.23548426582582,0.979705696409205,4.61777543894941,5.47336417732058,4.75517352120015,6.21518315409417,1.94578281031373,2.96167098947988,5.71935938518912,5.14497537002805,1.14226592078847,0.247108751888842,2.51365028262608,3.85355159926436,4.42353597360281,0.41577465372483,3.87571675749582,4.01425866907654,3.97361849676592,5.15608507368967,1.46397849835521,1.3601934232067,4.68544164212194,2.80673719027261,1.32382582558441,3.0605036195364,3.16555468932213,2.95921854256484,6.50145355879442,2.2816150932124,4.86570257316653,1.06714557842951,5.83352367096369,2.57310447473977,3.95874151386008,6.62195633224929,2.21219229473124,-0.313274495328596,1.82350140207466,0.862293386304597,2.1080167213085,1.93046661215744,0.756131992156273,0.795481078879641,3.05853229203198,2.93317793959229,4.07249969221514,1.15533816152445,-0.052087459185886,5.39463843230741,3.8047204244982,3.95992939424791,2.93236729563547,3.14726388704631,2.04636210005343,3.47024822289542,-0.895925892807806,1.65072773550387,3.78957630691707,4.20642647392143,6.3540431746724,2.61918844180045,3.67718365417312,-1.60749639805876,0.130545576366021,3.57068387133012,1.95625598173579,3.16284337935228,4.7165462245405,4.0141303841235,4.0790787514096,1.84209299890224,3.04705399144384,0.751268315016254,1.44285105984557,1.85374882780922,1.98645482909153,1.90926712146517,-0.0314272572438745,1.86964728671308,5.98562337605534,3.5587666046385,4.80393955960407,-1.78637496916375,3.54775786006984,0.0612721592773968,4.15363012427756,3.11923751025242,3.81438643327395,5.86011330841079,2.49296089103602,7.02706627356377,3.42475235856285,1.21205055726498,3.46898447934262,4.04433860360284,1.56274151386959,3.12768428530065,-0.299255730742068,2.05453441527979,6.11687946953162,2.07405817787557,2.44333766585468,2.36420239009462,3.79404333099164,4.58788083896983,3.93121298448137,3.13835702238571,0.188837336021386,1.15527271494675,0.308474897641779,1.96351070487855,0.455141806776314,5.5260966184712,0.591472636247252,1.90026219914859,2.74627154317,7.48797968353029,4.74177265191162,4.90339455645186,5.15511979969317,4.33222356117891,4.06035523402239,3.31285898880607,1.30181352913426,-0.0669059850532663,4.21033991798959,3.74953989393064,-1.35063592033749,5.71664753963028,5.38576568111231,3.49252892571291,2.62020323462348,5.80194783886595,4.43884169841816,0.769568531415949,1.84645818215011,2.32860129020164,2.8528779178153,1.22222932190852,3.64175777254694,3.78890867996184,3.17644225489593,0.842313493559836,0.142367964869398,3.61544856371699,2.2255017610802,2.59539286604994,3.22173934788153,4.96975872512564,3.71406439499205,3.47464249710776,6.27768293469125,0.899236077415532,3.30218257345003,4.51504201591394,1.91605601436869,4.67243925240938,1.11066195691385,1.15068536418178,3.60865418540045,-0.229998247395199,6.99666490975382,2.6607996464376,3.2698828940519,3.02525517147599,8.93810325459892,-0.723190109335111,-0.800062533318259,-1.86906015149262,4.89921477076576,2.73787538537717,3.68637626278537,1.56746938310914,1.55852203944493,3.69813737254016,-0.42019227530945,0.721261219443058,1.26164434565316,1.61876849978847,1.489372791361,1.33781249148529,4.35324779769025,0.72561592929073,3.8257346455395,2.50092885031581,1.4917282108068,3.3230993141147,4.17038604041577,0.869883242511931,2.80991168557523,3.39065450281768,-0.178622529470744,3.36686495422344,1.45865835699875,4.42813016685378,2.28535249135603,4.74547510546717,5.0054775259823,2.65775774642953,1.47627233242141,3.23028148498974,3.77284112389412,4.49992275417905,3.15017373328353,-1.04899678425416,1.49187605230032,4.19441162093971,0.664637076183104,3.37522482058904,4.73302675497563,5.59220992485575,3.88586348696917,2.04079450797984,1.68568836330882,3.93110160734032,2.50262314464899,4.20383354001074,3.41005723423372,5.1505038338836,4.73098448686236,4.57706699858783,4.36880529798537,4.65478767204189,2.35861151593087,3.41156650269478,4.20803340271334,0.212146242071412,1.35114904314551,0.6191171292995,1.47468829639588,0.179933108881037,2.74556910543188,1.77378305668564,2.82445824590577,-0.411938872683796,3.40652285314986,3.50074549452422,6.62323162311477,1.55791516056548,3.62587060221886,3.35308176546997,0.65714911969783,3.95760730058038,1.68087694336988,3.78570862238636,1.20613871717488,-1.76672962650197,1.14186824370065,3.35018225180354,4.93096708781523,1.50908044085504,0.64596749928724,2.86772549631425,3.15704069331133,3.076666920341,3.91328763930729,4.73243126260213,4.31573400333394,0.0468764454422825,-3.30295749900189,-2.98706310981278,-2.91683819816542,0.934781704331739,-0.640219522106442,-3.14661437055342,0.177263261206786,1.29634429383418,3.88442230291243,-0.347734384238393,1.30813330376846,-1.60668547478775,-4.36586348658255,-0.300352522108858,1.93615992041135,-2.72343415877248,-3.62548174458799,-0.139095816389232,-0.613851378044368,-1.2657756941034,1.176188048827,1.12348605555306,2.12422281318673,-1.61404690981113,-0.557643841615914,-1.07971483508211,1.84009053565144,-0.944398213544538,-2.40512780013133,-1.69383230434545,1.6956576418317,1.39084562593184,-1.95360467119118,0.0226684723126209,-1.89851197611131,-3.12186513418762,1.22374180576127,-2.24625407610796,1.73441396143992,-1.21246963207815,-0.999435448240907,-1.55236049837667,1.97714787032199,-0.773116127994545,-1.04144510536172,0.70196640483915,-1.56389336542966,-0.217401419944249,-2.25209910589701,0.909206312748432,-0.0921636220808988,1.53180396921594,1.49034839735611,-2.43258457857119,0.32159410727647,0.467727624474656,-0.368098111571326,-0.259516118532372,0.619049437098857,-2.15371959153249,3.12946553421521,-1.37720966875872,-6.58187534086098,-0.26815364736992,1.15200397838055,1.23459378719305,1.75304230312327,-0.940586347603481,0.989268978810459,-2.7110570047993,-0.795209163359531,-0.420815134917163,-3.77247531993871,-1.04592020843382,2.347789718831,-3.27034709196795,-1.41729541185679,-1.56766451424,-0.878709802614485,-0.109072949048174,-2.01585946491439,1.58859635696116,-3.24517336930962,-0.840846637334947,0.206949215191792,1.13327468684099,-3.01052371149451,0.337584092383874,-3.29086227709591,-1.35938124262265,-2.85064849774229,2.27040730061651,-2.23470822856805,-2.7670874789467,-3.06397717975694,3.30877341325411,-4.25279471444787,-1.99557511932739,1.26268661316922,-1.83454265982999,0.625069074700631,-4.53133755557453,-1.22163602394963,-2.12141545324875,0.410990374914571,-0.307234678679041,-2.32550340849831,-0.974940836876299,0.64892492144935,-1.06192848293708,-2.85872207932026,0.725564546126475,2.70246892722186,-0.512157081602968,-4.07741620814262,-0.720706320205605,-1.97189662732292,0.902463190810548,-1.90548215587195,-4.84967992363542,1.8593738062279,-2.19763293819582,1.67970349175209,-2.88889496595801,-2.70901564070598,-1.84340816243878,-4.68247876414067,-1.46284415036187,0.755475319467331,-0.0281214478720618,-0.816995886483936,-0.296193911925977,-2.28150632829292,-4.21843153665798,-4.37082547724597,-4.30764310553884,2.50387184461292,0.160124934487881,-0.910910596051121,-3.65199952237034,0.735074585164737,-0.280443824540007,-0.292757808508724,1.11420194766961,1.08490604925893,-2.54427666971445,-1.15534129809649,-0.473189497193548,0.860586890809869,-0.595860810299709,-0.69991156905052,-3.03495677364432,-2.1228498820746,-1.95669095520148,0.768090748247046,-2.16924800060159,-1.21402066090087,-1.09064517793011,-1.54192762016138,1.50574424783088,-0.806705321217121,-0.995064612522949,-0.397899012737398,-2.42070233864263,1.04568551855767,-1.71394987956211,2.29753078734596,0.903909524211344,-0.578083017343214,-1.04892853650461,1.23543869923302,-0.546313492020771,-1.26612871534329,-3.72212284158874,-3.78899470002589,1.87326042145488,-3.17050436381876,1.35970111103229,-2.38112873326968,0.601746026157562,-1.56724144167608,-1.17218847474818,-0.96840339298611,0.888536472411804,-1.82910320832075,-4.72415155570016,-1.33605463019193,-1.39066660500617,-1.67854363971859,-0.879811565090681,-4.25581427950952,-1.48881783070943,-3.32669841265074,-3.17548277096615,0.656424715152565,-3.256172282203,-1.26667360425995,-1.75160443439514,2.07270894143571,-0.0810460193649851,2.71695563599652,-3.61169281903369,-2.17904063454523,-0.913231868398579,-2.11402694545835,-1.9029127706902,1.45848050111083,2.27376535129631,0.762598993435639,-3.67853720776953,0.0241218089802977,-0.135114050562469,-3.18518555033782,0.407449129899867,-1.44946363038983,0.68099221806528,-0.1495635953896,1.59744458104807,-1.32868051004623,-3.44487893248031,-0.708697181970395,-1.34828060886575,-1.8473036937243,-3.75429847915426,-3.25267610853852,-1.40724975806826,-1.77443659701513,0.251407140512798,-0.222468315444251,1.61557279588003,-4.07448657003481,-3.88242470333612,-0.236453222346729,-1.98858606095879,-0.404388389879489,-1.73794630310238,-1.6063978798312,0.391927517283247,-0.757870360529208,-2.82830398635326,0.103992433440792,-4.02279892357729,-3.21017143745129,5.0936922879706,0.78599454587138,-1.36756644834157,-1.82700287956969,1.16016922139097,-0.0194573977163363,-1.25898524357461,-4.71918968263966,-3.05135774103493,0.629589810583906,-3.85645537184023,-0.620809128297913,-0.883034443378553,1.03075003322658,-0.854615157937738,1.61063050783627,1.50182920310584,-1.70446123164634,-1.54209558435071,-2.03432509650124,0.526514548775115,1.41728355591796,1.09018614739952,-1.12119055504444,-0.793190840157637,-0.602508201045291,-2.54216802272547,-2.22983527123937,-0.155393849245528,-2.22237873818495,2.04469427931637,-1.07969673620629,0.629719947637354
"76",-0.344017122449122,2.49185717222883,3.82465156942176,4.94010435765458,2.92519379315621,2.9971422759118,3.529836522913,2.3145445844097,1.13558954457965,4.17435540118988,1.97383710557886,4.67690050122907,-1.52241617054209,5.11296291448362,2.78468426473655,1.93874111598439,0.463612808531837,-0.151354185418617,5.5716779971796,0.943438784576385,2.17748704743884,6.01877548730176,4.24721426761066,4.5547169705346,4.96580868204422,3.28279618696558,3.68287559384968,4.85098971117158,6.86538855729823,1.88839107311019,7.2739804242808,1.71963481064382,3.40571418067598,1.25122989775487,4.41550736639918,3.10940496940862,4.5134808147887,7.50428659302085,6.22061171558496,2.80950446850112,1.60624718455704,4.44338272703767,2.41768583124449,2.02682622002641,5.25078287483688,6.25164691569102,3.25656519357981,7.19180066870508,5.11142081895753,-0.00534142962039796,3.50306947432521,4.66507875321842,2.80791367181778,1.24526387635929,3.2742503932779,1.13479683669368,0.28982142847557,0.935582774365708,0.0431756038476099,4.15969270750086,2.01592760777888,0.745124985654585,2.56364745820493,3.0237745131128,1.71854470769531,3.26670369224334,1.73799944972917,3.98142236619958,-0.197794484767515,2.08460718046501,2.21668343197489,4.94730875251796,2.71650533391983,-0.151938337440643,1.96241023823967,4.81544131314864,4.90193173779556,3.45744558800802,3.21561660991718,3.00744658196811,5.49940109637846,1.1602954772198,0.15046045384909,0.199292199851611,2.06974932117901,2.84561306083941,4.85626192040422,4.07479449158358,0.541482129848766,3.04568277333446,4.73336643493417,0.283392529788228,3.91382784343792,3.03454282536325,2.99889720484537,6.07526281398188,6.30935052389543,0.496827306851638,-0.18093272895885,2.08796271379166,4.31123472387772,0.649539054341046,2.53387758730632,7.11622995972623,2.29487874240717,1.7504442510258,4.95819627224383,3.56229592517985,3.46094396527072,2.57395599900658,3.1897920469699,0.138735980077472,2.03897082358903,5.15805917830691,3.66757496718025,3.76474943930261,0.383049011541032,3.85710699450033,1.89530591150117,3.41791262415959,2.19437422083945,1.56369970315478,0.68789181006434,2.18829920213254,4.21286557222532,4.88250850432867,1.21145621083593,3.90601594005465,-1.10559047185137,1.28585860609868,3.64092822685927,7.19754655379622,3.32147758627784,4.9377508668912,3.50538479426242,6.03415131035571,2.49217320370961,1.95731584246255,4.56774702156726,2.78649271198067,3.8969491595966,1.50182674689505,3.52110582934848,2.99861671050874,0.201571098835741,0.535471870479257,0.532699731386066,0.085773649040322,5.27783318435558,2.9770118282037,5.34336188444509,1.24142492280766,3.00075411236926,4.73192057315724,2.77660723176792,3.18958733778873,6.17701141478666,4.60106910565604,5.33574970566824,2.6754439673686,3.80378406687908,1.12858049371989,1.26412309200174,0.658105682981244,1.99922908240196,2.60177416163549,2.38109038962889,4.29922800341859,-3.7860206541575,1.17778936075676,-0.670116896452259,0.285552474783199,3.0131402866628,8.21014753270467,4.22061981968198,2.60317868467652,4.24869906254479,3.65990176110809,4.56979158508854,6.47927059616962,4.66489816458451,1.37415439160451,0.109377201904546,4.72495318706881,1.33401983910258,0.552653218646031,3.21579483739255,2.31006493245289,1.40878939448845,3.31581843942518,0.95057460130108,3.47316973578376,1.07101289958129,2.44524790211271,2.05518519528404,3.45094580447425,5.94639739839569,4.08203191707237,4.53150682658103,4.35583681377995,1.96956248834939,0.764295308490898,4.37759448236513,2.44746787152983,1.21245187708303,5.47096322255443,1.93754468229834,4.01245660930407,2.0617959075077,0.440693562906997,5.35411089915186,3.11492708756177,2.78233219192203,3.67621829037009,2.34617342603441,0.636235851877835,3.143417235615,2.66343042715461,3.01075533232687,6.49268218029807,4.58138373613402,1.1861631287621,3.84759112970351,3.85578723317212,4.90272731861343,3.41840608164145,3.06786541164832,2.14158751313325,-0.387773469159425,-0.795772345535497,4.30748517376988,5.09485229617462,1.69288709179264,0.958493140841746,4.80635224258522,2.36699294310466,2.99838438104118,2.86060739160993,1.51698010817437,3.06687844855486,5.57508077593279,4.67099667054193,4.42606060636311,-1.25467086967289,1.2440663765209,5.16507429871079,1.94631286445616,1.72023919795895,4.47221740030182,1.65913629873201,3.86279784562322,-0.56309789139856,4.22710878698818,2.79263985834128,1.43033986611858,2.07861404534689,2.57922599191146,4.5311351102698,5.16761854730479,0.614440454194734,4.85082176171715,6.20763875493957,3.26909935723071,0.485573732502919,1.28414983551225,1.64476218134235,4.46274999546319,0.143629505743718,4.28403460245614,5.61675301105958,5.21947793518621,3.04681212963987,2.85165943598559,4.38346788085367,3.32130240189849,3.63524360176506,-1.14237171602816,3.30822458954327,1.02559548923884,1.12865416920519,6.17322443448525,3.77590953710398,0.479886976438775,1.90339709772418,6.86613520515139,1.58591299745856,4.09436644781415,-1.07641201154446,1.557716009766,4.09177193462784,5.41963206828325,-0.602733933973908,4.54371447338386,4.95042836668052,3.17277571439272,5.28270417039253,2.29655633286331,0.793126403284086,2.60901530374291,-0.23341227333872,1.02685291979781,3.71877205920278,0.246525904451144,3.62470357035716,-0.0597058890620614,2.4496872171829,2.80236083484815,-1.37591258648321,2.27457519283014,5.14911418062295,5.17108191586732,5.43961059296669,3.08290589025099,6.26035598800047,-1.48496785535055,2.65149099633855,2.36835071497753,4.03099541436334,0.671244245913414,2.69547394001146,4.22818376838456,2.57632685520823,4.40123164795629,-0.298988914845049,3.7327254296447,4.18042912793104,1.23094687572492,2.87779440547724,0.822544891707842,5.35147011864899,2.72466181226672,3.71141429723743,5.47468619175473,-0.35648057870391,4.76583059462379,3.74773624231685,5.72016591420462,3.66007192116855,1.27820708460497,2.89640089807954,2.83142881429744,7.56352091978945,0.916379370240398,3.142096480418,4.34557740724575,3.95448589657745,-0.629796948667276,6.47460241944687,3.77383190774387,6.45368545917213,1.71222048337065,0.578080867810985,2.15366089745391,1.35043118665204,1.63796579731521,2.13470659231759,4.3557778006437,-1.6050238207318,7.0603376662495,1.17249966319898,4.96028349780983,3.87744468937893,5.21920009551354,2.9575260604147,1.36336602859095,2.99301166834895,-1.65634387248353,2.26091368469181,5.69859353590538,5.14675933269631,3.347862925009,3.0474149872974,6.59856124307193,2.44778566482781,5.2185630839399,4.11782223556102,5.44988805840233,1.66283349189968,3.50953006757542,1.25779097260512,3.93370828277272,0.564418793949758,3.76405410964206,5.25217904660656,-0.386045127195632,6.03019647854944,3.49967693789813,3.47589971528211,-1.77389039738269,1.26386139400995,6.05229868541649,2.41295724609611,2.40270118153944,3.16046754345532,2.48935422082401,0.527607282767843,5.75421057550961,1.06234873603839,0.410224962253827,1.89862851304361,5.89448067012876,2.44320359815218,4.99368551803128,4.05082874877449,2.09990760137099,2.77094285993783,-2.46825525739325,2.23173851513719,3.59067913574685,6.22373785324058,0.433739824618673,5.63481760124246,4.06695528699047,2.50362637738826,5.42720656387176,0.00781050157601149,2.48903571922067,1.7839317498952,1.24955580036821,1.14807040894054,4.13043383775931,-0.0833271904367128,1.55091676723102,3.26542367345338,3.9551474239091,3.60893255830717,3.97358079887651,2.71161973909495,2.80193092473149,2.1060700920366,-0.00586191306340478,1.38476924060782,3.53990212464574,0.280305381742561,4.21243466545773,8.15796791024425,0.559134508285845,1.03587133184879,2.46756799190153,-1.34801990933301,-0.236989019049789,1.63060352831947,-0.23580204403869,-0.130158492471613,-0.697646344246175,0.939283399538493,-1.39993243712053,-3.09984142228863,-0.618899758785796,3.55042818657232,-1.75239746444248,2.54874131441158,1.624006806532,0.353412214141454,4.33762671767011,-0.35398829684307,0.993148455333961,-2.78287058351755,-0.641573179624525,0.509743210758233,-1.96043235665397,0.658485155474361,-0.285247596821719,-1.02192419598168,-2.88917695852543,-2.37727744795775,-1.61713911002554,-2.90327303314575,-1.16634702267301,-4.87150609017534,-1.73368787253165,-0.212557591407659,2.58093319277495,-1.68119538023817,-0.373510510200417,-6.83605536948911,-3.28851506241718,-2.90792157403225,1.15226916645469,-5.83370314258683,0.346068563155852,0.0613029301264794,-0.0930163850838113,-0.755925094065185,-1.01688193106743,-0.536560129313498,-0.197916224196619,0.382467389338456,-0.546987653713427,1.49834788356516,-2.46153255109173,-2.01608089546577,-0.245010568031094,-0.303900701887666,-5.71315541641406,0.493389249170219,-2.80111951776597,-1.12735599285459,-2.85221526713529,0.445269556742073,0.0562122236587459,3.81355205685187,-2.31138156717132,-2.7453916460353,-1.72228866448512,0.431188770751118,1.37603963144908,-2.14027187843475,-4.37038310730964,-3.81543848698259,1.14226944296912,-1.20484800707251,0.4233859682758,-2.52308341864202,-2.7295815309543,-0.938973731459775,-2.59445005614583,0.660919375314588,-2.57420086008244,-4.33585187530306,-2.62940032446366,-2.64917167672518,-2.51854520511858,-2.00472943018889,-4.13523482772825,-5.32596218128494,-3.46421255819164,-4.74954602709171,-1.41652215369555,-2.08813088197645,0.0332389179410533,-2.48791344892822,-1.41884513654469,-0.967779583840858,-1.4286504377627,-0.392878583724507,-1.47531116923719,0.165906684069842,3.1828909256604,0.829681350620433,-6.25017485352992,-1.00252865321374,2.03730406543083,-1.20195815262927,0.205868679516211,1.42436079477919,0.132729182119995,1.00836116960224,-5.04977636182756,-0.939006435235761,-1.02288771412005,-1.16462337065771,0.964524249581649,2.73817302214909,-1.68223882281424,-4.72293244047015,-1.78076325782031,0.9637516724457,2.81031932249607,3.00694562445349,-0.180558330947829,-1.50932599031955,-0.572051192747269,0.25550596343881,-1.1738977922585,-4.6995889291094,-2.01161514521729,-0.492567241708507,-1.40373537844961,-1.53455439592844,1.67823531904423,-1.18920702012283,-1.49939974529558,1.09643987253155,-3.6789673386603,-0.785366784847727,-2.32675945724915,-3.1140891455812,-3.04738369722637,-0.728539181996489,-1.85552130806152,-3.9625970335002,-1.74225956031957,-0.858737065639501,-2.17463444719218,2.42017862899468,-0.134271452236441,-2.30408485193392,-2.53487858618491,0.649918108525602,2.71711748024628,-1.63522534792587,-0.762844894634883,-3.36311338018721,-0.441740852806305,-1.94098660357333,-1.83862365672723,-0.791228215654357,-5.79775521592183,-3.53414070215536,1.47638951933898,-2.82029884422886,-2.01819498069729,1.52083459814062,-3.58483915587555,2.50382457049724,1.29248568415868,-0.369464292599907,-2.80041087511065,1.80289430667238,-2.3063807890497,-3.37133863780155,-1.50594945235644,-0.84837865417966,0.874944312667164,1.96815619519319,-4.076435673871,-0.140216165965018,-2.08058874829935,-2.68141127081976,-0.747755913474697,1.11203878333412,-2.60506944204486,-2.7434970661154,1.33243238490951,-0.190770200029816,-2.34879986804385,1.63428629785989,-4.16659538945737,-7.01711909097296,-3.27653734134503,2.97864261639443,0.801220216939404,-2.11064693508557,0.642567617526321,-1.07863365684846,-3.53696245585743,-6.92429023342972,0.0326167992840438,2.36345573904094,1.66384316071667,-1.04754013101977,-0.252305087131731,-0.509303189558307,-2.1676533699688,-1.60597696399615,1.41887611960852,-0.420250115192759,1.21813881197073,-3.09972411888197,-5.00067162991164,-4.09744138423442,1.40858181224106,-2.7851205876379,-2.86132381417386,-2.40826723475681,-4.56428373187301,1.52923196121493,-0.884354381841898,-3.25736793726749,-0.846548156717953,-0.295418330364103,-1.35114100645274,0.114967752939569,0.996950915420244,-1.08262228796348,-1.93840950611747,-0.331440857735068,2.37963853238643,0.439186916745556,-0.777137395625688,-1.09432512313356,-0.116893639354179,-2.58922680905339,-2.23558170490988,-2.38752638449801,-1.81335005470342,-3.41394458832288,3.09109028289578,-0.405853206123944,0.0327798616330466,1.38587220840866,-1.21637293223747,0.156630429211353,-2.60345288576405,0.368023118476615,-3.12937912478323,-1.89164330257261,-2.07690917908115,-1.45100966186943,-2.28485931528795,-2.00469779557235,-0.521656993315387,-0.613289438072594,-1.81622052023615,-0.134039609722589,2.24945106380148,-1.11070776561193,-1.35097938339203,1.27774993682103,-1.73795544802544,-0.513738483406722,-0.526257069655769,-1.39263548227877,2.8234614746317,-1.7201289919062,1.0684265849345,-4.54515805425234,-1.07726446203826,-3.63310941567153,-3.99543788056417,-0.924236649031286,-2.37585292703593,-1.18762714609573,-1.1924175317499,-0.67365781298146,-2.69504717030448,1.03189657923139,1.56879458802624,0.0974497832175183
"77",5.39476114593291,6.70454176095487,-1.72624000864091,6.88604201294804,4.69402724321901,4.01432912939521,5.78608432079076,2.35744493032284,3.82331624412364,2.89396478717589,5.35832285840504,0.761120664060333,-1.471183412725,3.29863830784532,5.58822036823139,3.05344260162607,1.79836449630928,0.415672915384646,5.04181557495536,0.532857241910445,4.81315037483662,-0.961375229611508,6.04053326898586,0.00564905084871681,1.85379832274122,3.66791895600486,1.4488355481356,2.34485488320636,4.77866165698788,4.54069918955831,2.18690736644022,3.28610968384423,3.44466495000555,1.86599346791904,5.4308214211638,6.8953865412079,5.49465169871644,1.08333876549074,2.26979261200083,6.14953675249152,7.42703839537135,4.15818398969424,0.406412002688178,-0.348524976649581,3.38075290872299,3.38599696921271,-1.25362069807404,1.36479019444965,6.14492606663799,5.7693261969492,-0.815378236643821,7.54581646194131,3.59305587842495,6.20650427200315,1.94367715508388,2.07494001049433,1.9859681851841,4.54157269708029,3.88655678502579,5.73819981808081,1.77365053146475,4.19856393361866,1.05640665735075,4.98203741175317,-0.188385037694148,2.52116722299563,4.41052652343567,2.59692731381006,0.956697686172286,1.88347397641151,6.95972406464145,2.88645890230246,2.88402471822195,2.14268140173968,3.69510184261144,2.47393797056101,0.172612090750081,4.10760849824166,4.39241776566321,3.4998262476304,-0.488382740790274,1.0332461122184,3.09568768709836,2.37649597792236,0.441917238812289,1.77478505437917,5.19638620367725,4.66614099038296,2.7869807603207,2.80537896388509,0.859252303093242,3.18027832995382,4.70419365232268,4.1661897111372,1.95194295077664,4.90347882297513,5.88680823311031,4.89726488662805,2.55448621307299,6.52418620632653,2.06925751315619,5.73068232764248,4.23863758142829,3.59125106945786,3.10099660751547,4.00276108662925,3.49431841876039,2.42490483626688,2.56525294271379,2.33745102064161,6.84749122485221,3.92628077061151,3.74747978424248,6.97558651753201,2.02730130504071,2.26829762313105,3.68975470686465,3.6296044821823,0.0444597874649491,2.1957214188828,1.91173239040829,4.20604855884593,6.12351278517408,4.26748580640351,5.09782980296076,5.48286152530979,2.67159263708695,2.99415330135539,5.05362449193955,4.1522856595237,4.06146113027647,3.08118168914398,3.33697198884063,2.35891833846374,0.62675116071622,6.00419078289771,3.74000236214511,5.47543541277903,2.2577115347295,3.64868790899524,3.02777588123557,3.92248296610226,2.07050715116829,1.65415191181731,2.8307723742002,4.56400518613314,8.45519953506025,-0.713605079850629,0.102520194127343,4.90042980715782,1.49445975305762,2.20982833513212,2.32894503686156,1.2912409801017,4.01642601312986,2.06155357682735,2.02175155865644,-0.0485658087235805,3.97444552012205,1.90387755140622,3.91754525094737,0.263802640483112,7.09604152412568,2.87434075515328,2.25228652815607,6.80389675133665,6.6557427071916,1.67473634040059,0.441929128778457,3.41884236448942,3.87689274173639,4.23997134991843,6.35241159249025,1.20683772110961,0.738604962899251,5.50614102383394,-1.03013108705023,0.655697790674725,2.35591842857241,2.82086601156788,2.19386259212369,1.17389179206594,1.98883498083368,4.78819292965235,4.74523336835225,6.02269365247322,5.52007489910144,0.430720207249328,4.27977981236264,2.85827078022523,1.89430514122276,-0.86414706277588,1.5513262629957,1.46973473045663,1.69723403055424,4.4865543342382,6.42963215462781,1.18968823591482,-0.153406703606468,6.37393902471885,4.79743241903621,3.22976508835265,-2.335824418459,2.61642019277481,5.55154496152206,5.39807847386822,5.97976936855238,3.92492222402713,3.76136271919565,2.01226617264259,2.59877573478274,1.66028449352043,2.06887893812904,6.95625388161452,5.3479219713211,2.25126217771708,3.51540911081433,3.41702869590921,4.05823398902182,3.47219430629141,3.0128490780383,5.9819255120432,4.2941527068896,2.59437444900367,2.30222762691392,1.02509834955618,7.90681327751062,1.32440970023521,2.90958711144171,2.53709378356596,1.8478142051273,2.84380455432335,7.40457952011482,1.15048563473067,0.25537650985277,2.2391706215444,6.16215694348366,0.619507112950203,0.272301672856663,7.04634805459399,2.64557586774198,1.33397786181036,2.44167483167098,1.84980442893783,2.05703849064461,-1.71075843402398,-0.0921598384259146,3.32057578808951,2.89618175133168,7.45009949358405,5.13038664499935,1.39084268764442,2.75568716327096,1.98424638425805,7.15459246334254,5.02180571002669,4.11718316062305,1.06577832053055,3.32044706122899,3.46072595070005,2.45185696942999,0.248582499417157,6.19465099000328,1.42414976649099,1.30576494575155,5.02302519967567,3.09964717508288,2.33287643859638,2.07170189513157,3.17956985321097,3.59622662365539,4.43118780551116,2.40706237806715,3.55671956068771,4.3168222617101,1.5513124676364,3.94645529572777,4.80350483564091,0.0588016665468012,4.87696603334442,1.51536451274746,1.43172512177585,6.05340792640763,5.88394241174766,2.80094472192364,3.68553087257677,2.40051527980253,5.03293361788232,5.31717478321494,3.42268191022313,1.77942366349196,0.270893264921716,2.11697242573913,4.73770855520035,4.35260109960599,4.50196614146042,3.45399987817272,5.66473363287375,5.18440060663161,3.43422729763522,0.0643467798528312,6.83325292441653,2.06466844854783,0.983984181195865,3.49287401079042,5.21757739271606,4.92182005164371,4.03881038010998,4.96780540013695,3.1321867147015,4.80869577913426,3.35883692175729,2.11321832249713,4.6608354996194,4.29505052153594,4.66434534901297,1.60867736448938,0.735505569544217,6.07357190556093,-0.194819833390075,-2.3226195101021,4.06592455538629,5.13575162926838,4.64198662232087,2.25580109706354,3.22588910150239,3.13626374874252,3.63937122260761,2.5612562911263,-0.119453831831779,4.08375488180424,3.13655789122225,0.870998981718895,-0.0355494497063495,5.07522613756023,2.06260317279546,2.75339379935329,1.49814010213256,6.08122105399254,2.15965556725047,2.00307315133441,2.23108630498171,3.79984949010609,3.48957200340777,3.30051312924454,-0.272633780657223,1.04245466910296,3.14130560597591,2.02523388006221,0.447502465370331,0.251030924298405,1.72629119422826,3.48662714443642,2.6542188758813,3.27616126663001,5.62617815177156,4.9193405660188,2.81051709621025,-0.588774451738769,6.54381011943292,3.10243947228669,3.91859845813435,4.54089297216696,0.436201809215111,2.43468680935563,1.54961017845308,1.22124424862561,4.26279231299414,3.58520694436368,3.12863799502562,5.54091370375468,4.13728622134626,0.666395516416415,0.400495875524401,0.363149277297179,1.21825002337462,-0.252170046248848,3.64150153775441,4.5854465678433,0.0512092608017678,0.820566217230204,6.20445501532693,3.24593601389588,0.495745949974192,6.60177787304101,2.22208566004839,2.59209418518781,3.56880879650721,5.92632300624776,4.37317223940204,0.119705211248346,2.00016848339894,2.35037763045499,5.75688987664053,3.49479376397004,-0.538135361034827,-0.695756053660287,3.91763431992999,3.55982198939191,0.463924195238275,4.44157302929107,2.00802468341673,5.41369088395309,2.71125142762556,3.62135154784695,1.62025319749463,5.33183276516582,2.06642711327567,4.26981169500334,6.5751830882444,4.52240929164494,2.50060248825126,5.17848093070574,3.82669551702517,1.54689283121932,5.47527626520376,1.88542673663621,2.83902187298028,4.37496465301053,2.01025875918669,7.06281810429181,4.33597294637789,-0.46767927616688,3.32746116257675,4.35337361310217,4.82124839850103,3.89043860315584,6.35093538613548,2.70595413004771,4.69419498758841,5.36738276519131,6.48072761527755,3.03584618932926,0.846563617025593,4.88791932699924,4.10023740389566,0.737917012914964,5.78404165431825,6.87426140366183,5.79643817764635,1.42653514783319,4.69433748654738,3.6800465247088,5.72344006164596,4.31334016728482,3.54218072505261,4.59130639347113,7.8877490079467,3.79583061605297,3.40674665732255,3.77018909197671,0.771613703621341,3.01865831701037,8.32383176462719,2.9206273809212,-1.83764992451987,3.59684023565947,-1.73938431360755,3.83395922586669,-1.87323311949122,1.69074591159547,1.94933504506723,0.820874097594586,2.23973744955862,4.65192514560874,2.72375466173064,2.94728883975383,2.98570590037526,0.814212116200825,3.03086719288857,1.8367374442495,3.45753325545397,3.58194054671735,2.69563492154959,4.02941200805434,4.11182539663402,0.2391187640888,6.88139425777657,4.28954274463892,-1.03003833654816,2.83237418839329,4.53557825440065,2.17328963074931,1.74092060292493,1.38165205358629,5.50925829123307,4.3255767654967,6.04926937863281,2.27382921965393,7.01700902728941,2.62213599966185,0.919143631787753,4.28597071151817,3.01732516224626,1.30715316700266,2.79697862100232,0.792831455910247,4.16295735641775,6.84699603596087,-0.75938930561514,2.52782779987717,7.66141271670532,2.25866635983101,2.88366608005274,3.05168222891674,5.36301547295067,5.06870324182452,4.92224065484441,-3.25179772026772,0.390806659858085,-2.00904951602972,-1.25370556659192,1.36827289241008,-2.83297249418985,-3.16453685929409,-1.80858919534258,1.86897316880725,-2.20082103420972,-0.678162300283787,0.486245148181227,-1.06899587081741,-2.46095348817237,-1.75862001327209,-1.17041522726773,1.36375642606947,1.88662632260878,0.063183364121504,-3.70224686577818,-0.523414970731391,-5.21248005905726,0.77115807918099,-3.39338644010014,0.743325390541878,0.0640417385475951,1.51089677470324,-5.69452876034354,0.441355841562168,-0.594447723202669,-0.991515387397937,-3.85578667126888,-1.23362315699136,-2.12210429940437,-0.253451571213633,0.339224992577732,-0.994787652313626,-2.57369028021053,0.577658014797395,-2.49450854541342,0.217290403594951,-2.82100370325862,1.74110579150802,-2.87315833497733,-0.651537113170022,-2.97648868074206,-7.25324794693263,-3.87161045825588,-1.44309211153553,-6.41875230318839,-0.617933236949552,-1.63050491445339,-0.190073124473103,1.3239184715636,0.977028657395341,-2.29604376496518,-0.462920309015335,1.08777544330194,-3.45863000051517,1.09800359939311,1.50576699311692,1.41592679248564,0.68691806182711,-1.1537961287385,-1.0871784949897,2.62469941427161,-0.0877586073937916,-0.564297288432872,1.39992528693779,-1.27195976338837,0.356220802200292,0.0289871703001583,-1.02930051202836,-1.00297535942144,2.65509796872541,0.499304283392629,-1.28964670556007,-0.756994593487694,-3.6166203305673,-0.829859674727658,1.94343429868259,-2.16338316713273,-2.23336108958789,2.12098514785312,2.10217330512249,-1.74468524319235,-0.961669667320483,0.6512580766338,1.94012754444672,-0.458975058736041,-1.0254026983641,-5.50615425519287,0.449129327228498,1.95087728751565,2.37034668207325,-2.53870629934973,0.580050410298417,-0.803754007001519,-2.04400560482359,1.81368211375947,0.336244659526571,1.57972560762812,4.17775431261566,-4.54473063803585,-1.33442065820235,-3.01792521642292,1.83414714881445,-4.39640836806598,-3.21302801068997,-0.423089111911446,-0.91057014892845,-2.17941662650501,2.11503653044748,-0.496586782907969,1.59353606795505,2.13717482472442,-2.42203202436137,1.62466812581959,-0.389950068951363,-2.36053388782176,-5.17567035607779,0.70070900394985,0.294076474997835,1.40617339964791,-0.424419458145999,-2.13859795267913,-1.29993980718826,-0.589641623150669,-2.11532924604083,-2.48827076130827,-1.83256187928417,-4.08159559260237,0.61016547554632,-5.49147189281928,-2.39760299536523,-2.56336242404085,1.22605879998779,0.0774789230825155,-2.18361395678266,-1.78876861395598,0.493393142296509,-0.209571652139802,-1.73416802808862,1.78040061091694,-2.81445899532893,-2.83949399931,-1.76659144924657,1.69529228086983,-0.555471470631245,-2.89386256288456,-2.44517249004215,0.395469138703947,-3.91981463297929,-3.33810582398098,-0.888671631772976,2.45221736938727,-1.82203461173872,-1.55852884395691,-2.11776612910455,-3.81647367850768,-1.27135484382078,-1.34656662698469,-0.776582402966412,0.0992535849123457,-1.46059023863705,-1.74238254511677,-0.722921164809948,-1.93476759020097,-1.97570687736638,-2.69105974015661,1.62163992567557,-0.262280988036241,-0.529071708581651,-3.6968834782563,-2.39612482590037,-0.135970067471956,-0.34066086694679,-0.359077907718229,-0.607835331506047,-0.959635126424091,-1.08964735665644,-2.02457048610294,-4.17464981205779,-0.569601140388091,0.80264959710904,-0.414229332683822,-0.0663726761844572,-0.322448294430283,0.458319564177454,-2.12591298604736,-2.40120113062337,3.30846248545976,-1.03108879583781,-2.77617377109349,-1.46363543191193,-2.0089193855739,-0.74731745280225,-1.62453067456135,-2.84589972560978,-3.70437553240611,-0.848527582100496,-0.584037144374818,-0.426083524920696,0.00983452241003802,-5.41669204492132,-1.55279747003124,-2.49785897223227,2.95234000553024,0.781823625429227,0.269012419226692,0.257615554595193,-1.05451720968516
"78",0.0133574069098636,3.03095554442408,2.68826256611769,-0.583193315242718,4.45305100472765,1.96401952963042,-1.53835964924613,6.06992787253142,2.42543311568865,3.93904110187123,4.19019112400236,0.721910418234958,1.49884449083516,3.17259477840065,2.04603710356321,4.88871194519443,0.823813681466643,-1.75119481515386,3.14745232933303,0.178822573372943,4.59940075717107,5.72156557512936,4.40258918829494,3.55475548392983,3.55126153628229,3.92516303860484,3.48187297587545,3.59361352567991,5.72139944761533,2.61670665735452,3.09241339256729,1.19865240197527,6.83553565003056,1.50142683108965,1.21542708216695,4.76901441471009,3.09874952818831,-0.0871277889541333,-0.129227955379862,6.32594092946354,3.84275958395783,4.63685266185882,4.7918230760818,5.26250316582669,5.06677743206468,0.469606714659165,1.28201872888057,2.68553300654844,3.25835678656679,3.8943557543442,4.45732502516066,3.19586583159023,2.74730870040452,1.54227583705155,5.56832817389106,3.17137039586371,2.81736362689642,2.94810427110584,2.99363270841331,4.82753230044237,0.161256806140157,4.30210933841837,5.93370707374722,4.08555925907354,2.09785968162145,2.2712654015411,2.332436286338,3.95908836916745,-2.33465682891312,3.74844998724709,3.32343142498397,3.45449717722339,2.22733144655757,4.83311816952785,4.40806579161829,6.88680972264276,3.6998220918449,0.612759615692788,3.92615122069289,5.33813420278104,2.74811510004079,-0.2550414435173,4.53262518350716,3.19459521726294,1.52963852690042,2.88511927983786,7.00304846695714,3.44270405470519,7.67064102558767,5.59935481093455,2.7050689443746,5.12417229202975,1.27027128617396,1.49156125583481,0.261744374110696,4.43610223570389,-0.695173640845359,-0.389752515772039,5.69502779418919,2.57301800032803,3.2086976055362,3.4828624727937,3.51805736171258,3.34693691810899,4.12064945267859,0.562691233798155,6.56518836299753,3.42691224018567,4.08290984589092,2.37611631344475,6.12488618809641,5.46506689751736,2.19818909863684,5.43693288168617,0.905998758284278,3.02310917978291,3.20901879865119,2.36716057552153,4.9962236533157,2.52792086329091,2.76074127790204,3.89989104897521,0.204426132674719,1.29495990525378,3.86017846636145,1.05866181790497,-1.70146390148058,1.89497560414058,-0.290183015943525,6.13758333963076,6.00859954782692,4.54483615738941,2.05823320891618,4.50027430933815,1.91659452214194,4.99351526437136,-0.245259824921574,7.39465709362735,-1.13395667328114,2.89456181091116,1.95603376502984,3.57586147342439,2.2903173650762,2.46311819365374,1.62377920829438,2.33097973833899,2.55008456664403,1.4568900977033,1.93322602771285,4.93000100146752,1.23537544163447,4.35196157567406,5.71335185153793,4.31601748907085,0.500214134981801,2.27568422444267,2.36226031233135,2.49249645579597,0.415021272859106,2.58966286374604,2.6011901233388,8.16970465506281,3.91009217097577,2.49460267421538,6.2653588140229,4.04455522720632,3.21749768088649,0.316290679598457,2.87472355282924,1.38728485427009,3.23656774019953,-0.853732940911246,3.02115105051889,2.81252127998597,0.86199402392854,1.8277891117455,3.85964663549202,1.5154608080942,5.74171772521609,2.62768361317708,0.798077385746129,0.245942750801195,2.82504793795478,-0.194460698075932,4.87886008383263,1.74048861757462,2.013441788105,5.75461226677073,0.90339110860737,-0.39657784602947,1.05810336337075,4.34273118930497,1.79159897014638,2.11523662070271,2.70909585743141,4.32417398493563,1.47492461123519,-1.05735878829401,-0.383383457735042,0.955935786450013,0.688801877913416,-0.275205002923812,-1.60701143025619,-2.00051031714847,-0.871551235078711,0.146585378969328,-2.48596857602626,-3.42690895156843,-2.15734676984055,-1.05342051021598,-0.695945238928405,-6.30830317629028,-2.87647906483514,-3.02260451499412,-2.5301223959982,-3.13193749176075,-2.42668431138005,-5.25165760724546,-3.34917303909118,-5.77143528381396,-3.65334726748258,0.708854074403152,-4.44977168666688,-1.66838617000845,0.134803721239436,-1.76737973682448,-2.12793727239809,-1.77219370199914,-2.42761044886772,1.5741976837637,-1.77451281522482,0.56394143874857,-3.99432707366849,-1.02153687057541,-1.76713851137101,-3.12026035985846,1.25095132721792,-4.29902110935529,-0.283635209101908,-4.1179383504775,-1.42967947230616,3.84021079747194,-1.63887840114341,-2.31946791481786,-0.449701132432473,1.61753865297128,-0.24474656601682,1.41608788392035,-2.984140566362,0.79605547069119,-2.61323029543738,-0.412488213821601,0.975780540136112,-2.60865649058084,-0.728353072187975,-0.568107189396902,-2.27494250032656,0.364660589372737,2.14738582716439,-1.47273362689569,0.374807251014956,-0.012213362751479,0.0310166240259091,-1.17300868417512,-0.471163751517843,-0.581814880667654,0.563640673544801,-1.59750341831392,-0.335130973598771,-0.143283661721692,-4.79623768984711,-3.21416381319027,-4.06454088671946,-0.172646819182553,-0.395567889487878,-1.50725118941085,-1.7328594329112,-1.21519050403936,-2.26044710673878,1.58429894030856,-0.799669416583563,0.95124528356218,-0.679652674809646,-0.995437384422707,-0.210822555181886,-3.77365242255025,-0.0268563227818522,-2.15692996309014,-0.107953938547874,-4.16295641571772,0.340022872625071,1.23742163460215,-0.578799574478524,-2.82955308825889,2.74302545040624,-2.19736860617734,-0.295812410566513,5.08052775347241,-0.284868201852008,-2.18870865505258,-0.0573958949570315,2.43113408100346,0.402324730056581,-2.11860163893811,-0.990739303546232,2.22225077456252,0.659886795852839,-3.19864691447803,-0.554592148192223,-1.49830722914985,-0.784585634567878,-0.297513222718886,4.21626162826684,-0.976358136059881,-2.71906081028129,-1.10411346022424,-1.61572916906795,2.36471576620427,-1.38192827432183,1.8374693833739,-4.73559579539476,2.21650369859753,-2.07686001788714,0.65448145228267,-2.62477119791157,-0.0217396113443757,0.563655382169402,0.751819357853986,-3.75737234380464,-0.509985740774504,-2.8342213439734,-2.27129993850608,-1.3947969997446,-0.494007139074706,-2.99143331733033,1.08211993599502,-0.564174130836125,-0.595248914918326,-4.46915410289074,-1.5693289134538,-3.74426064001201,1.00702080157027,-2.35293075539585,0.67046430576432,-0.354988234053357,0.88910542589631,-2.37324444408279,-1.28058460107848,-2.70265270261108,0.458570440473508,3.47460232076192,1.25734434868361,-0.0390645055814709,-1.21409835587046,-1.32639872653451,-5.83942246645943,0.408505547339438,-1.70087260865568,-1.48167924370721,-1.03608674231954,-3.61142128833754,-2.61114510799017,2.1405707368794,-2.80149995655432,-1.98280554180981,-1.89078716564278,-3.56554195786194,-1.0482167963622,-0.542909415928416,0.262579401687499,-2.10091452493786,0.0134395057879719,-2.13350621397093,-0.456154015528091,-0.780931992689043,3.57864026202028,0.655958368123953,2.06812783159977,2.51134814337154,2.98845360875288,1.62775354799845,1.58287969235358,-3.2568913574205,-2.77271242050588,1.93072481456694,-0.420308736619861,2.90791879712514,-1.92807322708835,1.06541649655024,-1.92060592692977,-4.94100907125468,-0.644290404594322,-1.04694137343011,0.515544806002654,3.65849721228361,-2.83952369453822,-0.139971122787664,-3.69487408586998,-3.70688054672252,-3.22154998388228,-4.22564939664388,0.858746353189819,-2.00347101816274,0.399467802070075,-1.6467389603235,-1.32782815444268,-1.12859744541721,0.290115203411783,-0.0952745349682484,-0.724011759341529,-3.1581677405049,-1.1342843231393,0.301196503660681,-2.44430084941829,0.440544378488193,0.815724320820093,-0.45905455040619,-0.918130606197837,1.64315746969738,-3.38076734729283,-3.34433086109074,-0.464784656271584,1.10979848658653,2.18765836426154,-2.4711628865569,-2.28392272453036,2.84903071746437,0.277835945825971,0.590498102319432,-3.42356502082083,-2.05172294112882,-2.56967330082358,-0.726776915378371,1.97816829997474,-1.17580029207372,0.509208963955891,-2.77669266124585,-2.8026914140019,1.35176227189384,1.01695789604978,-0.569459193829809,-0.18384035488607,-2.89813800173552,2.60123024478268,-1.07336260308323,-1.3899145101704,-3.00103629137097,-2.19659178415552,-2.4436948045064,-0.330752865514874,2.09914238224767,-1.93333295476188,0.110284538067628,4.83803914329349,-1.20574728020076,-0.130598139925194,4.42003229687214,-7.46779601840006,-2.77612932547208,-1.79681099376117,-2.48785568250288,-3.36367140055445,1.27048122636105,0.33434630798677,-1.27065002457508,-2.97355802173359,-3.47207786336314,-3.95301912498031,-2.58738575927005,0.200590534423989,0.907527689546335,-4.00218640372827,2.22704529892239,-2.78312054217026,-1.81200248472593,-2.05510395490363,-5.85017583534775,0.758890232740354,-0.651435608080152,-2.77208643292,-2.42210529114211,1.25483399660769,1.94281890772578,-1.39435818406257,-0.890589268211076,-1.92892629788918,-1.1741015751756,-2.46762144085569,0.811345937661486,-1.4259232391393,-3.14722397157435,1.7831239073729,-0.932566168710394,0.98135546063792,-1.88902519241334,2.60352767655953,-1.96987865181651,-0.112271014308123,-1.55312324798367,-1.47790134394074,-2.5161805626747,-4.62979771365894,-2.24205905437493,0.682590151394681,0.353961784490368,-1.75042977020062,3.91689238540369,-5.60794324321138,-2.02880812484201,3.14404310702204,-2.81936570417144,-0.375576738558017,-0.188790431734586,-3.50823062370002,-2.49509553581235,-0.864067177473479,2.50784239984062,-0.938442725875997,-3.32215549578769,1.88099207425273,0.310058081331059,-2.39394660574123,1.04713156522225,4.21660293346612,-1.64399830269896,-0.888639498151181,-2.44937566184659,-0.722452396029892,-1.01695998721556,2.92134299036049,-0.37327731459009,0.797165521029187,-4.86623061799282,-4.41136918984041,-3.09700413854781,-1.54682519520491,-3.58258637903713,2.582060376728,-1.74226436976401,-2.87627280930776,0.0837228487370725,-1.72119772024692,-2.96649003665004,0.510985076956197,0.441312727257314,-3.97278361402563,-1.13098164995701,-0.974563452422485,-0.795121034138441,-3.75887471543915,-1.11375640475715,-2.13632676027264,-4.38806399134605,-3.15993129307944,-5.66734994729679,-2.53610604634589,-3.98810151254603,-1.0246811076644,-0.042713402859186,-1.43229996358873,1.7943147922448,0.658039170684555,0.180926199136848,-0.3307372237339,-3.81335002899858,-0.606660831577925,-2.07184923687028,-2.66445932552009,-2.71793603010517,-2.03173822421181,0.170247815204019,0.512906057350433,-1.8916382075206,-0.229529640258075,-2.6973825200103,2.10524349061884,-1.46394060338658,-2.5765923723572,0.034735708135663,0.45388341840752,0.690817059548116,-1.82609513853504,1.64694413007135,0.667974213593502,-4.01387531416774,-1.54922606977963,-0.34896393746066,-0.702587378216387,-2.8753741541009,-4.43092590639727,-2.04649087315433,-5.96780113172989,-0.440719539396127,-2.30206709900152,2.02697855944559,-0.41287221543518,-1.06674965871565,0.521340165242353,-2.37340188360019,1.24909964723876,-4.0539698281643,-2.07872307028231,-4.47431241458178,-1.03752576361042,-2.3510408072585,-0.107741929978438,-6.30207715430886,-2.52298141743633,-1.4876866430424,4.07569860384683,-1.79237456070469,-0.384629035438002,-2.79766062563676,-0.322056747800722,-1.57019681991752,2.83768205725924,-2.14697665150287,-2.04859950506241,2.41733404028629,-1.57916982761186,-3.92344401101401,-0.703552015819237,3.21666781469738,-3.3455867348503,0.281293658663594,-2.14545021033538,-4.89843554748261,-1.3125023651235,-0.626365802853529,-0.627095005881698,1.30795520156608,-0.585740355641595,-1.0852189231098,-1.25296909903546,0.0325798678557749,-0.11019563769999,-1.95388725186955,1.37583067564988,1.00271159951217,3.04697424605707,-0.861047966270485,0.0642368514883584,-3.74865234176033,-0.959033776483331,5.60554050681653,-3.04938253836914,1.84569828494675,-0.652174827266976,-2.84172296207324,0.0138056363671528,-1.47622443352806,0.867899122774593,-2.37909725923255,-0.0880565720113576,-4.29128407505657,-2.59201735238173,-1.89745379423635,1.26164591621409,-2.66606841196423,2.92377087322407,0.258328745043796,-0.938351952010793,-0.52318855540503,-2.00082820977344,-1.26371041939424,1.57852719148696,-0.923237804914188,3.47553726509428,-2.7389228638046,1.27853506872122,-3.14856057729084,0.442080086000441,0.498812010794699,0.807362799484624,-3.69203114641628,0.531589720341191,-1.36913443068627,-5.7822267464052,-1.45697142852179,-1.70381898230273,-0.878977444894062,-5.75398705328604,-2.15413302406891,-1.3557527568022,-2.40428678889444,-1.40755804164159,-5.19849012667826,-0.696522837814328,1.78646603780755,-0.545183257626118,-0.0227848212581604,-0.124990584357522,-2.2121136224174,-2.0475974156906,-1.50867134390842,-0.55617286782666,-0.188219239203009,-1.23171984084541,-1.23533836582944,-0.87960446397042,0.311645606012668,-0.820357530810539,-2.18716058532762,-2.1471368286328,0.684695326101585,-1.01163414218455,-2.69697138681973,0.74200439463276,-0.361912743889759,-0.128706297284699,-1.60796100345217,-0.455757393244613,-1.84343604520645,-1.21539449420616,-2.30079887605391,0.966583984676897,2.23186472405368,2.01725399443562,-0.259763640411932,0.580260116531048
"79",0.760023897375953,4.286538872588,4.22205662578341,5.68568461836187,-0.55029834487784,2.76052882810364,2.22581200712336,3.90266079297854,3.49291538774506,2.84811627574844,7.02656345247118,2.29449495395475,3.21520262247691,3.74683421159429,3.15873367454687,0.980908044953752,3.23427271980722,0.535534062768006,0.931000898784797,2.81232926272821,2.12414343324656,2.53016904377212,2.27914890903109,2.66207221128779,3.05513723081608,1.87499471153297,1.44814249369935,0.314420243964222,1.20027391482047,3.99665106435949,0.406106064267406,5.01322989771007,4.53415619571333,1.34838934051503,5.67021205761648,0.35619822659938,0.89928659664089,5.14869352481302,3.01561123951258,1.85231573914322,4.46709447322225,4.75851100574317,3.84740495573429,2.52651500677685,3.20459474951741,7.36622363004466,-0.675781832783185,2.86761723747118,4.2331881611551,3.6184140038045,1.7395174844606,5.40350406926683,4.08468633541393,3.38732651341798,1.89192006368951,1.39252405080609,3.39103961988824,3.88645354076297,1.50734646362205,4.03042591254652,1.90288495111225,3.23913435814992,3.00081085540049,3.15645624404693,5.2852073221795,8.07586467982345,2.58038040315287,1.7450624426729,4.08426933791275,2.50678441017236,4.25000266619172,3.14213739011623,3.98483805605813,1.73483424234428,4.77485170604538,3.84670103486795,0.825324658752307,3.57403707850438,8.93977386399122,2.87978614314312,5.42557195290333,7.11350419785932,2.14211071971162,3.84665000760147,0.710113640177081,3.15049377798388,0.775687258722741,2.86408919974428,1.32508821259327,2.43822235856417,4.7594681843554,7.81391005049132,0.665834630287597,3.46962022140842,2.85146629538717,3.78678189928124,4.79396295998495,3.31454906045132,0.550377254619857,-0.0990558427146468,3.4193285043046,4.51441567683591,5.65131797575908,1.48639384427786,4.53442524020339,2.94827160141781,1.9479008944308,5.22863100860084,4.8032024674542,5.76297064149069,5.27314853128003,2.45462795584235,2.00387664290542,1.55549823891832,0.724791594550582,-1.21689756410751,3.63220542363212,6.38882649333694,2.01604306782649,4.26838485077667,0.384866397286451,5.8127123277778,5.84460085778512,5.0244872565287,6.30504169358588,4.35646826645528,1.67109559122813,4.90128427721688,4.09257329126501,3.33858687070358,1.37881419657113,4.09112628707329,2.68494127594598,0.440489261417316,-0.546806961310776,1.45766614102224,4.39702281203324,2.30670331874987,0.221564988352358,2.4279265230957,3.49218272539072,2.08476603683687,0.400530182587898,5.16805070895457,-1.80811365331815,4.6428703060511,5.86758158215798,2.37858327357972,5.96116830499435,1.89738316350665,1.06986725173232,1.65756056089136,1.54845748447851,4.23193231254344,2.6337112433203,0.710719653136894,0.00676540489885991,2.52781246031003,4.47792105907704,1.85020510351813,4.10296225409087,4.04627124785474,3.60406934457981,3.46741785475094,1.58895525991218,2.1584216996347,3.81844150597232,8.12086157397308,3.48453710122435,-0.847269078337221,-1.43716150161668,2.28892237307916,3.92646375674595,5.97956630968159,4.09190727716554,0.742082414183011,6.70765147653204,5.4450169662023,1.69683390967893,3.96292673681577,6.49017620757359,2.36329821335118,-0.0468929675996739,4.45352354049368,2.28566428971508,5.3067985189756,1.99362807368755,0.348425821446733,0.143426111295974,2.77249493102742,4.9344224783275,6.40698436381897,3.38475026986673,5.06843822562273,2.51055423341142,5.38696397595326,0.665226940621029,1.00273466799532,1.88219742537406,3.56171093276128,3.15432913701609,4.10978020795517,4.81625204000976,0.477513671619916,2.03923087508961,-0.179218932278316,3.93357410412408,5.34431539636771,1.82638479154249,-0.418390718868983,1.93318221989196,8.76771449371183,4.5595888311409,2.69406416657337,1.87323253566806,3.63625044500424,5.97446797945551,5.22921906885998,2.82961995368502,2.12763291198069,0.536929751101904,5.03846411796207,1.31832591565402,4.86387391271194,2.9491500421184,3.52973379050916,4.03994303393804,7.02603992431635,2.55837087258736,1.17007343316641,6.41147942880528,4.810321143137,4.53263899328488,4.2380855168426,1.48890005871422,3.57261872784674,4.50128425499872,1.65236323068608,1.35433873230467,1.35269292359839,2.1070100076321,3.17684361334007,0.803207153583118,5.31176148228481,4.97332180639639,2.65444605935515,4.2215481164437,3.71611728071642,3.07913279713578,4.56898161829404,1.96618874117343,5.52199148802944,3.76689052520944,5.81379116001723,3.08208845917674,6.06332704407429,0.370733923804826,4.52611024210407,2.99430594747659,-0.837452580409363,3.28586565644432,3.27884936913759,2.53690704254854,6.08037043795681,2.45876539211924,2.07952123537089,-0.0808349572941678,1.34084977260574,1.29660026460923,2.72915008189864,3.9445069813222,1.46929459799572,4.01636811034401,2.35235190133853,-0.332567015307729,2.67485663937123,3.96208507768975,5.23485616733536,3.72704695703664,1.58937276971629,4.89692693426074,1.62642056087502,4.67113413057518,6.25920936009805,3.29368440019049,3.52767381840751,1.35079586225405,3.56382728685307,3.37181005151401,3.73621147459632,4.78837102590934,5.03654990274515,3.59845340611004,5.27054038104928,3.35082221760782,4.67351581920808,3.41202196950918,4.68725545267607,4.95233092982108,2.43997177576817,4.1545401833505,-0.806126081643842,1.90840892634885,7.73006715598373,3.99355015881425,2.36901414849041,-0.922177628132388,1.51869334903169,1.73249763179206,0.661085754074028,0.590508712715642,-2.49798761615477,0.438985596949214,-4.41425989320579,-0.237891418796151,-1.71128373351649,-0.0122910832115484,-0.599947231956551,-2.30931423745692,0.957878617549507,0.492218961650242,-1.7637353427869,0.02358668224022,-3.98427931600158,-1.51857311700288,-1.93786201064399,1.59313465277973,-0.476492949477642,-1.09116470699781,0.440930090057831,-0.226366050733958,-2.39088150833504,-1.91573719817389,-2.92182043743865,1.09261943128153,-3.04260647781763,-0.822973275176025,-5.13938917932734,-2.40596989919031,-1.15273495111659,-1.99794067876624,-3.2238478474269,-4.1603010363485,-0.309505052579419,-1.62272191472404,0.688975029432169,-1.36494114339397,-4.57381123789498,-2.13770925397748,-4.53968890435328,0.756771042958655,-0.727258169030404,-2.85770700403779,0.442065253576144,-3.21324525810364,3.77547102695844,1.98792134622197,1.86208500648694,0.777074290328238,-1.77731308040754,-3.63168490529597,-0.800069597807555,-0.255292667400909,0.0767276472686425,-0.194994126034366,-4.02482159718055,0.886677053249462,-0.634773901113736,-1.49412600936398,1.5706805231606,-1.08076723933663,-1.59527364351483,-1.55935942304638,2.74865880555468,-2.26337478550564,-0.951706375220533,-0.28624213096846,-0.322518760483862,-3.24178778778683,-0.820216575335996,-0.0857739139006248,-6.66494268369568,-1.18376191468813,-0.370809559516749,-1.03773703215437,-1.82673778937227,1.59682524591386,-1.95410753460875,0.70048196269968,-0.332708438455328,-4.17753556795213,-2.46995755517665,-2.50009628370842,0.177946707484935,-1.03095940741223,2.42700964599436,1.56111060570272,-1.79401018549199,-0.577179949312664,0.399756808194089,-1.17707159843889,-2.75598035112329,-4.69949522141255,-3.31313204815171,-1.02637012792602,2.28727318908125,-1.07739294399749,-0.492111129607855,-0.180441458321387,1.44951757925803,-3.91964580915654,0.630500342792154,-1.11253883405047,-1.3420990894762,-1.41139659603066,0.23147056745832,0.232142362276473,-1.46771908367923,-2.16159045102195,0.307900542808841,2.56077496590109,-4.57775032469401,2.03402971650801,-0.320660910483696,0.164138008607576,0.942567949574294,-1.23650831374782,-1.24550071594008,-6.21540795665957,-1.0102702045096,0.548383572659324,-1.05025604309732,-3.41855485611611,-2.81204745936336,-3.16600419062316,0.445914907709008,1.65918469663197,-1.71306331116408,1.81156426898711,-1.34596090928835,-2.3717869899818,-2.18393163354939,-2.23458764477525,-3.87683038373192,-1.37414836325524,-0.436844182169918,1.0810353745512,-1.48463721757592,1.26543405439163,0.00517563410244448,-2.14967175251047,-0.966852010089354,-1.61090321658427,-1.19551936701344,-1.08102831730141,-0.634253479912929,-0.507400362905121,-4.17478286189846,-0.437879158998301,0.179058828405051,1.62304560592881,1.42941111127502,-2.10537271181034,-2.72184875295338,-1.69042564775439,-3.33293787309098,-0.266998910982529,-4.10472471146179,-1.21785260864993,1.12479358565714,-0.29195569857098,0.476362213230904,-3.6957237319359,-0.49045995805461,-2.16993744484206,-0.1603900563961,-0.140389614521251,-4.52770584532149,-0.644972253142668,-1.8995980297815,-1.64415021819757,-1.89549745986185,-1.36967199819852,-2.99208040788603,-6.00739972724316,-4.45830552187997,-0.00315039160225705,-0.371237938257383,-1.77674538485316,-2.16526105691963,-1.29055135656998,-0.749690403543109,-2.59093726285686,-4.06809141581462,-3.65035010377793,-1.8638737623208,-4.16956953075494,-5.45445249386211,-3.72768145136148,-1.32934768650717,-3.24130089286993,-2.41465046689171,1.20112602233425,-1.55208066046467,0.150436940724366,-2.55159284582767,-2.32636163490845,0.478712977860901,-1.19367057654957,-0.531616728686054,-2.17173473890788,-1.54215948327288,-0.813105000319313,2.60926263617979,-1.89581382990484,3.98386087086389,-2.66479007957627,0.677303375202839,-0.138558813883022,-0.0387502586672015,-3.90427202079161,0.939250026438569,-2.83252046438322,-0.612258090285705,-1.5210441760417,3.47748256245795,-0.424306205584377,-4.6979664253979,-2.37989939344741,0.0728246056130875,-0.55729863109824,1.2889138008513,0.134886427001108,2.28671579919574,1.06268167687431,-1.5380229262356,-2.86163902743842,1.993645853146,1.82315699182633,0.451303353352281,-1.75593526374246,1.28064404989429,-1.20438467962878,-1.55649274954905,1.91985421931628,-3.10003549902054,-1.14217117101099,-3.7457943203552,0.28574304132893,1.48877966428332,-0.401680561399155,-2.47498494854718,-2.34346526259558,0.802152418336008,1.11938057234082,-0.876739947809038,-5.8594964765635,0.118115879004808,-2.27542759872268,-1.52548495982742,-1.98068091185953,0.128100523372506,1.62773365126299,-1.63195497280646,-0.116213605106021,1.53631556762554,-3.15806875092316,1.18782894449521,0.407418469266293,-2.74425931130582,-4.46459635396132,-0.453123384949918,-2.20957285770178,0.267994857826614,1.56245627660143,-1.37500211012644,-1.41766699264089,-2.40710083522417,-1.96690488563894,-0.397633418935363,0.28400365106637,-3.68269741439445,2.1624768297955,-3.47105297417363,-1.13485731920035,-3.6102603605151,-3.84740342873269,-2.02396043428517,-2.17319542818968,0.389446442964879,-3.30223762556737,-0.834746279988973,-0.305496392516521,-2.50240191774592,-1.31886644273443,-4.08033883050167,-0.548913754607127,2.79573829063797,-2.25995088922986,-2.7550934920131,-3.94419927136301,2.8793678522128,1.12516296366763,-1.69171524575307,-2.03995849298606,1.09624469243432,1.03408934604876,0.416081896496263,-1.39841822205503,-3.79874020064684,-5.21155427772952,-3.62853959309313,-3.87716208125475,1.85896145606401,-1.25658189989058,-1.15591018192361,-0.528294303153711,-3.6442512542724,-0.634551044415727,-4.44926187247541,1.08507146579702,-0.93063650131072,-2.21773105948587,0.449924225866551,-0.64861775619859,-1.93421270266391,1.21290070794656,-1.91032962075547,-0.00437684896683199,-0.874953537308879,-2.39571414730332,-1.70631450439469,0.68211829550147,-6.1481674121092,-0.815198992533906,-1.5823225232832,-1.5227994380267,-3.55604104547056,-0.750883651724733,2.08876882851195,-1.33474056426643,-1.35982986979774,3.37367547658203,-0.788602130379514,-1.19883119015915,-1.15562960055735,-4.50874098230651,-0.248033212933347,-0.561148797109286,-4.6062552332028,-1.6259735943833,-0.518590790626498,-1.77670496777348,-0.125255694868978,1.9864532268571,-3.98051384737876,-2.75631042356213,-1.47238666893418,-3.90719473520322,-1.65478439316756,-1.81234528128256,1.20709885687048,-1.64003341641039,-0.0397760181183772,-4.58617914353252,-2.2538592433459,2.12786582942709,-3.73112383808199,1.30453604808183,2.54418091740514,-1.9804921111262,-1.46029301788066,2.49965914523033,-2.84179119572121,-2.55787872902197,-1.718865529095,1.61015040088089,-1.14307879946188,-2.21311997460037,-1.68732127726899,0.854637954465408,-2.42253084255612,0.667526724785698,1.25927143349379,-0.407735252227238,-0.723459099227232,-0.914340523047252,-0.303888589677516,-2.57013955578478,1.05551540248874,0.0597926471692996,-2.7165017887288,-0.466019434247085,1.93641719564516,-0.956138697974917,-0.548398768851151,-1.47179121273173,-0.821525903525053,2.88678116773228,-0.886895009218413,-0.828740081964321,-1.97730181054847,-0.0319383939826651,1.19074237692956,-0.135924464987692,1.72522023404656,-1.21475812421184,0.0681722741131394,-1.40922398974673,-1.20154903745173,-1.4485228882,1.11495420720938,1.07084089219182,-2.78772941581865,-2.18231131404002,-0.941997754243376,-1.00669730586701,-3.4053403671146,-1.14429975009549,-3.07532148542775
"80",6.53587688452389,4.46926438870985,1.34764790071249,2.58635871070404,4.12435286802045,5.17114474922658,2.66664356898331,2.39688184711224,1.00307825930662,0.958698319810114,7.97017197421628,4.90746536974206,2.2705347733989,2.63895224093547,3.61314531726005,0.629870828670544,3.62796277200334,-0.159930434242428,4.92846870347653,4.09979514121463,1.635044992776,4.61379399836805,2.09272587812138,0.911273336842976,-1.35926955647765,0.913037298217829,0.675370098469523,1.85714793329213,2.86275597745749,0.20975400023724,0.556839732105765,6.50310912728767,1.77030065835736,3.17465818208726,2.29614397232124,1.74050459485649,-1.83686891186282,3.03886965074336,-0.089869318039872,-1.09719836432758,3.45564537220763,4.42867593245118,5.16018285562101,3.23308714345009,1.22707873644,7.69733949693328,3.16778051557,1.92880932842358,1.60980783130036,3.87890450074075,2.70169919888766,3.95082920929567,2.8414842228368,0.758983108426513,2.85713608977994,5.46876604020851,5.09170057738769,-0.697141639798569,3.24374563402483,0.465437752793657,5.11969558935597,5.90553243049246,6.79225968072506,4.33540233300442,7.72523302324127,-0.756471500430523,5.41836979121258,-1.47549092143306,4.44548278586158,3.48517872174456,3.93702145828395,-0.365091102234539,1.74601956088463,6.08873505843964,2.7137899306614,2.14435130123517,2.59506674316703,0.989521700988821,0.413991444627751,4.0581575205864,2.2683819554774,3.57721646916899,5.65126295289074,-0.651031727339086,2.41717236137072,-0.870841409566694,0.545391296639218,4.5092735532037,4.24881138540274,6.31411979437372,-0.0264283946166382,3.20852404878747,0.412744945529785,2.50898169145131,5.77863719068348,5.34971320784668,3.02505207060885,8.67047290428659,2.4384183311481,0.840647318820282,3.8749784010678,1.8886119376047,3.50794409751517,7.6004270096174,3.01448890888707,2.0077829033181,1.84964901823919,1.05628917704188,4.72477253516064,4.17499713028306,5.45165063015638,2.10042607108389,1.66765876821697,3.35906801298927,2.71133691680233,8.83485480289594,1.48081082414954,4.03788637204516,-0.4013301183966,2.53917188723012,3.53084089233735,3.19149647592363,0.86097752049552,5.17701124139018,-0.982813971245394,4.76147337125275,3.08520079123225,2.74021629029265,2.57304627989721,1.93892193133459,0.479165174579438,4.0842592567458,3.80274033557139,7.00670144760676,4.76756853467404,2.30899175169422,6.33826307371098,3.61701212152683,4.34920168241785,2.33264746224457,2.69595537792552,0.0723309195944024,2.17649493424697,0.122900928069827,0.899302832242146,3.84838896105948,3.56578558562355,3.47509857231395,4.2887631980829,4.71679995296694,3.18223579573708,2.15181823429835,0.805775829980829,4.21501949006802,1.79216757145385,6.6412048845806,4.7794758566777,4.42534450437049,4.33287231189338,3.29963775321629,3.49912037810313,5.49909354592279,3.50007624805987,4.46664834459193,2.81509628040038,4.01705960080844,1.57255914106729,1.22672791822773,2.86398424605085,0.447770698447317,5.89866493312529,5.35567831942404,2.8897539615143,0.825891172663089,2.84283397314918,5.17221813734891,2.1077775193397,2.81564200583874,5.41034814691883,3.27314034060603,4.58940965025334,-2.29693168909141,5.74666226025484,6.35524556802468,2.64547329699803,-1.29042003310979,7.53275837789057,4.18824457306538,1.73723540615917,4.00859469137667,3.20420269618327,-0.144830333456084,7.46385779206105,3.48379375256737,3.91542412583233,3.83309151275451,5.3745230516367,0.727719481804929,2.26769254487243,0.916512939118805,6.20283211187837,4.34302263352323,4.87957912478606,2.51845675426782,6.70665414148457,5.42322981542547,5.91056234621305,3.51489969963207,5.02321453443496,3.85603916180518,4.36524189821807,0.31914350857096,-0.861196306081531,-0.327603774633508,2.17010854667907,2.72878004440195,3.74720644827326,0.321643317049339,2.55504556975635,1.49024016762829,1.49652621567465,0.42236605084033,3.94430262814903,3.3288159107294,4.0846148489861,5.90391364648935,4.44059846256537,2.43581773196544,3.76727468371942,0.314014494931492,0.0425014332308002,0.52558679040707,0.968799198174588,2.13051193731824,4.37657422453747,5.08496313125203,2.66925397551045,2.50948648929638,0.283739638999392,2.00918398279616,1.69815172081945,3.22428756158724,4.951276982995,2.7004459027684,3.81613048482631,0.458320956388827,-1.64643271292851,3.06557422192266,3.21077031100366,2.90831164506861,3.11421828743231,2.09683279692392,8.39835228999986,2.47328295080409,3.63572942011799,4.150295176565,5.41670152142326,0.375953874696236,7.33318868273019,1.60078377839732,6.77803222618526,7.43622094601059,3.6626832770035,2.67656446738913,3.66548001373316,2.03381303241608,2.85105244630866,2.73590931014826,4.12446438721141,3.21879645942277,5.52353539706534,4.41820028866013,2.56793338016802,3.2884358187736,2.5920755333135,3.73643285056054,4.65887327712228,3.95491022363202,3.88402603212321,6.08941744709453,9.37229797676862,0.254538353041376,2.58815279009977,0.406609032378186,3.92450930132289,2.92519189517971,5.7755307086226,5.2824661424118,1.62832592224805,1.43083540816202,-0.0486078642495573,-0.0740560992502441,6.83285706348122,2.63905849560148,0.644425446337645,0.897300356030042,-2.72718387592364,-1.48507804156785,0.0390579450487898,3.24834540255867,-1.71006725872721,-0.914031897640723,-1.68580057158635,-1.02881531301643,-4.69299007419985,0.0380256195521487,0.0774147934296596,-2.12389662317571,-0.649489655151512,0.105086591059218,0.910939101389793,-4.50164145813534,-4.28306206264357,-0.68191427120686,-0.0104918361623298,-0.720889574909426,-2.31639189331513,1.52833781814527,-4.22066795706176,0.221123518956359,-4.71173124269384,1.73517237554247,-1.93755849541387,1.6042423501142,2.59929346238462,1.3576780794764,-0.106631768258609,-0.719546088332176,0.296714009779623,0.155943406850219,1.29883977494508,-3.01884408847293,-0.959687313311543,-2.48946558031305,-0.487697799902661,1.83025913747158,-1.49835279842505,-4.73429048774081,-0.155017607416384,-1.27085811828448,-7.49072030802149,-1.83285502881081,-1.14386120598098,-1.45439086897806,-2.62574921526821,-1.45814829718305,1.49391895526065,-0.128545740707924,3.83398253678221,-0.679317522749589,-5.14988384410197,-4.41088476592436,-1.15962875100294,0.0234081108450066,1.71121536977912,-3.40135375639568,1.89990091721194,-1.87257262357136,-1.80549433230477,-0.492019736198493,-3.26378021738464,-1.81199301635415,-5.04539144626849,-1.40689795114632,-0.754836242785321,0.0562657464503162,-1.73716607290839,-0.542669306241621,0.572351038088484,-4.68653205411411,-1.15045557986904,0.465898948976535,-3.4849374694283,-1.54864950853342,-1.25299461840059,-2.61176607886288,-1.33939506015244,-0.459447038910308,-1.43194712536617,-3.08496801044581,-2.69914135928036,-1.73630399721352,-1.65078373457447,0.92433244971762,-1.25521739799896,-1.77947318540283,-1.33356950631465,-3.80973546164858,1.54363743531462,-3.69672927384656,-2.66616574230079,-0.929456124023856,0.0904547058212684,0.106394745956077,-0.561438990360215,-3.71494054005427,0.425496318886149,1.5882721475807,-3.64845123391618,0.424719498848547,-2.39274327582088,-1.92812140155067,0.22655182668886,0.533461531624514,-3.48772953360243,-0.746612584081084,-2.56452559934155,-3.90137609179021,0.414701863098996,1.92530088685328,-2.47535497108353,1.2691721430126,-5.64716016618217,0.363853022641272,-4.66708466682297,1.86673014887157,1.55763700252567,0.398607388723256,-1.51227580876884,0.723442009324407,-0.276057803787041,1.46475238668357,0.125042992550323,-1.80565366395103,-6.08766359023479,-3.49038276460965,-2.25308153108238,-4.36248239823135,2.08162256671587,-0.370596548075123,-3.5847435027043,-1.5253571389766,-0.614135159315886,-1.75580494579285,0.00791396001601452,-1.05498998238111,-0.745520074933013,1.22728124920151,-3.57806299481558,-3.79472844214584,-2.4429427685105,0.300423384689613,-1.6029307481131,-3.92689243538678,2.07189003098525,-0.168751057514813,0.205136289032744,-1.7758727617328,-0.132984295079439,-1.92504844282855,-1.72554005011762,-3.86445873476333,-1.27605744749904,3.50075394871056,-2.9908081819855,-3.58743897616222,1.42415276305002,-2.56142635819465,-2.61908575599061,-3.49876677888843,-0.934536977262316,0.127305932401432,0.590241576289203,-3.46428939608662,-0.960581067056795,-0.423749645147629,0.161831364378803,-2.79172161661056,-1.7515824135121,-0.881292475575306,0.669347952106848,-1.40674599261328,-1.66936160965491,-3.51306584091246,-0.338588393271609,-1.98861390007028,-1.81226329346033,-3.05882600471414,-2.66971886557579,-1.9203628919014,-1.56867994586174,-2.00326434255645,1.29759012541536,-2.32689849201535,-3.89047366904023,0.542805579010759,0.0462183203402682,0.533030281217361,-2.2649814889706,2.08610531403368,-1.30798020634534,-4.34026559828067,-0.570615678835383,-1.89640152006404,-0.627189560198037,3.06677484133343,-3.79521264011594,3.6897023185787,-1.69510501292842,-1.52672154106935,-1.01398291657405,-3.97397562062395,-1.96785190345271,0.887209352330382,-2.77763513752178,-3.22256599744629,-3.61470352395064,-3.3662768505674,-0.0184073762885593,-1.40792572317724,-2.02972146424289,1.27420888134861,-2.9942565327033,-2.52691291300717,-2.14498594409907,0.0732578950768323,-1.6935772624755,-2.62173633989018,-2.82468649067798,0.819298716450719,0.300892467897703,0.0607030335700789,3.03972630569187,-4.62842227373341,-0.279844639384989,-3.66313088363523,-1.85560636762979,1.69408487091266,-0.904120733641727,2.05072028012,-3.21761532672955,-2.92233293321059,-0.233466221016913,0.350411049586843,0.740283441351341,1.38008708131049,-2.44335470929798,-2.4253973358038,-3.6152396835338,1.33749337705465,4.07783287213207,-1.97133281579558,1.7878857907709,1.0504463574864,1.14396417465541,-0.936981938076659,-3.19423540571984,-0.535107082833908,-0.501193790637809,-1.22941749186333,-2.58758679284134,-1.41844750588855,0.0209808468865773,-1.85658048717028,-0.582641959843298,-0.895352466180384,-2.93173706321894,-1.62175156377177,-1.59904287250476,-4.05236511516065,-2.49648597710055,-2.51897659780803,-3.26045500155201,-3.41089300612719,-0.754970740012378,3.38544551312774,1.2333854447389,3.01640432043671,-0.73290191187653,-4.60499548472149,-0.808936392537194,3.26178244243091,1.71824810405682,-1.3415895709383,-0.077963885497121,1.88340355429657,-0.985813580539575,2.19358538161982,2.69743331936576,1.52400780232059,-1.25515826156564,1.66187410652788,-1.67927382053544,-0.625820172619362,-2.19317639370334,-2.66666044293255,-2.26435297739866,1.75034934916961,-1.96558969211011,1.93738878730671,-1.16867046952161,-0.769767418987384,-0.544091971193316,0.594227863198586,-1.79782588270692,-1.44553645645614,-2.30011450269577,0.128227919563194,1.19018425591551,-3.85507314105353,-2.76792662362233,-3.2907082623403,-1.68141905791739,2.79871907719645,-4.79042482828853,-1.6778704801246,0.173398039380688,-4.23431251688586,0.878622681551774,0.0770342372683628,-2.28417394401389,-1.68791514493314,-2.06459986667054,-1.44726120654808,2.45541517091717,-0.587437754711679,1.35456150681135,-0.414453790542937,2.81936180307631,0.132349842958511,-2.92907775538701,-2.02691207902615,-3.63994296448694,0.0707787128400124,-2.05744009140757,-2.54113017122422,0.484260923254207,1.29301382368383,5.07013216004929,0.84514783132289,-2.59337672191505,-3.9873174986663,0.921889582242208,1.38595640653763,-0.757872041143518,2.06654231051786,-1.38166840408679,-2.95746693327419,-0.588390842277973,0.344330052320174,1.47854868663069,-2.34383636783995,-2.43264570742289,2.47306901715404,-3.5700362411389,-0.72159622308585,-1.58953786328215,0.53982018798845,-2.9776006738274,-0.417402758337849,-0.446322632835376,-2.63438269661016,-2.1829485763944,0.935887207313209,-6.04587417964403,-1.3393418867292,-1.76608095243244,-1.40035927226129,1.36344943815819,-4.54216471669198,1.57823690251416,-0.968377713020617,-4.51534190839986,-1.52874981021204,-0.771605859481942,-1.68594012066891,-5.59792278768283,-4.52170704725733,-4.36595727633599,1.66310739828269,-3.61830756781484,-0.568682526977351,-3.58564253542541,-0.174459276839626,-1.60742633247449,-2.77447685557447,-3.10000103886364,-1.05131955482728,0.929666517351629,-1.00948466087889,1.54564523808717,-3.63665250463519,-0.681054508400527,-1.70986983497569,-1.16508150203408,-0.321775943791692,-0.668829728543917,2.14217202375561,-2.5337323484347,1.58690925574982,0.682847112798743,-4.24142422076769,2.24644918199977,-3.83413220468319,0.538014498677115,-1.20135470460722,-2.7672872271068,1.84061105832926,0.453625073349188,-2.41022157459741,-0.81302249920564,0.8416261765832,-0.941967519707788,0.585750026629573,-0.366914671702861,3.42125212004909,-3.60660426254541,-1.21718272855753,-3.05980869936118,-0.786472311653943,-2.68066948760985,-3.01317153200652,-6.02654028797677,-0.0207138548935976,-1.5082641600154,-2.1032587699602,-2.14579776489442,-0.999483528997559,-2.25464172501582,-2.42198941452712
"81",3.51803862766624,2.66400968662707,5.26831827253497,3.27268673551875,0.991431146600556,6.88310571566606,1.10962477573403,2.68329360993997,7.61450244934573,1.9770028166756,-1.47641180659826,3.54251694739229,1.42861223151839,1.99066469377968,5.12769309071485,2.50363289118159,0.515528957821603,3.85491246537109,1.28857711255572,3.80465852069996,5.7442333629972,-0.112037805511104,4.65495931406711,4.91407906010748,2.10166204588128,2.63410038432245,3.35270523810377,-1.4678378417063,-0.222266629230357,4.82088515548283,3.47756573527605,2.15078293670584,4.08510688896736,3.25115516855084,0.690057070484868,2.88364623858354,1.87690528033673,2.75868576890824,2.67438420121824,3.61807587337257,5.32342586030236,-1.81106572142964,0.61944856921364,4.19296277742053,4.7047151946766,4.02557664304859,3.1287745569869,3.69014701986306,2.70166985131245,0.434339978260451,6.01328758333625,3.86519325512223,2.09264300163974,0.920182723509186,-0.350573200993627,3.84970562782533,0.617171554382005,0.472740115812503,1.88952787424646,3.41323597881195,1.47543762192711,1.88838023808905,3.00722691496278,0.806113379780087,2.6340922108447,6.78165655865372,4.89847897095078,3.31865765451314,2.55340170646668,3.09811057868735,2.66466216679043,-0.227924445529175,4.56090311461518,4.66260456251855,3.67333304981834,3.81517557261432,1.09756779712078,-3.3000075923629,3.78206442256186,1.39095722998956,3.19698549062161,2.92765454392825,0.701662504089404,1.03603601388606,5.48477491970535,0.969963715241225,1.70067271810353,1.91817527133274,1.58462312955878,5.35134325366648,0.0707107353176424,4.3247893263559,6.21567186897817,2.16757585858481,4.47420485098058,3.56078321025849,0.609545062093884,5.96341137846628,4.06892000336457,4.43508823309497,5.4626658426794,3.4618366269554,3.18113636661561,1.37814017209227,2.65152363350417,1.60556670120227,5.6290371621939,5.46540480048271,1.25186489895196,5.23600043103644,0.370952901856802,1.20226085136473,0.731478049137898,2.44543927969703,4.67736092744208,3.48022302468918,2.51799885459234,5.62329855635017,0.745687261525173,4.457872166162,4.89513027203174,4.71011904869488,2.32697022207717,2.87236637818128,2.35012187933594,4.15206424343708,3.60826378551852,2.9229488094158,-0.126968605245794,4.15244451292081,0.00795009879405262,4.35019835095799,2.86190134908339,5.35030986739728,3.16911829876542,1.57249917659123,1.23280837533137,2.8869479870457,6.3530536580269,1.14899073810896,3.59651734446286,4.61735448235456,3.20322378536942,4.17458159665083,1.62221991962739,0.895344151523984,4.77069037439393,2.09143028158799,0.338825997335397,4.31727083605925,2.07643896494858,2.75964830578818,3.49254604819018,1.16826544061452,3.16491616936287,3.14623329614406,-0.939957149790575,1.22197363695315,0.744936744113767,4.36411227841571,3.1113847743269,1.35063399518846,3.22867915659627,4.28758686215335,2.24684499972863,2.55833242848382,6.81264020669311,3.11304135983651,1.27234717044664,1.8295132422134,0.607691532438109,0.649280756450561,3.45037207493805,2.14860949567592,3.550319739271,2.16378140035631,4.14170890319363,2.34485257342521,6.49272899831273,0.0851167549641692,4.71254425691628,5.85042773351535,4.18263960809044,6.12934692852782,0.967122198318789,4.8277195079089,5.10028117476074,4.21336681983253,5.46327998977222,4.54442935726322,1.75153372282169,3.94748715070519,4.15675532586959,2.58001210416909,2.34390273949949,4.45496626484147,1.22955893975661,3.10722648249794,0.258312253176424,4.28400554731971,1.01913410774981,0.790555410675408,-0.806137669774091,6.62816001808234,7.11496641208495,1.78808065704418,4.64269785756958,1.98471338615368,0.370474396764617,3.22453355826504,3.01899574895069,3.22234796312185,5.19073086210936,2.48847152403002,6.62349842723427,2.07309986700979,1.41382070108476,-0.0584486818059329,3.98108568897425,3.72273796019126,3.18635874930804,3.72592149953366,4.84854001673715,3.34001952828728,-0.101414462580344,8.40079906278996,3.74712894927976,1.36153011394822,5.15318174459445,2.38922615344087,3.77232576949554,-0.142719314470151,-0.341850444907702,4.06224709832298,3.23735896202274,4.05384401250428,1.76432705023478,-0.892619510612768,0.418748518344585,4.35271955644604,1.78564904498235,2.25935469123665,4.3518811751023,0.168054061114512,1.37122988391003,1.24751384111948,2.43268901044173,1.92486028194789,3.73958992432912,0.5763160239472,3.78720934219105,6.35423174932122,2.55455700013956,3.64071073643009,5.49341905382096,2.06600518456984,2.69896908935116,3.26732890177758,3.20709221424156,0.873425938317891,0.91519296712956,6.64543816222392,2.54904258383592,5.29419176627102,1.91524681143796,4.08309433831864,2.78818146082879,4.03252877119943,0.251858355870493,4.44275680944902,0.363772761144027,0.662808998728426,5.1324148836471,4.02998156182416,6.52243210581329,1.3398469256103,3.99991422153743,3.83507049163849,4.76457174251156,4.77611965941157,3.75287580760265,4.88882767406707,3.24754984240186,5.31034635764326,0.831494866556997,1.2380952395352,3.10075044055095,4.88548217432227,3.7597622190922,7.08296690564722,3.22967506043751,1.74802434500779,4.9834428039011,2.03447404803571,-0.364758094636999,0.245790153278263,0.045311112448867,3.26344590685875,3.42252389702437,1.43263184467299,3.68008458733726,0.709813893380168,1.78021281417815,1.81228053839483,5.37703024070123,2.18307979819333,2.19079845424841,0.0372834117123357,2.77528489467557,2.28839090365185,-0.27419404127645,4.60680826986856,-0.662059182178024,4.76186895490842,0.703668512190747,-2.03065650368375,0.63077931822195,4.33431872120037,2.50976905217474,1.27225994843804,0.521003069166772,0.324453781436935,2.43957589045772,-1.01567484473135,2.80035061130336,-1.55899033479499,6.66579356592466,2.66755589091563,4.51473497789461,2.82985094951649,3.62609845704028,4.78906380829249,1.48142370293466,1.76587087253484,4.11709234652748,4.11187343517564,3.181662053468,4.43673546840793,1.65995693088638,4.12114257898952,3.69684932599335,5.48538309493951,3.86521533179005,1.41242548254694,4.76358153203908,-0.0236303168105803,1.68814953958937,5.02389788944603,3.02786704503559,5.43766247911592,0.381643679369436,1.40699208021725,2.79540029860747,2.20586458208439,5.75864919488904,1.2147881506977,3.9786086026285,1.66735016984828,1.361014013593,0.0410273540567192,5.58541716873997,1.44053855910603,2.53034400365639,3.02010258968551,0.702551238943068,3.78792023204464,0.870368396770596,4.78524073790429,1.9116508385014,4.36208528882135,2.67007929974585,6.96558119685354,5.9958273272563,0.846233989758305,1.82118183043992,-0.624418544817998,1.67718741093107,1.82039518889072,1.49186009679013,4.28089727067153,1.91590001881173,1.05419696627883,3.19235871461049,3.27424555533975,3.24988850380374,-0.834569492577157,0.267971260862068,0.303482556598213,5.48839352368908,6.96046394509302,6.27838004315233,7.01444353839099,1.24205494137995,-0.476604175686161,3.0610647652287,0.91662892934806,-1.57677427623297,4.96911016278395,3.03479463853959,3.7434920753895,2.97579237998058,2.59653689388249,3.48179172788516,3.51976548329417,-1.54443006549933,-2.96839299278796,4.14458552224211,3.70777387483561,-3.53881141264933,3.86448112001959,1.12637595481868,3.6439626821381,6.61525998845894,0.945295447554378,4.03764938840847,2.02207110517586,2.63088729953058,-1.70059878318908,2.27282619616438,-1.20755085379715,-1.97480580920755,-1.01787830758848,-1.50144329645978,-1.20902155567309,0.459371092533469,1.13462180225694,-2.21836709399814,-1.28868564720131,-1.59330122329442,-2.06844288172558,-3.64360319634565,-3.90561925965732,1.26023914143502,-1.36701771110682,-2.02995222465573,-1.54556931784101,-4.77795875830459,-1.35493564420999,-1.88263811843847,-3.74285400122394,-3.35536283498181,0.462559695225301,-1.96739497399637,2.63917518097834,-0.187891574238539,-2.47903535717662,-1.7093278778327,-2.9528025117467,0.714295067677198,-6.67356118013957,1.4479235867388,2.01227805593816,-2.43928492836751,-3.43498999543211,-2.07333131015752,-2.61511592687925,-5.84161724239908,-2.2981589123855,-1.01021376560464,-1.05769237942254,2.93639034642694,-0.845165990862946,-1.31637162530111,-0.806578297469269,-0.438224874936128,-1.03088186897186,-3.32534068076299,-1.45606500009647,0.469871372868611,-5.3939318358954,1.53045796656065,-2.83169379554954,-4.54852228603366,-5.73410334676768,0.542739510302588,2.70215725325123,0.829678349024592,0.0887178219655647,-1.43618491886168,-0.16287185803567,2.58541106357772,0.210937966339166,-2.1341261224445,-2.34198592831418,-2.77091789502186,1.77778939925036,-4.72379075292525,-1.01995648075658,-0.950907901045351,-0.832673465030203,1.70683903231856,0.718446057242235,-3.2990124176262,-2.35158749156114,-0.0243606890274063,-2.17905452433653,-3.21047468580671,1.47833357413236,-3.03518600658528,0.493910550331654,0.702010183110635,1.22315754528125,-0.231686422813422,0.706864545704582,-4.81503744440157,0.786469805666429,-2.72384743940376,0.1378137507215,-4.18092022284766,-1.73280373391819,1.3935281181605,-1.86993913295245,1.52411501123587,2.45838292503733,-1.99582252817562,1.30639563705179,-2.67804636838948,-0.849858650132616,-0.479787155365652,-3.24611740948553,-1.31782641344255,-2.06143674538817,-2.11058651463784,-2.41407029254477,-0.573676619269939,-1.64786752743686,-1.39794737356949,2.74513202133157,-3.22126927370072,1.12370140495056,-2.17068309516933,-1.00578912741131,-1.50179692293767,-4.91237962599455,-0.802273034595043,1.55124383739653,-1.03060939820478,-3.84277008853325,0.0876282509141839,0.856452295305637,0.529232320204751,2.59977861308342,0.0173531252020949,2.91551376399144,-0.239886419843947,2.29687496144418,-0.199780428523527,-0.232292805272496,-3.57596715460307,2.07237754033397,-2.77717455044257,-2.84291007134875,-0.168075696048806,0.422452433882644,0.367157786799855,-1.0947782723325,2.41359246625224,-0.364064127610515,-0.21252754527872,-3.5017287277774,2.07642682817974,-0.997156925211915,-3.29833431627785,-0.393743694088141,-0.941912842057127,2.01515965845095,-0.465005438536437,-2.28433637420445,1.68798052810513,-2.05057367963491,2.10970820606524,1.00113886890167,-2.88857926461596,-1.04149181728173,-0.832456974596722,2.28409968246653,-2.73214368766816,-0.194828077955253,-2.14650215158161,-0.780132811512173,0.716271410818272,-1.52570912288889,0.726122836220946,-1.96096813591271,0.410235595633542,-0.0956355403185076,1.67309745104043,-1.074410120002,-2.34506702116067,-0.520704146315808,-0.681988415131593,3.43825642141118,-4.39502381062636,-1.68312202048856,-0.403245980014708,1.44222502791354,-1.96192513088294,-0.0195076338617411,-2.66662895221045,-4.53264653950353,-2.26827498093476,1.075478141593,-4.33650882227398,-0.873650813930459,-0.395096483479249,1.62219017260313,1.1601573324641,-0.590872308297866,-0.22049762154476,-0.998659974771495,3.15515288074077,-1.48104522083021,-0.213219365090862,-2.95570832072382,-2.35111118746288,-1.1589410794629,-1.84786167226499,-1.26511104572091,-4.1182644494372,-1.59391917179747,-2.50378615803352,-1.21216388158587,-1.28062527223009,-2.34308225186865,-0.444435968474383,1.80809556361791,-1.058141719672,-3.67607258396848,-2.77405197662395,-3.42204996926384,0.593089397055383,-2.28087581761685,0.381980113294646,-2.83013681130949,-4.66060082134534,-0.249030526634611,0.750507919283777,-0.559379155286482,-1.23193913365902,-1.44306152619652,-0.725046496430342,-0.3103919823974,-1.5837760557993,0.283622170376686,-1.759926687948,0.717538164272234,-0.655035674377577,0.559796819020996,-1.66037859087685,-2.2166056406534,-0.0542029438013849,0.155990790603445,2.45593950518373,-0.780261521833997,0.737603971110485,-0.920127718275566,0.519509830332505,-1.40840405817447,-3.46624013024581,-1.88340182309131,-0.584535133284329,0.126667455258373,-2.75732336706973,-3.02055199038922,1.98058922325505,-3.5395339180427,-2.22298989792187,0.810961572793294,2.81231028966531,-2.44255306909823,-2.42196624307496,-5.90279475373515,-0.424855918935159,0.796319956772625,-0.407921918568668,-3.12618346585748,0.238894833849102,-1.81006729291566,-0.24623584273641,-1.55302391125901,-1.34983364875184,1.53046219272502,-1.86211961107675,-4.41758553700543,-2.10837817952744,-0.254993493389958,-2.69424363671591,-3.84230680342278,1.07410960139985,-2.43911816487403,-0.354264704108662,1.39777129017936,-4.45243780127523,-2.84718476142942,-1.12966507470959,-1.26587537079145,-0.948930690311018,2.78406427210147,-8.07223994531119,-0.541929772498,-0.523121277307235,0.859850119365519,0.381807132960543,-2.83427883245009,-1.99498608576277,0.652456616140335,1.37081706402348,-3.2092274445491,-2.34948713235025,-3.03311131292734,-1.22229949947428,-0.124300122180811,-2.00341601160935,-2.25280174048819,0.0608241774920264,-3.48048606065494,-1.5936751987938,-1.73167996539927,-0.167640115449043,-5.53032670089261
"82",-3.44961120825615,-5.71594239464498,-4.32703422091123,-1.64028851733948,-3.65361482567562,-1.19621367901557,-2.67101271833309,-3.79442772114645,-1.13472521808168,1.13635360437863,-3.25962459309477,1.87049936304512,0.642043253700493,0.98431414679458,2.43519928985286,-0.821198681614687,-1.07374188558373,-3.85226154244666,-0.67413729929064,-0.0701983726220554,2.5103387645565,-1.32815557019667,-1.8612374021065,0.755296154791065,1.09691285791821,0.202670031341077,-1.65221237066656,-3.67331498178508,-0.180524175866562,-1.9639340989935,-2.0523410262017,-3.1553394690153,1.52541075619221,-1.84986304286208,-1.83373242084544,3.575718130254,-3.24607201633725,2.36797490351076,-2.42029881331883,-1.32941049440455,-3.96379072079186,-5.90731268097866,0.0544298743985467,-0.525688137712573,-1.87402113227278,-1.06886716165586,2.55249593209948,0.0671411697616622,-0.139888607588263,-1.8652305252428,2.77962547666662,2.40149759936772,-4.12389163430461,0.615667678603377,-0.664060718663977,-0.606483292673382,-0.043486694361793,-2.59660338873448,0.66891409307234,-0.241604622477857,-2.17360711319245,-2.07761899613682,-1.53547267273609,-4.825081804297,-1.32471242749955,-1.68118501086866,-1.16937346351381,-2.79104278029786,-5.08169445739582,0.245061450619452,2.88004226684456,3.21752922530798,-2.77141216836311,-3.00172805850968,-0.633624867688613,-1.29817690450363,3.95619865420912,0.00900035151118939,0.944859051114133,1.89991609861341,-3.20226851131481,-0.619958354799731,-0.487280383127405,-2.23669883494778,-0.354309006224876,-0.579372076752035,-2.88029123204441,3.48066298051539,-0.522731125340312,0.758252768753218,-2.00858247828185,-0.830427964459953,3.07364625275502,2.85807764686863,-3.83220061432394,-0.100691942573792,-2.26331383514487,-1.06568290426465,2.76673146755667,-0.22795549324346,2.21784079489825,2.378523262552,-3.1576214193739,-0.672026826680924,-2.12376216238218,-0.69552367665723,-2.19986537008418,-4.22457701755931,-0.620064887193046,-0.270035295852879,0.528377462619828,-0.37875060791603,-2.48822589876193,-1.20920540280723,0.136444712048404,0.649616980606578,-4.06682954329435,0.405704854216902,-4.47738417183191,-0.713916443764913,-2.16019100427597,-1.22371236037936,-5.79388072039873,-0.341904755917272,-2.57428609779809,-0.276283849171883,-1.28817619487427,0.0466620417812871,-3.92291679500412,0.434452034553773,-3.3653395970094,1.86803514379332,-0.678958600072284,-4.0639468711084,-0.733940778712041,-3.05024448373654,-3.25501273683155,-0.747876933920356,-1.68145328392929,-4.56046427832749,-1.09211722125077,1.84237190791583,-4.16584901432438,-2.95370564908718,-1.97205121270388,-0.32446249092088,-3.31572231502476,-1.89147843667653,-0.509907897018312,-3.95893947931243,-0.0651007827928527,-0.838765497224974,-2.39885096221777,-3.38717353785873,-1.26752323503657,-3.73505586947033,-2.84042296375136,-1.30391199959427,-0.407398237994831,-3.00860404161634,-0.494588983246463,-1.29964869849792,-0.693307372620596,-1.12170453137834,1.14465622272039,-0.291021725138254,-2.45816995033742,-4.32504851479684,-1.29586193089663,-1.15226759707553,-3.90477570871708,0.740422429892627,-2.64289982608215,0.327531067821463,-1.62488029152024,0.9107568586804,1.68365039814553,-3.40475537642763,0.778285348354238,-0.629205053176361,0.25295497208473,0.0419746325311663,-0.673956450206773,-3.52138304014881,-2.5894373427407,-0.315787081986845,-4.22188913027879,-2.37894542099144,1.65497122750902,-1.68245387503178,0.827125310348599,0.862816844395824,-2.53024464865829,-5.24715633840867,-0.722579048639434,-2.93547325689919,1.22087755764782,1.57973573264714,-1.57727145766008,0.581318741256157,-3.15050538177027,-1.049966758095,0.371361958165233,0.908011966620577,-1.17252161985973,-0.700050095297939,-2.54691150050755,-4.52259846460359,-1.7412220742321,1.27632664997995,0.106514949622973,-1.38011434762723,0.0977167629538658,-2.31603540963429,-0.312235790124343,-1.80783641669947,-2.00953201621566,0.356838910389378,-1.76608915224015,-0.129896587837581,-1.33577319227239,-2.93872112595127,-2.59808652792356,-1.44378566909958,-1.4987713982313,-1.64439937346275,-3.03660409844266,-1.73478743422377,-2.38515863823976,-1.59644601847367,0.679011445777164,0.516966214817966,-2.09385538740574,-2.13579067096655,-1.73636147295165,-2.48353292425013,-1.48874754353362,0.372155819382966,-2.91362742795097,-2.18351184457479,-1.59767664919883,2.93682957737508,0.991410509612769,0.065715051683527,1.10479879627831,-1.71828781947569,-2.47424315738886,4.30025704321148,-1.50088624077901,-1.31847971511551,0.3436762689361,-0.985184339174613,-1.39687183763543,2.00780537435385,-0.199929579744039,-0.210485218219974,-1.2032747754936,-3.02602087357125,-1.23430555142612,-0.780853720269048,-3.21233999383495,-3.28769396981597,-2.47257670691374,0.746324724757394,-4.26022195516464,-3.12248437579997,0.962888337628938,-0.64980739240925,-0.634338270491167,-1.43471922739978,-1.81341273462765,-0.593076175207704,0.767533213173123,-3.39682621009059,-3.59638308993922,0.345878133449975,-4.53422991057147,-2.11616805807167,2.70927453695398,2.29794009884649,0.439178127642367,-3.25440849957691,0.442106756342949,-1.24379232288893,-0.80839958294507,0.353183112986133,-1.18517150263561,-2.47297862557424,-2.17979115200047,-1.47699586931505,1.57425067689304,0.17188502241304,2.76764209292273,0.23495764880058,-2.54791660946232,1.60079009899234,-3.28457675372208,-3.23566859857236,-1.97585031492134,-1.54308762914659,-3.04403588411941,-2.99186747373661,-2.00119187223094,0.463477546080967,-1.28869429558986,-2.50168798453344,-1.31946855130152,3.35795050377111,-0.387476711396012,-1.85675290822207,2.60147048847232,-1.5382865023188,1.56261083318327,1.93734725295657,-3.56777790940796,0.643839625344054,-1.76597752823536,-1.30831118121947,-2.70319129488909,1.26165786550055,-0.837606309022025,2.35695302678596,-0.498937945662869,2.96435063899705,-0.710056984533384,1.20076983434211,-0.401406204118377,0.404672731827509,1.22157124568905,0.454896367521934,-2.41877318946249,-3.76227312381542,0.617162469846716,-0.0796355471892188,-1.11046603957416,-0.617001631965785,-1.93591480820175,-1.16025800507278,0.19055757413675,1.71406915957657,0.632145289018374,-0.956353816609604,1.22608831795168,0.850238893807352,-0.248101707220713,-2.36452531231171,-1.10881077936514,-0.025596649159048,-2.69631661285887,-0.959895569144527,-1.20094092245461,-1.91341402889205,0.519159840653264,1.1771503861222,2.12486508193153,-3.7892435716621,-7.12739744773354,2.13518487447803,-0.689161419598212,1.77596556266054,-3.23352570710035,0.525453942795228,-3.4524055987638,-1.73126233480099,-1.9323974044854,2.04211693969364,0.299522113856278,2.97289512760891,-0.992705816311629,1.62679479439702,-1.27162463688944,1.58606347523669,2.84177769931341,-0.0828230603050228,-2.40966852710783,1.01598061165004,0.346982598785649,0.173544408745132,-1.14136004554286,1.42369002917024,-0.204493426768482,0.87562993441758,0.449899024829282,2.72035805055223,-1.68369816256246,-3.40125520168439,-5.21177811189077,-0.859210396568312,-0.487524536340686,-2.58560065721539,0.0423319842833676,-1.42987955261077,-0.935153771706613,0.494166913253305,3.90188030594952,0.101803584268527,-1.32431322358096,-0.23341379865361,0.382373905751904,3.84426565206749,-1.19919054249275,-3.57428574372787,5.11352404438176,-0.965451324456013,-1.07449570328373,-0.0342856917803067,-1.04467746730878,0.394763467451052,-2.47033866918996,1.463239859323,-1.36884385973228,-1.49071891694024,-3.41684912004306,-5.07410202534627,1.90222533138697,1.08514087300157,0.240218191035663,-0.980193335828032,-1.57806494062669,1.05405565360055,-2.13827051748993,1.77415886955202,0.442948630384197,-3.32293810338109,0.858834237841095,0.271252461819893,-0.760458500751517,2.22081493665383,-1.03153612710442,-0.739956640995408,1.59058176297897,-0.645428434594366,-2.31559859388194,-3.46623368568808,-4.31687067293121,1.34918376448301,0.593597832801918,-1.47618965838049,-1.81285861733678,4.0343287108488,0.827646943126899,-0.312488916328363,-1.67069764779525,-1.87416768022696,-2.19710310138461,-0.550368415943619,0.407188935624416,-0.125338245197708,1.12564098660028,2.50011717082467,-0.35330131350753,-1.81186224994687,0.863031564781607,0.34015985317926,1.41613277614585,-0.0432946779501056,0.672795461343838,-1.60122012972913,1.50027379374826,0.112682623082655,1.89242318191083,0.105275524444437,-2.11098112360185,0.681144800113673,-3.17450418116946,-3.36504226816494,1.38557588337649,-1.09069945782074,0.518898615105531,1.63444501075355,3.37177655650435,-2.60349696514909,-2.11410127960809,-6.61451360216335,-2.19055673041286,-3.89641187926535,-2.99734407884353,-4.2493724449438,2.69468032631348,-0.284843436375534,-2.42801043363446,-4.05071688234618,-2.21533284741317,1.56473702704561,-2.7087569334274,-2.60092450637786,-0.443459918699907,-2.76883170241758,1.03428507448593,-4.62280856490996,-0.0437065409960073,-3.12792774232014,-2.79006252531157,-1.77804197305655,1.86843054292403,-3.08859379654031,-1.96282059190058,-2.36977324435108,-0.217263148944301,-2.45228340599401,-2.82142366636899,-1.21290508992164,-1.22342169515809,-0.0844790900073239,-1.57395011670513,-2.97930686796804,0.03729406506524,0.766289245325084,0.266838808836243,-1.68533911789928,-2.89329419934145,2.02154878150131,-5.19649289616446,-0.404361401418297,-1.41996831142485,-2.53381397334265,1.34830833798679,-2.67713541365442,-4.7883464303122,-3.3043640297225,-2.1101559072076,2.45606270348981,0.64187640721434,-0.916766382813535,-2.14901454273708,-0.200048398396253,1.19464499556196,-2.76480154119845,0.70307346260809,1.70323953949286,-0.85684546637374,1.96497470602909,0.693065328835429,-1.43633197791661,-2.47821806252249,-1.58196738996973,1.79853021256775,-3.65187005890602,-0.551075920645491,-4.26990270261786,-0.707494549223475,-0.262777621439071,0.872874008286847,-0.852743403249712,2.33788145456577,-2.40569123155605,-2.14153184309284,1.81521593257792,2.34344463273974,-0.0518425446137901,-0.864795299026959,-0.0650775398935663,-1.64405069659601,-5.30404790224033,-0.338989233810826,-0.948788281426056,0.993444872053816,-0.849571359248973,-1.45171065982751,-1.86494682052007,2.00757046584865,-4.37182092392102,-0.3633962167464,3.45070564992204,-0.834527949205807,0.97565312826558,-2.6483762367916,-1.22867934200005,0.382203959874339,3.23752737429872,0.522145370572237,-5.33982058202032,-2.24619103164026,-0.952342118844191,-4.23512334957935,-3.88571277642213,-0.0153925631918422,-1.39055071012629,0.675488471752423,0.874800512554354,-3.88628797090522,-1.20301415180717,2.29687582260218,-0.0538779674777614,-0.141610558991663,-4.69386034307096,0.772157311613122,1.04636518071865,-2.20632653944394,0.61494393612428,-3.23856582946489,-2.42717593966183,-0.997330574658168,-0.362686458808514,1.08262156729303,1.10127455879245,-2.73309165310024,2.72072775180355,-1.58165068219196,-1.20286572891355,-1.91977178937405,-0.267398899377365,-2.9816166065895,2.15516740812352,-6.68753853073985,-2.43956987824272,-2.32233710423845,1.0698750035684,1.77613013492351,0.270326130356019,-0.732594114644612,-2.03499287705839,-2.05294147413107,-1.58157904588896,1.70245020972268,1.00233516474621,-1.41530321879638,-1.95067842395908,0.196369420411839,-0.463875048391954,-0.411837712130578,3.45400748732892,-4.18329077571292,-5.39758344773163,-1.70407534468363,2.75890459532238,-2.24734918500869,0.125660721580264,-1.76951523641343,-0.178437170406008,0.186824654076928,-1.80462475579932,-1.01551050175158,-3.03308087700612,-2.42786895532632,-0.863786791053569,1.67183952811954,1.97332070943409,0.678678912495612,0.387350825337918,0.539255798485069,0.861101492241364,-2.37589445727304,-0.451639539643568,-3.77703887378404,-0.447206114117823,-3.25866743842762,-1.08601711542696,0.372256715261498,0.0681339761399657,2.67081792372695,-0.0536840035753324,-5.61545427460065,-1.23720826994306,2.19817167689607,1.30220288651107,-1.97739159612001,3.82963900180456,-1.05111543387486,1.603586807081,-3.70465370352817,-0.116771691160908,0.161620954498492,-0.342694688145001,-0.57465169690567,-0.212764099693571,1.41362474756502,-2.57669224138723,-3.31348988566372,-0.726172286767298,-3.46703210333725,-0.627358568602459,-0.930548822233361,-1.14970953890289,-8.15780083984086,-1.90692864564506,-0.742099689903044,2.94873027992467,-3.80058113774015,-1.51418874848583,-0.432997490174085,-3.91184143739623,0.96884961904685,-6.52733954049125,-3.32159548884349,-0.331584334897326,-3.45035647465892,0.905253890716619,-1.87771858906313,-2.43071399092121,-3.59500592321849,-6.07088435828653,-1.17517092299548,-0.0955562260338741,-1.45083506142028,4.93159107765915,-2.50826581276761,0.441523438753904,-0.667918239068317,1.26245594474698,-1.00926530780642,-1.52080490988831,-4.09112599089879,-0.653664174117079,-0.143193130899477,-3.52686167328235,-2.52392510772038,-1.33398168848387,2.10192227910523,-2.28630301230162,-2.99069510262972,-1.65556436761941,0.885859214839553,-2.06911770271005,-1.518550043387,0.248526093159556,-0.670801740532011,-0.915032966717109,-1.38560103615315,1.25648036305319
"83",0.443710868683933,6.57447387591987,1.02927964312388,1.45682701746026,3.65225162412701,2.35420346742838,3.79048424462903,5.79914925734419,2.68544596923679,0.00665048004580093,1.78830346362541,3.56332317776255,4.36008386275559,-0.201661007950398,2.44443545788686,5.69232264735135,2.60333159214503,0.790644803672369,4.1133385754501,-1.95993725960984,2.43054417695262,1.81189373427931,2.09223651776574,2.03027650290384,1.34815589894617,6.54636306109021,5.07490316632422,4.55011938278504,2.24529454055577,0.512990299822715,3.25088115707539,3.0664714834242,1.84396993068585,0.49971458661208,1.34987893795489,-0.899554708005731,2.32109779890929,2.57441144183923,0.202010011147113,0.722495478267857,1.32736193382191,5.0636074829518,4.92751216344099,2.61058393029359,4.12495492901202,1.7031731662156,3.30293350692375,4.3491077950216,4.85807566068722,2.3057952015845,3.46470004793764,2.54925581822487,2.67576638337023,3.89729959166092,0.546027421348668,1.06231122381209,0.954425819571809,2.56230550870946,5.80347345664442,2.77966579789305,4.012090861639,4.77637607556475,0.67067768408566,0.723571851236619,4.69604357742197,3.66598618325412,6.1832656704292,4.2552593527907,2.45362795287535,3.5459842595223,0.581625204450761,5.01010694092865,2.77935927934824,-0.632685920068411,1.77502685773113,4.13094059459566,2.74116353908978,3.2314674521333,-1.38665530480886,2.03068442596795,-0.209536458532872,1.22369803725467,3.23285426252209,2.24657573231589,1.80113588125207,4.15410636260621,4.64126458216343,1.7880473486553,2.6605326120425,0.39485533541687,-3.06168957221676,6.64508403782249,5.93733563043713,1.9925567771384,2.57869948414902,1.21931928510205,3.76388969259473,-0.133495816701632,3.66914347335851,1.92569233505719,2.51827503503804,2.0826632297853,4.91129236327119,2.60300959060992,2.95193985298184,4.66503224814373,7.99590029319829,2.0123235480682,5.62823282342599,5.4818184835869,1.36030639691061,-0.642050735286265,3.4341501724654,3.67272570955478,2.46681164668706,2.35124733735909,6.08773533481457,3.33374496885631,1.04447999382315,3.23237355075123,1.27502109058735,3.48406204142931,3.95914650486797,4.10203154162385,2.56030170154162,3.19150188271201,0.962294250186523,5.0678942299778,6.43805214012216,1.1472491130706,2.3241820195831,1.03815951161937,-0.198501429236497,2.25152193027423,1.27898893940903,3.1417316039922,3.88364352101508,6.20428794584276,5.1003784477804,2.93890821710479,6.74769953130148,2.92734745809451,2.91839987169341,2.22486924357157,-2.56113507765543,4.39383413770411,2.86974923300205,3.02817853439438,3.02161242275625,1.91262010513185,4.36995727962802,3.34631583367174,1.53541455808621,2.38684424889788,3.47578181683794,1.76549852416966,6.63186177781928,5.13662826858785,4.31463070055553,4.56569410908905,2.7805712595684,1.52926435850771,1.41107502367046,0.82119910313869,3.35039506162891,0.90305353907757,2.49845289414582,2.20012312208457,1.49543433759654,5.58501523072857,1.35546984269364,4.51996000311562,-0.960238287838566,2.02988282550515,3.81275195410628,0.427441773992792,3.13622584953012,5.14953650607069,2.64969432260905,1.37960634532403,3.85150796621831,4.47266113415055,4.61474520686599,6.7370032583062,5.72087963922565,3.0376595159173,4.45403035140003,2.89528895905013,4.78912033091047,4.24312878666496,4.67570911763552,4.88374491072661,0.690088330419998,1.1041856281681,0.680431446944098,-4.37151437566794,-2.08856124095775,-2.40354089844146,0.897049164461373,0.948780824221697,2.07423042753449,-0.145303069963363,-1.84061615131216,-2.03610430557332,1.69477243553467,1.97099353861774,-2.35321323888912,-0.68959824534536,-2.24792611183565,0.0971341525606222,0.570608734052886,-3.79376327865652,-1.4974312588556,0.588567092763268,-0.846011663286353,1.68104285487483,-1.90556002102871,-1.29195728104884,3.17187239359333,0.665230607954564,-1.09896718385083,-0.100301978121511,-0.112142425344701,3.96735312912633,-0.129170519154396,-3.06845786383363,-4.45998080209729,1.71393699355748,0.102113323101567,-0.142070190923823,-0.998914766532673,0.622623402893947,-3.51738197304964,-4.03564092042613,-4.23396615117183,-3.37186346128215,-0.753933458852329,-2.16260166970551,-1.54305115612702,-0.0645958622757749,-0.517739860587491,-1.20274699128216,-1.97718413323118,1.03308558374587,-0.983382942813817,-1.01768865820034,-0.37966436328581,1.68082015293196,0.736083021537108,-2.6598104477556,0.0959226607900998,-2.29693069992119,-1.01071901388202,-3.71922233190095,-1.42592551337404,-0.713679621805873,-4.00751280817418,2.46090346613147,-0.657511399843635,0.245107571280557,-0.982443513989146,-1.45772400793718,-1.97479819149673,-0.975275351249396,-0.572902286032209,-4.4698631554912,1.39365959903153,4.03174698759858,-1.4214871686151,-0.887615848042175,-1.85578882862189,-4.02822229113326,-0.30237776287333,-3.38778358429833,1.8594270916369,-0.225591308439061,-0.592102929951554,-1.98301373883043,-1.40861763045414,-1.31988823943099,2.38606618254738,-1.58717661163261,-1.53727451170503,-1.74529790610011,-0.10233107340793,-2.97869383743824,-1.11054802311592,-0.452094490969619,-1.85800435581735,0.0366797830591281,-0.859329679825208,1.68775716184217,-1.47735709865188,-1.6548096395034,-2.63760294318771,-0.0193765964556453,1.23114703043767,-3.48650863435709,-1.03767547053713,-0.86470225395873,-0.638636629504833,-0.748093938921242,-0.332856624275304,-3.62491487221669,-1.59694713029101,-0.644799945451203,-0.672088247123369,1.17216359812338,3.07362790210273,0.683963907909492,0.67857785783324,0.242478666436316,-2.78718546170043,-1.44350513592273,-2.86447659636955,-4.83713211937405,-2.2925761520722,0.604210295705719,-2.57660257559733,-0.443032423007712,0.0296615194257226,0.341771076411013,-2.61555431622869,-0.0186008799351348,-3.64564058454229,-0.715393853721532,-2.05931821453257,0.059434858834513,1.92778827882248,-0.134054412232755,2.12122110971032,-3.1558114378732,1.05925903506133,-1.08895047998248,-1.96510641987824,-2.49493380628538,-2.18022071969475,-0.201837586268099,-1.51426866158397,-1.70928534080639,0.56700621541846,1.12433713492182,0.015168257183785,-1.64027831194329,1.90721835324716,-1.96369751343077,0.374124820121508,-2.3939628952457,0.393626685468166,-0.495819646853495,-0.672726135980269,0.717052535877247,-0.676518677754614,-1.90228034247089,-4.06196993743011,1.171983089237,-0.0605803441848312,-1.64830850198473,-1.71748473896178,0.149575955018174,0.976279002731987,-6.08186410445166,-1.47121703081501,-4.65925803302192,-2.15129409827386,-1.53589994218851,-0.437990676818533,-1.32825330687648,0.226329203678052,1.20219879421632,0.911408691381253,-3.05489123017878,0.0564194078632356,-1.20540286495472,-3.71054890581938,-1.83642022578583,-2.23750976942569,-2.29048030716943,-4.67252946709645,-4.86796785504062,-0.788651651555145,-1.87483896243037,-4.4970197690241,-1.32309578638017,0.859855544950539,0.403231867973829,-0.719471172230531,-3.83021859246356,0.644031820901863,-2.10243927685677,-6.20826082663382,-3.66095020805907,3.75216391515203,-2.1359710494692,-2.06396542767578,-2.68153087756494,1.29025959190754,-0.740453785105525,-0.660957409610847,-2.65737327629772,-0.944180979895986,2.41845333912302,-1.51826561853768,-3.41202060289677,-3.81830477467761,3.25896751480279,-1.7659495115018,-2.11604746585597,-2.68396499273391,-6.66050246400397,1.41634740770493,0.68664840350113,-1.5777289602254,1.18506040415628,-0.987834407542492,1.57341798781766,-2.59874385285528,-1.60230512811308,-0.962755025894112,1.25876082525542,0.910541167051245,-0.327526572235203,-2.83615654955066,1.59997090647782,0.811276102345567,0.0543518312355771,-2.00742325979014,-2.32283782002764,-3.88361469168461,0.315007065891339,-0.285642000172531,-0.942256299124788,-1.91390902519993,3.68092730899957,0.50371287593392,3.20342146449602,0.293790830112731,-1.64135436783312,-3.48504387673322,-4.75639168047205,-1.3848220838266,-0.484058244941318,-1.1603287800062,-0.0666891681825097,-3.46688117066391,1.56694979471511,1.58506733568705,5.09420386334148,0.466808846068561,-4.18101994745866,-0.699637482379005,0.630939108314441,1.46980287770122,0.63327656285602,0.536930916310447,0.59129618612193,-0.185832239043959,-3.08826938370682,-2.51094886067859,1.5602437101942,-1.16391250476801,1.32075805262473,-4.39907688842261,0.567018884829618,0.722495189181133,1.19823783823696,0.714999854463128,-1.97157460352913,-0.784217756715449,1.32946017014679,-4.53885880506161,0.965725847144951,-0.0894988947352257,-1.62249182381732,0.115058954174154,-0.74099868176034,-3.72286236031323,2.45543788938234,5.22504772754597,0.00523661238109185,-3.5829525751519,0.78129696084709,-2.36742605480493,-0.0637567354525418,-0.179971677166627,-6.78474875456264,-4.33909696254506,-0.655470060102873,-4.13142371128828,0.64719192245554,0.107304203909387,-2.63902121908894,-1.79175398639877,-1.56714452907891,-1.52804709146498,-2.08096727264632,-4.40048609543886,2.83123989834826,-4.3793462279105,-0.762057337363184,-3.14916720060315,0.550755503693815,0.302632401686393,-0.165307368731882,-0.976061355088376,-2.73933867819634,-1.05446096888889,0.760891137276281,0.564661088762407,-1.31774770372026,-2.23665338598577,-2.06741264938727,1.14340949499076,1.07043236457873,-3.11316604694733,-0.200699623959629,2.91465515367893,0.629831327012836,-3.14831865193066,-1.34352855398321,-0.385936990142266,-0.560621599762395,-2.43180501376807,0.320848847142554,-2.80856018799186,-3.16833258966496,-1.7127560670827,0.0708772268960938,0.175836789929221,-0.934093523235785,-0.678453203262988,-1.39619017834848,-1.63365255968943,-1.00306990739543,0.407904093466209,-2.51158779906465,1.67265571535541,0.0447076942522586,-2.27951627739153,0.524873708929412,-2.70960696309206,0.0133012531146011,-4.32508934809086,0.394905148264509,-3.62598562002521,-2.11941445145356,-2.36012918429142,-0.604541331970677,-4.71232378404545,-2.54185276396435,-0.579150474527564,-3.19215822717142,-4.16532312180617,0.079971600166578,2.1016580555219,-1.62579206946143,-2.27282098513615,-0.482522536045359,-3.64885570843997,-1.01526431565686,-1.75490951417217,1.37944549287784,-1.53045650041618,-0.207858020339961,2.01624032585367,-1.74511459026793,-6.05130427771094,-3.24938126087232,1.41163692583721,-1.41173821935683,0.527454248375123,-1.82357435252228,-0.160490633542737,-2.31375417523275,-2.39448097815359,2.31064156283843,0.455829041725781,-0.49425875160374,0.219331433807402,-4.14380179962361,0.613263023642176,-2.6812173826645,-2.12296002752279,0.673225964731279,0.307846912887288,-1.05550499429573,-3.72451025749158,-2.58065198886473,-0.271940285311564,-0.343483613442788,-5.89627753625743,-2.46444836481017,-0.681682987986543,1.28170827143709,5.02976340568564,-1.22699965396517,2.23236949720193,-1.16818543533215,0.167969048671736,-1.05692806310772,0.108138958519101,0.675065637641661,-0.719106296577752,-2.7376283378329,-2.60046407849084,-2.45739226013621,-0.872353357946222,-1.50052275684573,-0.701612417525197,1.60081565820368,-0.81665335925294,-3.12904245809,2.87354857445891,-0.814901703682612,1.73046547996144,0.0239625039659592,-3.15213889039873,-2.34497233089592,0.000503757790604631,-0.843934119039391,-3.29505503223838,-0.76319255299938,4.2348191513862,-1.12045850408749,-1.93761315382098,-0.681948263825398,0.338083153603535,-2.12371646142138,-0.162140837706724,1.12685261689635,-2.05867163613525,-1.31403399465729,1.68930064182682,-2.36456176929907,1.54661497666294,-0.404400419448082,-0.598833280255432,-1.97147386358581,0.585468763759998,0.416397317251853,-1.91273523788839,0.374257947851687,0.599593103455214,1.15216026560737,0.458544186194039,-0.706166652364452,-3.67781658741075,-1.7850396510303,0.395643061707767,0.0978874856795175,-0.204088384898157,-0.177149991909934,-1.23877824164798,-3.69717352092971,-3.57805597506478,0.473308712338445,-4.61164106620003,-0.688773924093921,-4.35943895682163,-0.527394196936491,-0.487849813510336,0.37805665740044,-0.932391152139232,-0.586931291632118,0.136645176514307,-2.03858399865489,-1.74956210527321,-0.564122024642974,-4.72760367215078,-1.98176823971698,-2.2339877097906,-5.52801091608843,0.100428489152697,-0.65287036054987,1.59554859955513,-3.47182607044555,0.698508395478922,-1.19683753691929,-4.68877821529403,1.09737364410842,0.0836517549997682,-1.14616976920954,-4.02386733543679,1.96434244140553,-1.52283957807893,-1.10880281304319,-0.760698911368355,0.511750721632929,0.899376331969014,-1.32514091577778,-1.44761785881152,2.60481626123439,1.06388651300612,-2.15155673006636,2.66141262784221,-0.995474445588127,-0.370829881711127,-1.19270856649506,-4.22261604084789,-2.07587768419574,-4.25518063826861,3.20087740813869,-3.67647204598096,-1.30569494565421,6.02329224649351,-0.717330924619764,0.0540018036572316,-1.5563900619047,-6.22731623916098,-1.98554935200154,-1.20014082540201,-1.28828456546063,0.262071439210838,-1.53337020987987,0.354251410618222,-2.21544552270375,0.010804826332407,-0.860423816963673,0.759932016479706,-2.67520478862351
"84",5.25766201532405,7.25734698676727,5.58068947188783,4.12230412999319,5.65992817530764,4.74146456434129,1.35922306489064,7.90294832723471,4.80905451522793,3.53085245265707,4.10368996382909,5.02791871106382,7.11423648151998,2.44928558272959,5.05032504441335,5.25621339895019,5.80904318045486,2.5237052043606,1.3234824923369,4.32088199411606,5.75644047545646,2.62908175965643,0.828448792733596,2.15379996966248,3.29045220335711,1.15860167345418,1.90790383693585,2.01779312233346,4.04027064375179,3.03109062399543,5.02289859636064,2.16159863771281,7.0184463464858,1.37210140256339,5.97013106762243,3.39362981511847,3.70126362731006,4.20759626969191,2.82685204131292,3.58204709427826,3.5446795812008,4.24517668952997,2.71923992331485,3.19399988957443,6.58028881454872,2.40594636849767,2.76480085697238,4.49831643157414,1.17178400727241,3.891156014868,2.12603131838683,3.17832749150482,3.34844188625522,-1.74687865037075,4.72096904698861,2.53508246899165,9.66264280305122,-0.146698450145147,6.89905123323628,5.80924284766983,1.52889446707352,-1.01454732447549,3.35503118204937,6.40070956284868,5.97029706615723,1.21479388037798,3.52739870304728,6.00750438299924,2.61537648354853,3.23099957796397,2.34874751917843,1.18737372003201,4.64353097401497,1.52659134594317,3.54249238718394,1.98726356599377,2.65522601098396,6.40141275154362,5.41704466932632,0.184720439047999,3.58171752627575,6.61977275759313,1.97741964856528,4.17244759054424,6.06105400287613,3.866468824682,3.44452088259053,1.186204119178,4.22057609246632,4.31565606840691,-0.934600130291555,4.62318806726482,1.7177386363335,7.01413745646915,1.55381956376724,5.58555798298198,7.52224874560117,7.32179135853538,3.73096607480621,3.68521665114833,0.940273732985688,3.2494107448849,2.24468687568439,0.527623804410596,5.31880598401168,3.93675483552226,3.71111527041457,1.61427310519431,3.00768028720679,4.4756622509536,0.549281848713883,4.011266933061,4.93098139096376,0.776455780746245,2.41797684370528,1.57699033638763,4.5653408933735,4.45939610855059,6.35483128210154,-2.09127170946665,2.44214203635879,2.90647364896464,4.68185368311857,3.22344847068493,3.28829819422018,-0.542854736826021,3.93839460888041,6.37365758124394,4.86450978611916,3.39097107328772,-1.22636085394286,1.11549055466737,-0.615625009557476,2.76417369875708,4.37279835534405,0.956907420205485,2.55346164085594,2.47219198107672,1.90598834830117,4.8096779439428,0.195233644117245,3.00968921655849,4.43766120185788,3.34425273786613,3.90430961479697,1.58077859818526,4.00237982834937,4.65327032312324,3.90798675251312,-0.515899701314357,2.52723305593666,-1.91646195844854,4.05609042256394,-1.33110354926313,4.70448841970674,3.07646932733095,3.53593009309891,6.60606029949087,1.85736123658332,1.51918660258701,0.773375349142416,2.068732239846,3.42178785438594,7.92227139815616,2.40351568554813,7.02169247006086,4.24214622031802,3.16664164790024,4.90047882203758,3.65484472795201,4.76758779306773,0.444991532724454,0.102683455096655,3.35689945219616,2.79831744833517,4.49446524864514,2.39661401283206,1.28472863032797,3.07948151752426,5.05809335159866,0.497156242284489,4.69197152049147,3.39188139802626,1.27891065542429,1.94733285876082,4.92249802018759,1.67744968565456,2.06017401805567,-0.39012513144368,2.18869756504187,2.62942536408656,2.68955126847929,4.22338607232655,-1.99402729194297,2.60861443408726,3.92293576197215,3.52829002486817,3.04590240774578,1.30231023345767,5.29441546218925,1.26086687089957,3.49212955964982,2.60427617500243,2.62389331658234,2.13775703147764,2.69733501893847,-1.66885597496866,2.54319780886201,3.10297894079073,6.57512063545207,3.4436378330718,0.510154135747305,1.9435002751443,2.53066459611655,4.42742375187697,2.22483165953641,1.0305327581215,2.84850989338502,3.73095171393822,6.95117753801439,2.01273180828903,4.35136465485947,2.42865725964268,1.41732558125124,1.54491662404181,1.54846991241447,2.14777952453318,1.97914036870971,0.889185321721275,2.6173621169293,4.17283847770856,2.80046792175975,1.71852725309555,4.76775608990027,5.07150493917973,3.60503883866682,5.68201671433037,-0.44024767349804,0.929523846349225,3.08933383431723,1.56936380177349,1.39637292313866,3.40806162861651,5.12134313132876,1.9367105347819,0.622075556214422,1.55972404684438,3.11117882937328,1.84306559156767,0.60617593414189,1.87751762076581,3.01021671747622,2.46334903362822,3.55907355031259,6.38780357236493,4.94812609403569,6.50040474144777,2.17198490027213,4.30988411844725,1.42195858082653,-1.85317051513185,3.11817607293383,2.91102523870896,3.65036790167061,1.15118236212485,1.95168805253354,4.61651775265572,1.55238816695184,0.588067917133468,2.50954837636699,0.680032251330145,4.87701997949858,1.90531566505032,4.47610926410588,4.82897159737576,7.69090315905424,4.1274681133587,1.52791021036134,1.97450078418361,5.33163271871296,6.14284136689034,4.82074721970216,4.74142691857882,4.68244666352776,4.32093717900213,1.95904480075662,5.13109966797622,5.19255222699028,1.90586089390624,1.64861514359637,2.52879905842494,4.57765711414867,4.09542583211659,0.0347880308850019,4.02073166223371,5.80198122247746,0.213275100079731,1.08803687200601,3.65206661109462,4.45424267547417,2.7567347608925,2.42136398008673,3.83139484139447,-0.457013356858027,3.52059933998554,4.78252592883294,2.09653220332654,1.6074579352426,3.48745283297048,-1.02890989425249,4.10056401882526,-0.383220751466481,3.7847226160575,3.63632178340032,0.864918625099841,0.719228871716147,3.958986435168,4.19409644489248,0.557347284166362,0.138638032980879,2.27488576670722,3.7129529343098,4.19171201323684,4.34408927151348,3.09252053224393,2.40760287772969,4.29730863231561,2.93837898056267,2.21551559089495,5.76108258760625,4.75341082640378,3.19795313322957,3.90913051092389,-0.172308984796571,4.89672252413413,0.437990318104271,-0.123681050688106,1.77509005946597,2.39745980848071,2.17724690604558,3.1162974357357,3.94827706000113,4.88379065627988,4.25166493292532,2.36550859883766,3.30171274611971,0.18146821285649,3.91233181336042,4.21423099541308,5.11972658525517,2.19015884128089,1.25769600165182,3.5539918379445,1.15047611594651,1.97834517089702,3.77311363279717,3.15217719288197,0.89956358590316,3.41666127723791,4.49797707346379,3.18546362300965,4.04075226267464,1.73700208160081,4.03611076678742,3.11272289176041,2.97035824789077,1.97142422375889,5.53386966329353,2.46802607972392,5.90192625891819,3.07736603268638,3.03803611072407,5.6711618742179,-0.307523346814396,3.74929009591864,4.02795670563979,2.47854236789509,2.18446003889012,5.67363047323037,0.0902955531940375,1.26731675014521,3.81587116594908,2.8914335378546,3.20627003997932,1.35952849769042,3.473277849609,1.65596893742236,3.80311738185628,-0.501264860481179,2.98745393750781,5.35667715373637,0.505228614592001,3.33185518940343,4.88360233670739,3.73154389565057,4.9197529232857,3.74273638391162,8.15786214503411,4.27974469914545,3.22711647165813,2.62503083958085,7.76021060659021,3.77183587900063,2.31424612255158,5.05732471802384,7.17743900842798,3.09428892501852,-0.596749694719366,4.05541750488378,1.7522749683864,-2.45694607063883,0.56788246716448,-2.57701861228091,0.29672448904918,-1.32777504684325,-0.498044563242796,-0.833009978360576,-0.836008578743769,0.246511716956412,-0.220208166045717,-0.84679539373081,-0.315124002442009,0.536334948875649,-1.43816357120726,-4.14830293416194,1.38871730216897,1.43933976973191,-1.94268164865755,0.859472396025919,-3.67562705846537,0.45458010254421,-2.69096422037289,-1.06857610517134,-0.221530407276421,2.32510789405639,-4.74394300376881,-0.967581121442083,4.22028596870331,1.44416023150507,-0.467113555903119,-2.63996049941582,-3.5295097586817,-1.40436456351747,1.59067102669043,-1.9671148351534,-0.708768887718864,-0.453275418531178,0.0874088937664852,-3.73149160152139,-2.35457604490076,-4.00509172514735,-0.634599625895794,-2.8264435015168,-2.93241964663404,-0.913948596298134,0.458691309162356,-0.544754723996157,0.142113856378677,-0.458299361813526,-5.15589152609375,2.0701523891952,-0.337280106452484,-1.52655321310097,-2.13932753636285,4.52908727107076,-1.4420835064728,0.18706360634518,-2.03675726772981,-0.862704867404607,-1.89323676753267,1.03006967322088,0.960035049551703,-4.3877213738186,0.010444997334182,-2.95032730618231,-0.941759122615057,-2.91090431264449,-2.36122430109419,1.35686543017125,-0.742241684720774,-3.4840297431612,5.44185729401288,0.656217894195269,-2.32951813874476,-0.157674878433769,-2.58494152542359,-1.27001116600339,-0.225258229763528,-1.85626849095819,1.40447348799518,1.15106263604159,2.89503924306864,3.03737708354941,-2.08119510735377,-0.691264899669974,-0.658591517971615,0.35399481759047,0.0561384071025541,-2.58996625939077,-1.80816623279007,-2.84788568721601,-2.2259231498483,-1.87576254774682,-2.8112684615046,-4.51767897041716,-3.04101198994848,0.50492948521021,2.08490467972489,-3.00744876278743,-0.787945243875914,2.71144502164192,-2.3557353034028,0.258978577908171,-1.87765975455089,-2.76937410551977,-1.38337193094196,-0.848680274080901,-2.75250842166182,0.650222647004337,-2.75221278366289,-0.154397983053333,-1.88088885098267,0.318807094607465,0.787902612155542,-2.63266439126689,-1.4492003144322,4.37819157781912,-1.71464258463806,-0.143664333699683,3.41175933693848,0.528387687302893,-6.90102719792569,1.78194262085375,-2.61552880169062,-0.889823773443258,-0.970693513749091,-1.99698717507988,-2.76354778700202,2.96481125085613,0.158792771159828,-0.269679513633316,-3.43896121568938,1.06988107511299,-2.80578015501484,-4.8091970302914,-1.04329623828316,-3.19310672783482,-5.39540240121744,-3.6130253631167,-4.31188762544953,-2.24438517112104,-3.600173728519,-3.69178392187034,-0.342856899106695,-1.38090584803101,-4.3524171143583,-5.56602151831134,-1.35642006855863,-4.50454729933076,0.780211580296568,-3.41091077305396,-2.16370331418569,-1.48256911461765,0.80057197705629,-1.06733223196648,0.857796504304918,-1.43481345204506,-1.49305282929791,-4.20189125020643,0.086730629152576,-0.332284415357694,-2.94582388985478,0.610277900798142,-0.696868752171855,2.99690591362736,-1.86900363581283,-2.30391627780929,1.86979741060446,5.14840637620576,-0.995881473214011,0.411590892963935,0.106537049503776,-3.0246172482259,-1.85154071357312,-1.84171743142633,-2.47825645983627,-1.2944066151672,-0.663825884046489,-1.77589974469408,0.112541601909231,-4.09672536242801,0.50990905607865,-0.57329870104476,-0.714901036956934,-1.56542681432218,-0.712049924565192,-1.23441105872107,1.90742725757767,-3.70314476366088,-1.24871253567111,0.846302315446299,-1.52424455225133,-0.969717206976334,-4.57963458371528,0.00280139052858086,0.117426276164373,-4.05284885354833,-3.43299314032138,1.29610388142479,0.829741129476247,-0.0371016981134789,-1.72226373085912,-1.75184624503071,-2.91445125227356,-1.99229287258766,-3.53806111122611,0.879274416101008,-2.68491083671285,-1.87414553860578,-2.08251101374401,-1.61033544461964,-3.94853235259987,-1.07814467418688,3.21399620667034,1.53208389567201,3.00171519701048,-4.40977867452383,-1.64651280607155,-1.92407480033655,2.44972964869797,-3.53554596051082,-1.06100627292026,-6.06893021193888,-1.05152166502558,0.521326947403074,-0.511096101432649,-1.93252379812554,-6.0143285799165,0.0936421400418805,-1.53902840363607,-2.47372235190837,-1.09217590098987,2.80248807194367,-2.56260867212065,0.261828961864088,-1.42939592594217,-1.65519203012689,-3.07461072102727,-2.28585516024415,-0.934564607412965,1.48050337569104,-0.0539243347451576,-1.04166070634146,-0.252901949568883,2.1148209490011,0.777417493940042,-1.77231941155277,-2.39646323904522,-1.76802407654468,1.20571274201967,2.9790622002557,-3.57864886532443,0.768731510403667,-2.33274921470546,0.669610283658272,-3.09519386255434,-3.15601036647022,-3.36305031771706,0.843660352117807,-3.26014901500645,-1.69262086847895,0.501329857574247,-0.579116562583646,-1.59760686166007,-0.625593097869384,-1.39449788051523,-0.763941884630593,-0.81220555057346,-2.68909165296783,0.648882072700007,2.06469398511192,3.17299548052836,0.94693677612803,-2.64818813618273,1.28895291656282,-2.54718066393074,1.12003555265946,0.143113049310214,-1.18335804519307,1.71763532953695,-0.0985591326828172,0.278208040569772,1.85398550412413,-1.92744520169405,0.312728726690227,1.45616816661829,-1.32757235025083,0.0605045016944836,1.25185522044884,-1.28441949191993,-3.03853738575048,-0.705956144085729,-0.44946676246154,0.148179159918859,-4.13522700113939,-0.900387634518249,0.910307087221217,-0.930338809988696,-1.02189599395397,-3.32495846803847,-2.38271304937947,-1.42953034580243,-3.40828691507664,-0.977222768781314,1.18632601925211,-4.19124860628973,2.30813808351837,-2.54686246681282,0.254057134783869,1.57885860579308
"85",3.49499856817025,4.03048966289618,3.87603562402144,0.371133212102454,3.85343382228815,1.50636490434434,0.997603645875471,2.17561157075153,5.83035838581482,3.09934407088853,0.330042754055489,1.12686041141151,0.949361336306137,2.79555300860713,4.93055745566793,5.53843910662789,-1.07872682399939,-0.271338917894552,-4.73179356129264,3.80857084277957,1.31796537927087,2.42703164816435,1.80803627901392,1.67033303554434,2.75940286240871,1.54817100654011,1.47948192681668,-0.639487995811283,-1.55189937743825,4.60689412033002,5.46806407205301,1.11478396270604,8.95961254970365,1.30380053056995,2.566792346053,5.03867835053605,3.6218098065638,1.21981253820566,5.94282124934344,0.961874157031961,2.19947765398391,0.201903233051856,2.81542852345062,4.68407179609637,2.40492241796366,4.1632830198531,6.73188326659705,4.33434414725961,-1.54337705773342,2.12652781675959,0.637138143330993,5.19400531547137,0.898842114081893,1.5478796916075,3.25684044516584,4.69599614405732,4.47319865600668,2.18516382884046,-0.0533652341701698,0.854474515926729,2.02145618741276,4.60784667233481,-1.84948073364035,3.57764436574939,5.64102463578673,3.32343875664062,1.41016248444615,4.7066540149425,4.59599528624279,2.99926645581324,2.77450349279341,5.62699253209517,2.4737072097888,4.73451897068071,2.9557046209053,2.87314909274198,1.68787230329073,0.815437639690482,6.87483257176037,4.31617187087394,5.17877825346029,3.54357281422149,2.54831401240715,2.26746569853059,3.03666634238005,2.45024770928772,4.37318619164848,7.45060543587617,1.75960698644467,2.84695835957062,1.73288230503687,1.22511328042352,2.07665721062324,2.62553341719366,1.47574494101075,3.56910899575467,2.27236720856814,5.09612534179933,3.27649659709067,2.41294930315771,3.11608084884658,2.14343995678827,3.20946403635434,2.73352333097701,2.29397448742134,3.30078285766259,2.7597064644226,5.48934341376555,6.27088103945239,4.71736020025616,5.81245768125352,3.80409007619412,6.83004445773065,3.91725764579891,4.62378593309574,0.177644903896403,4.6805397627118,2.59370062680006,1.95007846979974,1.67251982535127,-1.75100113931109,2.74416171335378,6.89674196711969,4.24307239556656,3.24835244010344,2.88798096128623,3.65241161831586,4.38435344018296,1.53506216158692,5.58748796283461,3.69027942777021,0.98444391718317,1.19414379846823,2.14982365373806,5.40402737534987,4.92185770587959,2.79010980153893,5.16052967797978,3.92000769279213,0.605564913621164,7.09045388867997,2.50527429981254,1.37098767083176,3.75651368132122,0.470679076167138,2.23320261959456,-0.158018334228066,5.77489428845385,2.70298079657022,2.24327411204303,0.60145346696185,3.0633061645519,5.90663986037796,1.94769103854378,3.70411397788331,0.652520344368767,3.41645991694309,4.38156548527983,0.684227190335645,3.84687486777215,2.56686812532968,0.673324546925173,2.48040092742052,3.26655781310591,3.40707330216529,1.56568342983567,3.42923383883199,-0.222105107279289,6.06382785301723,4.69530233574736,1.29707900381029,0.687564376999417,4.19723771487096,0.274864095599134,3.62460034207599,2.23713924219747,1.93476880052598,-2.9048604915027,3.51713423095446,3.67393118733946,3.25783028995735,0.989809555455014,3.34059352292097,3.7678536498336,5.9136198984076,1.06409849999523,6.3702275816687,2.67706367939147,5.05717638258238,4.98966966824024,2.14081203369234,5.09699207563915,2.04858848681882,4.95511329537142,5.0661125523589,4.056062357942,2.61404414825682,1.65040074535042,1.93807604676238,3.14307186536694,0.582527208090807,5.70503376631898,4.11304551307621,0.742473386608185,6.85041711626802,1.28214763494572,3.00986788701814,2.36024212216169,1.83931341414798,4.69572881196459,2.83035998229896,5.53655712330103,8.96884702038147,6.93666029590101,1.43711774503411,2.36758507291201,3.47179292969084,2.95271672494122,3.57925780823699,4.43210120663464,3.78940078168645,4.08730075800193,2.39849737506262,2.34193424236454,2.34019972068952,5.3500216557626,5.42910035900918,1.39952867371376,2.76292345914271,3.08982472900486,3.1475958089869,4.64966697321439,2.05584211702143,5.35579347578976,1.19609598002016,1.30830513101975,1.92623226881222,0.110312516880501,3.83634856837957,6.61638748034003,1.54544788552643,3.94056948867549,5.7666030428941,3.75859533937609,0.304359137155412,4.65950701068097,1.5135262088744,1.10088480438058,4.98775476963602,5.46896720538506,4.15654908902682,0.773320507196833,3.43343278891722,5.95571500005899,2.05470725735353,3.59569553339825,0.344620681380119,0.10508906361711,6.97652320284542,3.92514611848082,4.88888178077295,5.59582835901477,5.23111642242078,5.33263606712462,1.37186377031946,0.801125645598927,-0.0999611309482256,6.41276088444919,2.14580501624807,1.41896356824479,1.65422947201956,0.26420212453271,6.0362956466146,2.13272599168316,4.74465302016373,6.90665889042676,4.27185133819337,1.26961800052489,2.9687888168662,1.99958696740728,0.854581691354417,1.29277527876086,2.19188279960977,2.48196536860444,2.45409107743721,-0.151346798681654,3.77583516573032,2.24040840466838,3.77436440424409,1.07613089664265,5.52124532027877,0.072723175774339,1.97394574623726,6.01128458546171,4.74936565914973,1.34638564202241,3.2291583792741,2.23420141429745,1.42693959335799,3.5542556514167,3.15282549540556,3.97156535941339,2.8814767759785,5.99522661401746,3.7310726853366,3.6199099218287,6.34663645372462,4.09306619616064,5.38962610395889,4.32683715796273,3.48377628815813,3.83475333060463,3.97907596502201,4.98450847668808,1.85598902561849,0.479469016004429,1.44635012311381,1.40141779861093,2.49182693909325,1.31006975624488,0.043996299981087,0.514534867802247,6.06578361975113,3.93839153134849,1.1205148736965,2.85198144485915,1.80340599726664,3.71396767964051,1.68640631193223,3.43109666571548,3.62749611732534,0.324620498467335,3.2102949503498,2.67451702927769,0.846577184610917,4.12976891026499,3.2128575040161,1.14134739936296,0.642547318570146,-0.558033988640132,2.94153123292541,3.63911138874817,3.84113820611406,1.93619730988489,6.37941917840766,2.9137848746972,5.72370167944749,2.48050149465162,3.71740767673128,2.95403514377591,4.32791403195409,1.11831066845127,-1.27398237728599,5.22068904135031,3.66957127142167,4.38178626467243,-0.864155784879574,5.55696364091303,3.5992001634114,1.31733237207409,3.66543613639718,4.15557211946849,1.7538961831745,4.80160288989726,0.603791633515874,2.40953131414843,1.95322217806215,-0.0804140375474192,4.2222504210176,3.60425100932699,6.14996709502963,1.01142225910586,0.969353912563556,3.61249045612685,5.10739024247834,0.13945596955294,4.85740665541761,4.62645692774526,2.29142112558155,5.41948750012497,4.4653173810229,2.74898992950561,4.42222466368133,3.50060274546462,3.07790667491061,8.16877544652362,5.23068541117928,2.56309630198287,3.6536852429738,2.68939593582148,3.78402452273185,2.27765391464472,5.0523535694055,0.58856439569134,4.06984462749196,4.44833765302661,3.91140522208318,6.09968895999527,2.63149252501548,1.76234669604995,3.88534804245768,-0.144103990171325,2.24106291048605,2.42433860039202,4.33515627553219,1.03817461748734,-0.637380447889845,6.98567390363691,0.5566683500805,1.27725608701247,3.74643525890632,5.10359743651883,6.03225984071507,4.06969177088439,2.43654124536925,3.5971926923422,4.69956419887627,4.40142077738677,3.28750585732797,0.418291545219905,6.27818397102749,2.15060563139115,-0.948583157207435,1.14829145877154,2.6777952492415,0.0614223345650426,0.20711255000159,0.98587114394786,3.00245579243106,-1.30862961932643,6.17568560264433,2.35304615573947,2.69867216957222,0.789346763409135,1.66265243387104,7.27974854920443,3.23908183516937,1.54921603103571,2.88694593758907,6.20987219666671,2.32705574255995,2.35234938449007,5.31765903755025,4.64387077642808,-1.32024598232751,1.11676637188231,6.83133957803538,0.941320131300825,4.79810663222041,4.46923268186769,1.95114690226633,1.3435809049041,1.75792844319899,3.58500678093974,0.277678249321869,3.49041475059014,1.81956722931738,1.61302008057185,3.22728939749969,0.947473904668882,4.30011007715576,3.79887287292648,1.54808701728876,4.23284423792506,1.71703753641467,3.83377723045286,5.08494238757223,3.42923109504432,1.08181166287935,2.63329561274336,3.21693384663315,2.70734934188942,2.92219934875607,1.54575850457081,0.547908162613317,1.20851800050124,1.05598277545817,1.50455103132932,2.54179741046599,4.10303653774647,2.98684075506166,8.89599998731174,4.23068219234308,2.98147969170525,1.47934265078772,1.84367217786751,3.89871844214612,-0.317247287424361,5.70077001176873,3.74521649647971,4.61498794273744,2.94972672994131,5.33537565692906,2.20768786072838,-0.105973399424713,1.1952912846193,3.56321314554619,2.36266582218365,4.85768994868916,2.95847985119052,6.33144579370701,0.559233066891706,1.9657139289641,4.30927169853,2.60221511159256,0.723143601567927,3.50738881060484,-1.49810588893822,3.07827055292387,-2.39870017030858,1.17220546863558,2.52666816863345,4.18281271476549,6.79201486141074,4.87422858236365,2.56154694779983,3.84072975256859,1.5747390299417,3.08110958648843,2.08066681243813,1.31562685197262,2.76406635801394,5.3143065178082,1.71283829887474,1.86399570319622,3.72508960992619,1.89502148153714,0.807283494547177,6.30932105084424,2.67539601545399,4.37059196268637,5.91950566146513,5.74314969251707,1.54629160071557,2.2657781464764,2.49942867692529,0.91547273605531,3.25680725619122,4.02168670400267,-0.151881098000173,2.02821419099781,2.44544209461457,2.48747883953432,4.08099547437301,1.83869158935202,3.63821626323609,3.14374115282456,0.923481040921712,1.60167485513981,2.22733191331056,4.21419482875722,0.277242929507528,3.89412233588995,3.58904261869493,1.72960157925987,2.22078995958652,1.40622081731775,1.97088024915277,5.17594533520657,4.06169628809822,7.32956158921338,1.2912201676018,-0.181891493306587,2.25080114843927,3.51899358161631,-3.55209136254046,1.24984694593519,0.192920129883624,-1.83256735563645,0.171245479423263,-0.292589081675053,1.15343902564566,-2.47280746582571,-0.640396216550556,-3.61651261374204,-2.82673254563259,2.14433705554746,0.600376557367556,-3.70169845372151,-0.0260340090510587,-2.70802700203757,-2.50608960259181,2.55353059380206,-3.66378675039951,0.322563876109919,-2.49110805174052,-0.118884800250119,-0.206229289599352,-2.82940578273339,-0.510210920354653,-0.891414854730562,2.37091574957441,-1.17054507187189,2.32053612467764,0.432193876622422,1.48001663927849,1.26593166692715,-0.285137451054113,-1.65935873463013,-0.405376859117269,-0.0397556053816496,0.321681673828214,-2.81611687622911,-1.25335333571892,-0.776269389788351,0.367154803684839,-1.63082123038104,0.842773256727967,-3.35637338155982,2.15754423046991,1.62059331032457,-2.5508759783574,-3.77206869759889,-1.27123472507549,-3.80534348058657,-2.60016748709433,-3.39889244548811,-2.80945447565132,-2.62064551883754,-3.90517438002694,-3.09659999460108,1.41305529573334,-1.92875815927323,1.84763273033802,-0.480353423372772,-0.478494432776435,-3.15253816842719,1.80031581653011,-3.44317695880151,-1.88725957308487,2.35517620584415,-1.38528100373507,-1.94576907420228,-0.624626500172879,-1.15969096418889,-3.78906281091824,-1.54882175819845,-0.990250468045941,-6.03329632459407,-4.39123049818866,2.04855400603802,0.703186319801064,1.42981325968134,2.7906514793876,-4.25126046781105,1.29686499285534,-2.57016560923174,-3.19626242552756,0.52189400643506,1.63987327184248,-1.68546100810914,-0.378228166694431,-0.239190962776074,-2.217614525383,-1.16379153521548,-1.66737115971518,0.0539072162803695,-4.95513516961939,-2.55416768681772,-1.69688211977159,-2.32774313190186,-2.57270732479268,-1.41893134464981,-1.97993089328438,-0.0200476474135254,1.43785512922334,-0.113865996153527,-0.422285306739254,-1.17419915381073,-3.6309563156601,2.041989399514,2.21649191744953,-1.88365573670537,0.0157907882246235,-6.12322523304663,-2.63204767000571,1.16058240239487,-0.257058522140356,-0.99878747972138,1.14130294129953,-0.970327146359101,-0.524637442594116,-1.17368843186352,-4.6244782970548,-2.67425105377333,-1.15026354684285,-4.79506232865269,-0.559480271532718,-0.122929385820225,-0.65245620817674,-1.18398989572988,-0.459048899837199,-1.00703260627519,-2.25283548964268,-1.67855191534364,-2.4319864866832,-1.29566154724428,-2.07630364700005,-5.32678901683957,-2.69017856398629,-0.439731469325345,0.298990895119728,-2.48756500042438,0.702165255032256,0.833970144742829,-0.297303512442824,-0.609014959288159,-2.18670690309139,1.14818096093955,1.88789232075843,2.01219971062223,3.87308704341577,-3.19972889036606,1.66652023173604,-1.37849914323329,1.17523038975334,-2.19208708659441,1.0785070570686,0.955553420826106,1.49879489733944
"86",4.43336846212202,5.74414572894196,5.25649211305993,3.52034281238507,5.06074913690585,2.09502771423243,4.0714867903803,4.32066739511001,3.10084454334307,5.48299668161219,3.84774756963981,1.31744724967009,3.43538512263916,5.18870013076156,-0.559454143344067,3.68736156370203,-0.523389761527666,-0.161371548054031,3.79035769872863,3.63402367221723,3.28227717760085,3.69906316524517,2.64054921054179,2.48951636887966,2.82517861918264,0.468406095395373,3.3297420987265,7.8310722960164,3.36444070914397,1.78357934341483,3.0248059915412,0.866611587886446,2.96626538330414,4.76721330066988,3.3762916322566,1.38607763431051,0.117119904239838,5.97111773370383,2.19290790206577,4.18895694719023,4.15857467563718,1.31900039229329,4.11045786152267,2.74157700917677,3.71910993044521,1.80819970098478,2.48649563245312,2.31797277023262,4.6555602667991,5.48042145881084,6.31169593164857,4.02287006971565,1.03371758556744,2.06530625771854,4.45719411641113,-1.03878350732755,2.01286986767012,3.66150801574336,3.75202745184,2.49708370139439,5.09953696134014,4.24751896054378,4.05078768388353,4.09470350855309,6.36590448898402,4.80015553603032,3.2436385644836,-0.733422310389917,2.86650215882226,1.96911570889772,2.01768376405373,3.64091354101766,5.71350784699817,2.54169373484756,5.28337164193758,1.50222425482378,4.22601969283556,2.00867713082792,5.15238035563772,3.32848054464565,4.98302044965526,5.96803883339231,1.39123720008659,2.68967019201227,4.2258818290333,3.57312709675081,1.89865803195612,3.48570169921349,1.25337004607745,2.45123250318417,2.631135466837,-0.82394686336725,2.22388299825393,0.849859673329673,1.74478410398989,4.33964621079525,2.56333348035751,2.04511159954753,2.15696280645156,0.788242392748217,2.16540034076217,2.93237269543754,2.99715715720291,0.945011604961152,2.11023712404861,4.2193775604538,-0.156663529680945,-0.453041271834463,4.51338010747327,0.665811842441228,1.3577517490197,3.96416609012636,6.21994504756405,0.26613930065652,2.24561717545195,1.6454883806793,2.56508588561231,-0.340928760711687,-0.782120120783455,4.69523663739787,4.779986109406,2.14731087236839,4.46135818193493,1.24273032982964,3.92672225433897,2.87719120618794,1.44181152689851,8.3392617345609,1.49296778534176,5.20221002894863,2.27170471318447,4.42772594856042,2.7261092286748,2.11678960527254,3.55352434094605,6.10210862844546,3.12362334069923,2.03616464742763,1.69244693776939,1.88206790611924,4.66443819698314,3.09249468944407,5.23281808677341,2.9209102076477,2.81545214803002,6.3014603580199,2.91958161267721,3.73402055538526,-1.53655201274958,4.33941971380097,2.36150070930639,6.09959106731394,0.767621383191635,3.22470326117215,1.27944706367142,3.18550113972261,3.37601355739494,7.74480526989694,-0.274900518556774,4.63263113208427,3.51508167014326,5.37537753046666,-0.118642878361821,1.53591027764617,0.938333755700706,0.945173765472812,2.08272502018603,0.950588235960796,0.837650662880769,1.69197053986687,2.48104123082824,1.79920107559151,4.82033407622364,2.98901428577352,2.69595173033055,3.66514069959093,1.15407683783694,-1.33152459444679,4.03646748166801,1.05008938510039,-0.569980243317493,5.5027918390861,3.31458096550011,4.50008931404749,3.89808497999805,4.46789499382063,0.240930904076241,-0.188934276939287,5.5797107349538,-0.221267006708707,2.80542478243759,3.23412353572353,5.34296252065187,0.389508077194914,7.58091267520987,1.21854520359875,3.44530777179478,3.92663310078129,1.73961048785072,4.26789828793511,3.18348450320724,0.708626716224741,0.166601060213015,2.83678304554527,2.08314893573712,-0.01557652956678,6.85051392963624,2.20846394346069,7.19582259556341,4.07894619150207,4.75519241996796,3.97721487525271,5.73742039305527,2.24920545492217,2.68235947331011,-0.329873608267329,2.5484801664771,1.18388034049612,1.51885395724096,5.59766315739338,2.61785120440274,4.9966244638038,5.33255168389946,1.34661432236966,4.29958402093817,3.16148358722051,4.98745077397433,3.49704738130212,2.24193281372063,-0.0636372046447926,5.48911847633373,5.26860421973243,4.27146636789678,4.41440162260179,2.58529800201943,6.15432463543539,4.68301247999046,4.05613023930386,3.18521655844763,1.00575790054665,3.82561006322206,2.1899155065108,3.98006573252141,0.823779125091356,3.60754325722964,1.80372180596594,4.09477223187479,1.52163369202421,0.695311455832462,1.54251500983933,4.60816803084449,6.01728959845257,4.67666175280099,4.55676938025033,5.09050568905263,2.73191858024481,0.750342940251448,4.58258546307196,1.37077738982224,0.208529018132992,2.95141869578734,2.25030075562875,2.20564460619545,5.25385419344782,2.71670999656351,1.77679050919537,4.15430423006314,3.80351914545647,0.99213876945302,5.4726114995164,3.36313599314412,3.47059923865426,5.09305574701137,4.99558164165781,4.17338657758242,3.11216348105997,-2.30587752584816,1.4380732545912,4.44679352015639,0.680471711510937,2.11118541065464,3.90453263242378,4.43662775809063,4.65308425694775,6.42169273956407,2.84434212651093,3.79844865617398,2.99722609075136,5.49305812040266,2.23823666844804,3.55238175488999,4.17637329038861,7.0440723755975,2.2310236864027,1.38140932663748,6.01976319344638,1.23988388253022,-0.224527669738661,6.23288171922919,4.91263806327124,0.908474520681594,0.343689827513996,4.55634710620927,4.4267200994312,1.66103530819875,4.53577304559256,5.81001414761339,6.2903988949611,7.52292711361738,5.28211319316104,0.714857164396392,4.195319699975,2.33033525943262,0.901134616371392,4.17591644411587,3.93664578078578,3.71109942415953,1.5186452785083,3.45261436314654,2.65287364882495,1.03673276492732,2.85128414626307,4.04617718523893,2.79290085043235,1.07684246229826,-0.875933013244352,5.86158483111508,4.18512517264593,0.843259742460249,1.21392720716037,4.68754603863257,2.26494258853058,2.3308620140525,4.38102608457841,1.76510480595525,4.00959877213137,2.75410920115174,4.93605213381652,5.41498257071146,3.53683370130406,2.10391479065891,4.84404707642102,3.74770541969484,3.92553117675437,0.859896167069699,3.36727012528416,4.10714697428075,3.12870771866301,1.72650987427748,3.4448846478349,2.5582299865983,1.60345937361211,3.51816065901953,2.79433452691378,3.81492180355112,3.44150897225508,2.77120272269551,2.01233817083402,0.141336903150764,2.58849926736769,0.0933369650637497,4.30092244870217,3.34873788567706,3.55487773813692,1.80795803644204,4.15197543064131,0.487908137666667,-1.68197497601922,1.63189672869858,4.83229129997739,3.34422727466854,3.43267514456331,4.09676586726626,1.26483505554188,4.31169159743007,6.21009237477495,4.74367249174432,3.6730140054108,1.18505148181373,1.27221666778738,2.35486256468913,5.36156901678529,0.898708686528275,4.0424098885122,1.54923764230435,5.88529876238975,2.45540667030336,1.66605348749498,5.41530614648337,4.02592665299577,1.19698685012024,1.86488134835976,4.87577785420341,4.9438509520312,5.3493511532344,1.64827977073149,2.18008250129759,5.57771376805067,1.11502464349249,2.33424188839649,3.42990245206754,4.17808066955565,4.58066113594057,4.41328198308838,4.24890073088116,2.4911838491147,-1.52812426681391,2.26686518903823,2.02910402531359,5.89318622079821,2.93168119872461,2.64819190547207,-1.65933095480867,1.92998493493183,-3.15871250814993,-1.72444706780089,-0.702105812447365,3.0579450071599,-0.556652385977214,-1.81515908472617,-1.86516212568532,-2.47506963027066,-1.02417645830065,-0.406158306980349,1.54584828996363,-3.6950848262461,0.174905129011357,-2.60996116018757,-6.57173831366712,-4.79289372964983,-2.84730066562851,2.74712229714305,-1.00574516090276,-0.540510413073454,1.29501527744443,-2.67876503331762,-4.08942095076984,-0.740016374942486,-0.0372022208527568,-2.6519824360899,-1.4886719715136,0.556721544490969,-2.87270494011858,0.945969689383872,-3.08340941798978,-1.45050773939477,-2.81321737955693,1.05093950181974,2.26262647806256,-6.80696226605983,-1.73087868998849,-1.90575830442866,-0.0376089721487328,-2.59438806041468,2.27208285909716,-0.607330050692191,-3.73596244236233,-0.882099289252857,0.356739299171261,-0.838483839828485,-1.40425011029234,-3.13825853940407,2.74235639429801,-0.419293862976906,-1.96028166337603,-2.87840164385222,-1.58700448772899,-3.34073903089579,0.731424776402082,-1.09939229690844,0.302933509967517,1.52201254641712,-1.65033189564201,2.06255572456659,-0.190464024137805,0.041555522644992,-4.14969410982762,1.05077619889681,1.83810245850115,-2.78953452840236,-0.533606956240426,-2.20615622329395,-1.1396125108556,-1.10389781758866,0.837540959046502,-0.63472871900726,1.02543961581325,-1.08922142859471,-3.56017578337246,0.509986008539572,0.198154946891941,0.549340556974328,0.294227601250341,-0.215263044993324,-2.14468843630844,0.13002448926885,-1.36045237557813,-3.94085172978839,-0.0256081917680986,-1.86378739798065,-2.01271588585135,-0.985657113208237,0.0537010418791453,0.753880472508656,-1.72469901772874,-2.16301521974145,3.39992265888585,-0.765664432966937,-2.24175020190253,-1.74691995673049,-2.11576279784896,0.392567210710597,1.54831178258115,0.886021331154516,-1.95697482079449,1.06844416801151,-1.59269691552195,-3.88239625157274,2.38689067441201,-0.211241204446822,-3.37913250488184,1.47105216514722,-0.987272409333347,-4.48076008055652,-2.43961644271335,2.76544117024829,0.0694995795902726,-2.97916055429183,0.868950603258218,0.146924190311294,-0.0858668889757828,-2.16935137296976,-1.97870380811044,-0.448648579997474,-1.5667567570144,0.988687254377225,-1.69179620822279,0.878976945092371,-2.18175966393483,2.67504483473323,-3.31314638856623,1.4302463101583,-0.322687661561591,3.09381171494445,-0.963165957427183,0.11816029301582,-5.76118967774773,-0.154031928579769,1.18465414872858,-0.912754309912669,1.16942014063599,-2.42491085298082,-1.33181878788159,-1.2965642300755,-4.29288218126681,5.49438393605338,-1.2355129678116,-2.55112965311444,-1.4822364103022,1.42816618370939,-0.546483116604768,-1.71395109159629,-2.88601185506248,-1.136344626256,-0.770384175896174,-0.590693288127119,-0.238521506558361,-1.17465671904369,-2.49674386714361,1.90887101524514,-1.47612504818914,-1.83747916318173,-3.58511885088694,-2.79511132401416,-1.74922251215234,-3.14802957451512,-2.85805404789082,1.76666524560752,-1.75951992786612,-0.255961737197454,-3.81312249765684,-4.12184701862422,-1.94978726001953,-2.57986269518173,0.104201433549701,-2.54924931851657,0.633556947963377,2.59139447393133,-5.0909869723054,-0.167318754618234,0.211053111210304,-4.6630016128884,-0.924515259325564,-1.68646532901973,-1.85491758642153,0.67845054700455,-1.14361189878885,3.49021963389577,-3.31772180171904,-1.18257220529281,-0.449840425751897,0.857732055179776,-4.49387255658915,3.62782708425997,-5.05723224054188,0.734173116574212,-2.88385589712762,0.105759778524366,-1.41382323481398,-3.06126438614555,-0.589044086007772,-2.00592498879867,1.05913323824094,-0.84235620412563,-0.655889517862411,-0.903650932963638,-1.98113646620716,1.45479069378715,-1.36193025852193,-2.3578630290707,0.870601224772778,-2.51940562709749,-3.96032410724953,-1.01058213252871,-0.972383745319973,-2.25340537666731,-2.16298075926519,-1.71782112139027,-3.43120113411761,-3.32108029389132,-0.0421282817172817,0.245011442804536,0.631059812599684,2.51818558998394,-4.73709706176968,0.25776503686794,-2.41381061911227,1.32451663149116,-2.17563199604005,1.55392804044203,-2.49143070328675,-1.02923223251097,1.3667701342296,-1.39135834436152,-0.783142083019878,-5.98068635601601,-1.27951083369478,-0.405500071683366,1.62442149065276,-3.45257343837079,0.10946179605065,-0.87899134789841,-0.982607069838366,-0.960383432097178,-1.53197729826885,-1.31607767150953,-0.817003739923294,-3.16149303928416,-3.45885605913074,-1.29674062189119,2.21536138909207,-3.28891136748392,-2.72752596510464,-1.55267631738396,1.51566229747895,-0.00662113050798285,-1.55922959515543,-4.84528143695358,-2.92650735877785,0.335937368638532,3.11679256201337,-2.91477480138415,1.25458598804933,-3.20761406222938,-0.0206368483011645,-0.180639655189798,-2.89184278889742,0.667057576455983,-3.14097819283645,-6.1161137711527,-2.89106342759808,-1.19336984603786,-1.94550048966814,4.30627997770282,1.08766642846683,-1.80278359582769,0.90067766371602,-2.06672470436585,0.00512323243510338,0.048686049559225,-1.0031952648069,-1.43356459229601,1.0523040204866,-1.07248208901222,3.08751257257566,-4.19707430579813,0.109951395694401,-2.58559017565582,-0.603114814207924,-1.81518902247012,-2.04089002260159,-1.61575617839361,-5.12554261757458,1.6364530945865,-1.31983789544964,-0.999428175507345,-1.24850481014298,-2.26050858421301,0.217586965308153,-0.317400945662559,-1.90582856805486,-0.154250123462396,1.16534884754434,2.75303577550081,-0.28401330647223,-0.304265646875071,4.20382331607445,-0.166585981283739,-1.05906251435768,2.44926933007112
"87",5.8336084660627,1.66913450912256,4.35116604313977,1.40339728364495,6.66522226043393,0.741239025255915,2.95321318900047,4.21936727763573,5.6369211417051,4.53777838021443,3.97713967468708,0.43505223870961,3.92621418158611,0.490388309871872,3.24591852449659,4.6704865750825,2.60374204713895,2.39853139409527,3.73476294303146,1.41375035332998,-0.81380016877184,2.1211263663845,3.57117706890553,2.40303896688004,-0.466361981341719,4.49146411133564,5.48211753803375,-0.258211091427001,1.92260869403963,3.01688082173494,6.27249222577653,5.20930810254173,6.40520311756909,1.11214053586522,-0.0570178954483733,1.62353358211357,3.68790262395617,3.84627757732118,1.66348065701143,1.82198538470702,1.29106298341011,4.13309888287557,3.81907080115257,1.86113052206457,-0.154144420819451,3.60040265784981,6.80802333154935,2.59390895994348,6.8429847538872,3.64850637497094,5.85536930575556,5.60222235115765,0.544816997927887,-0.0473311539841781,4.17327611653894,3.08968122607063,0.548455793079292,3.5145396142635,2.3617596352723,1.61066610932705,0.393252460094807,4.79422951347388,5.65201631271742,2.89044583559062,3.463178009285,2.30193582018557,5.08524441623026,3.31165676146772,0.812603436653083,5.19508017235253,-2.02324700937202,2.35693732429908,2.38298664019372,3.64217526648132,0.119552723318805,0.117677063880711,7.58991037930736,3.17877679799278,2.6356352674285,4.98379888742425,3.58426080927205,4.08645433061724,1.12489834215566,7.31422494626437,3.4815665585415,5.24239486629111,5.33051393643411,2.17319433294441,3.1683213292089,4.60713857275689,-0.059099921927821,3.73413186258779,4.47357971457974,2.31342970111473,1.16580694718956,6.36028872280418,3.4861280132911,4.9921412147827,6.86211034877914,3.64096778291706,4.93840321266881,2.69557466579238,5.01394786461201,0.720897230955442,1.13189700302618,5.2176965732433,5.15782463607405,2.38824117924674,0.975498444286231,1.74735957618339,5.15593142679747,3.86067552334889,5.66455892489023,2.82565102788786,3.13606058989202,1.74606524688289,8.27698802810269,-0.32070681691858,5.25328968593274,5.13258080595589,6.76994460006876,2.8493992795257,3.49932246807928,1.47268987035439,7.33286362410934,0.419667327602754,4.85584660324338,-2.52665861675231,0.625035262033085,3.20420155380201,4.26781272379008,0.462626342044802,2.41693622732668,2.28482092219817,2.06901405810973,4.56336263325072,1.12626472976851,5.01385405100582,-0.276001704005325,2.9233947493824,4.36322153728589,1.27474993244446,3.56264676176901,4.1760849075576,4.51464587358426,2.13562116185964,-0.817112979658694,0.930712926746865,3.36359575246341,6.36381804649399,2.00157721688451,7.23292895839872,1.49941942741342,0.932092501368989,1.62316305300225,4.84515947181168,1.86528221641797,3.26097074947684,4.93848680841654,-0.705138729655589,0.642064166344962,3.67293163362651,-2.3935272466678,3.6042726114377,3.39646819862225,4.50849974305929,3.53376470495499,1.36690817160018,3.1954801460552,-1.19413765262029,2.44248545728082,3.02351583430625,0.425350736833497,4.34008825373039,1.24378803804236,4.80261910242991,0.638307204755826,1.94901833398596,4.75254279860377,1.56913791066798,9.37363395312205,4.42809394756501,3.78802141030246,3.56061552103423,3.70482202639126,3.77275500058437,0.759454206573884,6.04117166837696,1.50140330836912,3.47103828832988,4.28017134099835,5.02799498154339,1.51471658838543,2.99248259162902,6.4731520901457,1.63774211262793,3.29913164338149,1.17056538892065,5.97763180860993,4.92278179607172,6.9760387099982,4.50748710489415,3.66834651274545,5.41532960411852,3.70871570192035,1.45251995769892,1.14357199956099,-0.655815941653064,2.68886874447183,4.85294729283019,3.42345257783913,1.93236922885141,2.02337955616471,2.94457279055454,2.17458534814732,3.95305102492899,3.44098508582039,3.1581058820841,1.60142758515396,2.6294972568775,-0.60729500618702,5.44675391873015,-1.09924928501898,3.430710753714,5.32102596024484,2.70211813165805,1.96179282884531,2.07135516186687,0.637234043669491,6.73529351210127,4.02882485490632,3.85235692399429,3.83695592336952,3.61097202283395,1.26424328662782,3.57557484892263,1.43080875416417,1.89148106349685,2.46965576443078,5.37729154019747,3.6352237749771,0.0273106939796537,2.63621068135393,-1.6994168051357,2.71326443950583,0.125683550172353,4.23577173920081,1.10872865577727,3.24456673403429,3.35343707168654,4.50909120466056,0.488353538796349,4.32570013169408,3.90488508518274,3.24847338590603,2.68092371512897,0.810676052154823,3.28806129855116,3.14391016277094,3.18722133809521,1.81194614693637,1.14354648581259,10.3846777457847,0.00862573681171064,2.57722776321903,5.11392066274057,3.9797134995868,2.19312988966952,3.49478549786794,0.158524136003203,1.27710012614718,3.48663930100742,3.08085810409025,4.67159198831113,1.72547261794877,3.92394953593495,3.86560434981578,5.99083213000139,2.76293093413371,1.74291948959297,3.02025973511547,1.99793804141133,0.309925067581771,6.52510665745688,3.48234044685789,0.0757311636726339,4.48556686037501,1.73754089366649,3.44790093671849,1.92398877628825,5.64162880777934,1.02331284606332,5.21328350217686,0.758943916794752,4.40656203229058,7.09490928363448,0.371361838307069,5.14579323338944,4.02228213066257,4.84664382398158,6.13158017433758,3.48276529294106,0.393110144384186,3.25792202077456,5.14919545804624,3.64945745066295,3.26734954465559,0.624858266718396,1.83277501482574,3.36728221412593,1.65212439417776,-1.27403277214767,-2.49369146366911,0.420581500458174,0.323960897600892,-2.20505201458399,-0.78272827328557,1.22580647063292,2.08521214915274,-4.80881101989609,-5.84136655125474,3.06836838900713,-0.121960323032726,-0.681038854186882,-1.08088756834113,0.603925278441647,0.677769314808949,1.42725729461856,0.944296504807135,-2.17220360718561,0.783149059425843,0.918879950509662,-1.62390336061322,-0.850969590227741,-1.42107556679994,-2.63527575999516,-2.6137184264114,-4.87492167933958,-0.32062984395895,-0.626567133879811,-1.97954112605656,-1.70604225923031,-1.6873054302786,-2.05468670820792,2.6122499740059,-6.56358828079898,-5.87132376426545,1.49185224814734,0.649488730038088,-2.95429782708591,-0.133838434891306,2.01811718451762,-2.03135434191777,-1.41103821219775,-1.5710691699628,1.43204650014372,-1.32168630243571,-3.48256564742191,-1.49542367108212,-0.746542181704343,-0.918825222435037,-2.6956445048162,-2.83730451595027,2.45666252864743,-0.637534045474351,-1.7258602290853,-4.43241763725407,-2.57826865516188,-1.934310630034,-1.15329841485382,2.23754007384367,0.782953704940737,-1.96481497098668,-2.94120584177425,-2.40591090848134,-2.65789211572666,-2.9670000034272,0.392271851988794,-0.58286654284476,-1.19079337794178,-3.16013527369213,-4.53630050522406,1.32543115266912,-4.14456967534579,-6.76466677688093,0.24588152993982,0.603977012082555,-2.97256371589458,1.47230956266374,-4.00194047681675,-2.35253753524635,-2.5763825953182,1.16809331686567,-0.589940011806304,-1.97762722153713,-1.01726931441585,-2.35778330812112,-0.687695354226664,-0.630146808321808,-3.68944053557585,-2.98675093794332,-2.94674748984423,-1.61691495050875,0.340824082100754,-2.50267829440076,-3.38328245110903,-2.45307002280785,-1.79194493461365,-2.21143986242291,2.31257312503245,-0.812706930021602,-3.08320031465368,-4.42368595408264,-4.4433986149547,-3.31623656291393,2.50690545858868,-2.2917160194218,-1.69905711749874,-2.26779759997235,-2.10346589217102,-1.38848139288971,-1.52959767891332,-5.26759532411872,-0.677147181978947,-1.90972512021434,-3.48370435096568,-2.32096945607981,-1.99394114838085,-1.64712072194707,0.19497270673039,-4.21120671734715,-1.60818101013727,-0.568344118676256,2.43231440083314,-2.49680009059794,-1.06123998406221,-0.904909424791811,-0.335206487933138,-1.99663933411735,2.83102422068052,-0.25998930188522,1.71563407443997,-2.36295861492552,1.20320106419394,1.4253786161406,-0.947741674815802,-0.454732990302154,1.24358964136678,-2.30046213034448,-0.767879035852558,-0.23566102531428,-2.12561627782862,0.847825676163243,-2.09178628622631,-3.50180828985627,-1.87420080050787,-1.09998969100375,0.635792345975167,1.64490045428775,0.63310568427662,-3.19540707158457,1.49054430225762,-0.539507739860369,2.52267612595041,-2.56780236152115,-0.870833480699568,-0.503469169805933,0.647461085820134,0.800621321204094,-0.526077832065928,-0.581004533583723,-0.819282901902562,-2.11645556878076,-2.94239657569481,-1.83858266168396,-1.93506291809756,-0.580031434642954,-2.77715805107736,-3.13778794744384,-1.71185310288417,-2.3646210770527,-0.54509472398353,0.205126017701571,-3.73043610404791,-1.08299136916831,-3.47954934997602,-4.02675693972511,3.48552903609898,-4.10733889649148,-0.654394453795871,0.429269030771251,-2.98989042631007,2.37933641330363,0.4758314818864,0.952939961914678,-0.502967034568988,-5.56477342047678,0.781550509982937,0.139860807179373,0.233655527787568,-3.62056060705297,-0.772931452634402,1.40363432251724,-1.88230205437399,-3.27869329477355,0.381165943248264,-0.0539719296595975,0.925191972934701,-3.54217034902451,0.331650975241719,1.39355668521586,1.68660445445165,1.30687186224602,-0.516525764500533,-1.5769091563774,0.883126736410952,-4.41939310283874,0.756128245803699,-2.52932959943484,-3.04231154292382,-1.35615381353881,-2.71446630892483,0.141445541848068,-2.89941718121816,0.614756462239971,-4.2401936709101,0.917057448701823,-0.104081666853728,0.602824152715322,-3.32673263487884,0.0493662309417853,2.93177629210391,-3.11793918368985,0.217357076596633,0.562336318656619,1.68617389507312,0.94926003564404,2.17361839496211,-1.6414337448452,3.650756221169,-2.20240134301198,-3.65469189999918,2.8270654286959,0.28500566528012,-3.23245281603681,3.95147679402802,1.36263196485288,-3.68189264664521,1.17142306274211,0.667486764587829,-1.94267521535788,2.24305464518185,-3.31566590147221,3.36742962608921,2.1439907965819,1.60657596829434,0.0397670717875647,-1.26556490863262,-2.25783284316471,-0.932440473481705,0.292635308773654,-1.74569972580509,0.138046305941439,-1.31155635980667,-2.77824188970459,2.274612574257,-0.517143718363602,-3.22207419573114,-0.846722632111983,3.35115655123913,-1.69625762987372,-2.73454018331338,-0.511414861720911,2.90040068899464,1.17525573286501,-0.794970764654181,-0.228251947508375,-2.75530184449145,-1.74676971292732,-1.77133391901767,3.22454105467384,-2.39789810575216,0.696259179281146,1.64227443853642,-5.62875492430502,0.548587765746751,-1.63621593275782,-4.15324446843308,-2.1405101033132,-2.96158378482751,-1.44002496397999,-3.03588396235628,-1.6662718861116,-0.923152401987488,1.70327182066051,0.572451104474206,-2.7650506593898,-0.238332856839833,-1.44364583720061,-1.44348916755153,-2.49655721146448,-0.203065347498438,-2.89154817627691,-2.14876378463523,-1.78032871035285,2.11056401578371,-2.57163032824995,0.446660492892196,1.9296198189718,-6.51459474542011,0.47233832348366,1.05495411902088,1.99997673358709,-3.17054134022851,-1.59151936292458,1.02700783616737,0.558358353184865,-2.07630752030363,-3.43953098453491,-0.317770133319472,-0.714556262426727,-1.26908424943431,1.19027276528493,-2.74442638010583,-1.95066382508182,2.82381140934586,1.45232902571641,-0.291931885726611,-3.36466150291413,2.02795152392473,0.887284959971764,-1.80959236725791,-2.68968092145223,-0.340263353437181,0.501650869641528,-2.30482219624653,1.30915785764696,-1.24800034554418,-3.33321521030624,-4.43861170813447,-2.97282550742681,-3.04982451811055,-3.93664174736121,1.4627813381329,-0.00887480212823166,-1.14406286682391,-1.83781408277106,0.715184257268637,-2.17845924769875,-2.39002441198286,1.5182162398944,-1.44805971366965,1.75809859625718,-2.16206855782415,-3.03698633546381,0.663117736013627,0.149022331560637,1.73136673236299,-2.40673593705809,1.59137353296145,0.948919519925732,0.876773331303337,3.27184363553047,-2.43454325705495,-1.58317025651502,-2.71558555778573,-3.70207016920347,-0.425610651848046,0.157727990453314,0.621943901931727,2.26363151769568,-2.08035887968439,-2.21435979962902,1.46580662960255,-0.356112579506319,-2.8289921093144,0.0425984820664094,3.61775031338227,-1.58654292107959,-2.20856156056892,-0.712182831207327,-2.30343905658536,0.695272865528635,-2.58717532775906,0.188925805355784,-2.79103031704375,0.567673024339404,-0.411316227588559,-2.00221430816005,-5.18230659333524,2.87759753807868,-3.12966585351758,0.731737426904921,3.07869573517209,0.0382314258557179,-1.21674161715412,0.549688584282635,-0.54391099818022,-0.734989548449413,-1.16944598881877,-3.96423501445662,2.39971447346885,-0.457982713858528,-3.54763582999312,-1.19499693330389,1.98011385564659,1.04255893419353,-1.14273661590359,-1.0027318874998,2.22900942048887,-2.6047790933737,-1.25289042289507,-0.211989554682469,-3.4040604809298,-1.00990673441351,-2.01503800024446,-1.75787036536625,-6.39163247740375,-1.13020620313412,-2.22323796647238
"88",2.53317169150136,2.87751981696335,3.73879653588073,1.97083316016655,7.96382187486639,1.02136019639416,2.42744349283854,0.352503033264413,2.73412810167099,-0.214452466106837,2.61895453523174,1.65673437375373,0.832178933275356,4.18673674224137,1.42834736876471,4.9081216459899,3.10938145311358,5.86792026946062,2.23456076363254,5.3849687451454,5.30818088803953,4.49998091280919,3.98368831515911,5.03476568124706,0.569068905103754,3.86551531528659,2.61091887775209,4.12660281096132,2.75106461839675,4.8033485277487,5.33940950656633,2.99316487716057,-0.355284370233856,2.03301265157907,4.42845723622222,3.23874873039903,4.14070972243251,2.75561868052272,1.69206674269886,3.52847917396136,-0.325529856628595,2.78041510729504,3.57415484084507,4.35585640111671,2.96454107670028,4.22404404953954,3.75820284509046,1.14833656911917,3.14227769868832,0.309329081155489,5.30029980452556,3.46148868005482,0.845435144574891,7.816411905979,2.27919945089102,1.6837606941151,4.05109336455666,4.79423023471775,2.81038618155024,6.67292194129785,2.45609475127189,3.45425307664617,6.97297826897192,3.99521103131227,2.94327874913834,2.5723370025682,3.06235625896271,-0.391180542723895,2.7201462125595,-1.24073427619326,2.47047128852869,8.5575916378371,2.64976035751916,4.39771733821974,-1.50087359933284,4.85322797619096,-1.16283516794726,1.56548494736508,2.91279253811894,6.56900252203704,-1.02095739660804,2.62286912589208,1.31462576984231,1.66059948104927,2.74054717440504,4.02357190345515,0.96437772270696,1.23142765939483,5.36575698343662,7.10836134144081,3.03557950396859,4.00443869954081,2.85321446102389,2.39906529146802,0.4153287231899,6.83684746927009,0.691915002623166,3.96928248449344,2.2293862435054,2.16915975762892,5.8849155375589,2.33817393518851,2.62130034094246,7.40099069407346,2.65539387795048,3.86442941556634,4.71799082224984,0.639244655986666,1.62052936865911,-0.665001181797144,6.866013717692,5.51511448965022,3.66521913660209,1.7133856830447,5.33436131828143,-0.22930467539794,5.33836057661427,2.24679471270322,1.62382811178366,3.25849702526634,2.76844419718702,0.0732723647252058,4.20531494355572,4.42200280303754,1.77907870276994,4.03503061179295,5.67016846698111,5.12656801024471,3.43344605179509,1.41331352791243,1.30514504170916,1.30183735664551,-0.518529275471458,8.30072099710491,1.94395553695155,0.603439283625993,4.90754745911676,3.21103019125229,2.37479017903358,4.87581364302888,3.78552080142651,2.10190358805271,1.2737451034428,1.82486350784908,4.2743474737452,2.23527448419145,3.57544684399318,0.807655649623487,1.20652571896072,3.5009383559189,2.58925930082277,2.00705442770412,4.09701276628551,3.55605230308883,3.03870826484526,1.40533252902015,5.41069404680881,6.60745139726503,2.87529529298885,4.35960590135172,-0.628879768301921,0.940473729296066,1.43333649851372,6.35992095595422,-0.319607020701715,1.00770495110739,3.38213974700059,3.63889540547014,1.18289542106947,4.53169747276816,4.84447240512078,3.45857246345447,4.3847089928394,4.29093633913936,6.47412085083179,1.60860827357969,1.80466712562718,2.72752254911558,1.96331946897657,4.31124711140234,3.66144782511091,6.46463034521942,4.27246587691508,5.86299561829188,1.46460905573943,7.16765286735238,2.25490056326653,2.98832601085534,2.59196012252384,1.92714710237497,3.37189201616543,4.39627175663985,1.97692857116874,1.77273352929468,1.96763644711251,3.20772381308519,3.81655958087604,-0.600927661598852,2.23309237408685,6.07826820653782,3.27875372076949,0.606194371871186,-0.0274224540839136,4.50049268979073,0.699607091645206,3.69174055737817,3.24341346614905,6.1978594653464,2.9738621270291,3.32344994091337,4.89475345132147,2.30881302359433,1.75668112271543,2.2471904395856,1.79066010439205,3.63569025396806,6.03255645079601,3.775508683476,0.4344161446176,0.469600225057743,4.32983979317059,3.21466964573029,1.17694201402534,3.57113201348605,-0.601020434015061,2.08116179377828,3.7039524173783,2.13221104096177,-0.414463819418274,3.72720639955185,5.51367741032108,2.85670981457989,4.34142958951958,3.12940282346403,3.42126456767555,0.703920805152957,0.676104832123245,6.95082007742336,3.32363186562453,4.69907624173217,3.4156997971552,5.7171319537391,1.0342119186725,4.05128002587249,1.50101389857499,-2.20468042703885,3.18364604740172,5.19736644575631,-0.0543876604382603,5.25126258980981,3.82899256863402,6.77164570073795,3.1345376019916,4.92152717181507,4.20547577190729,1.68464503676057,4.13352233677321,3.20679544508886,4.39192836609279,1.86305600794313,6.72711935463639,4.70767517006437,6.02310727598174,5.62603567948342,3.73379925576689,2.83951535451451,-0.366781823946714,1.11102817050772,2.79533410773878,-1.58415250408455,5.20317555738871,4.09179098358399,2.37367546672819,-1.41477027512931,-0.215175660959548,2.63071061201455,-0.0499537337093194,-0.207100954277179,2.92882824178811,4.68634283680779,2.74460926095471,1.78737068187269,0.550921269382126,4.89279960080002,1.93059904460643,1.22716995434546,3.37278247114632,3.22765285859355,1.23876993296238,3.26479446275536,0.824853616967941,5.33533583328304,1.31044589577348,4.58504632678897,1.88284905448568,0.123931753971614,2.68813932639812,5.18331542772675,3.45368832343499,2.92571985765208,0.323930836190207,2.40143141366795,3.57364615314159,0.592298996174383,5.26380413238086,4.52986643192042,4.45311282223852,3.46344731998766,6.41920538832268,4.36924422869097,2.58573667540055,3.85215805920132,-0.213138594247047,2.6671487092826,4.10717479880686,4.13993623047596,3.06701335625655,2.14366516752023,2.98562636336219,4.00602415331353,4.37600516292554,0.641846547989892,1.97242802320663,7.55518392892649,2.8377509948209,0.395186679354458,2.57599512711445,-1.26392980080639,1.56931833394962,3.01278857271984,2.78356232860636,2.24166860650094,1.47272074438473,4.46955032048667,-2.86386233368461,3.19697566626167,2.43852013594593,1.63391144019526,4.25443258215144,1.40183077161739,3.74479132754642,3.0353620556938,-0.78608656022248,5.70213496777247,1.55073253374147,0.768961852198757,2.69815161028618,2.60029931642091,6.33429590703162,3.1612579303303,2.70871933490505,4.94245380927784,5.42531591224041,0.606894344959093,2.52572980471626,2.35905962394426,1.74187532213282,3.53026235229252,5.82324374043252,4.33657737011137,4.11587521361328,4.99229576740845,5.79100460235072,3.76231926289443,2.76157219140047,4.62946835677086,2.52082446959728,5.89933051612615,-0.82488842442915,1.67637792172188,6.36625345843081,6.20229836414144,-0.345569001699964,3.9075782388828,3.21462276384388,-1.18104244721314,0.513451660694746,0.854067295506447,4.56613270451402,4.0306822822893,1.91648953668998,3.10824549229588,-0.943875095012066,3.48596555127427,2.61243595329373,3.50425873894276,-0.600283933419812,3.73578595504988,2.03773715538944,4.18375199603853,1.74901893819445,4.25001110182954,0.523472140636295,1.08735082757103,5.6981985875359,2.66930360026332,4.43429588839114,6.08664296912248,4.77633872514831,-1.0515283413165,5.37983419769503,4.62456950995249,3.11442431861348,4.1895639053193,3.91464662099931,5.99147722346114,3.8886438533323,2.85602476505737,1.14516532594757,3.76625034252099,2.85883591033385,4.57691526570958,-1.24090747654732,0.919202183422833,-0.282776740370974,4.72277181776986,6.40106773867648,5.02982680298905,5.45038197512025,4.31092368117108,4.43306576209573,0.417759807123186,2.97106893538078,4.80076752892957,5.93523463366118,5.42277786137953,1.26718985658424,4.70326367357889,2.89214859318749,1.47785526065806,4.35140254650447,2.15401191438058,1.06154865531949,4.70663307013606,0.438531137959061,0.803282733858611,2.92935875331366,5.31194782180026,6.7799076049012,4.16252343394503,3.9498534930709,0.727929836720691,2.43900342485613,3.75830952255172,0.329369873568797,5.97517322049345,3.15178571178539,-0.968264195596834,2.7597449907391,1.30437389890577,1.03172378864851,4.83694833754904,4.32067308363897,2.45390631060639,3.2494240186643,5.54448413627259,5.02464902114462,5.7941147100135,0.581775909463948,4.03347851754716,2.70371721027892,6.0372521472802,2.13952729980035,0.959519289925963,2.65586068161508,3.09998732035299,4.60718248362699,3.09823188728972,2.93029778020496,1.38347702410358,5.19689967787764,2.22473085962897,0.758734746330699,5.1448428067897,2.49630729539458,2.62729064547518,0.77076758237982,2.62129130967945,3.23157788533616,2.26790265229022,5.56480673804169,2.62424025341006,2.64717004730537,2.44331382282981,0.880627952634663,1.80723871814304,1.50444858575005,2.87584702704804,5.92747889255359,-0.753592111872459,-3.92380357336207,-2.22005737275973,-5.96936890789232,-2.80303320025547,-1.73332396671499,-1.23092772740307,0.483026841310258,-0.965603917290918,-1.27682012908794,-0.0691348741768197,-3.428398571231,-1.06192635510255,1.64077664206781,-2.27776488866822,-0.705720293739648,0.363537999704501,-4.13417871343878,-1.99930645857603,0.096781572680392,-2.17268020154163,-1.35956702961453,-3.0624602533676,-2.89318531905972,-0.638839659735377,-2.04446422185765,-2.08493724016339,-0.400060254389879,2.58970259656954,1.59069642968175,1.00738185723689,-2.92466517836682,-0.350574287057465,-0.50491448006028,-1.22121199065758,0.395718788028109,-2.05558968540774,-3.0988218614895,-2.48485417797694,-0.879304983241706,-3.52211648413401,-3.2195230040301,0.209041920673993,-0.681695847234522,-2.08218802806771,0.780211500617453,-0.171529880527403,-2.34161267403545,0.384455175861692,-5.51866287235689,-3.56404190942326,-1.97549952315594,-0.123682494918694,-3.26094495763734,-0.297467762267223,-3.18462146906134,-2.73485715151123,-0.280598892038525,3.29807229829628,-1.26531812503871,1.37771195682509,2.05783085002776,-1.1654923305682,0.214042532896598,0.864181265747289,-2.6932576522744,2.68900515133497,-3.32729574758305,-3.84434448262011,-2.52672254408025,-0.179743074444245,-1.94053973788955,-3.63679058207206,-3.76520176158494,-0.149231230488126,2.55121545186991,0.456175929604038,0.142034546296303,-2.60094132055672,-0.0969789339734739,-3.33286890083124,0.478052250609555,-2.39203432775734,3.27013049432351,-0.881650171455129,1.25252138547617,-2.97489636614084,1.05781572447986,-1.02181953370898,-2.01611608361042,-2.05842711431914,-2.26184615347286,-0.143290774281835,-1.40712872593352,-0.187149621184262,-0.201073801771488,1.3997259971167,-0.0778110161254912,-3.79013705461698,1.49965039488545,-5.83770069018763,-0.60910488314177,0.570878130978592,-1.65465941532394,-4.87135961406423,-1.90808581264715,0.10143368832011,0.687900354884829,-4.65328430671724,-0.282770745227177,0.296846928649305,-0.682163848630034,-2.85205141027213,-1.39857563406172,0.336151407170511,-1.7582078465841,0.0895500320429081,0.640035351547741,0.481347371357274,0.118146472812623,1.57992971156258,2.09216037968833,1.53346723040698,-1.53473697485225,-1.62082592439339,-0.758049826356116,0.630249499303392,0.0998544196145705,-2.08377341424751,-2.68736048621675,-3.47399172281754,-0.070786512239457,-4.52770788190223,0.660102231459077,-1.6654055829998,-0.00642400343860194,-1.67979354830836,-0.0414365296256333,-4.75984461009386,-5.18033899989603,0.491132133697244,-1.90018507032093,-0.675298778897296,3.01761347278575,-2.65380644609585,-2.39527841628263,-2.00357161646893,-2.98930075374341,-0.523768220764674,0.469907204367017,0.252912379126068,-0.0321871157197035,-0.674058068461683,-0.0797968749816526,-1.78075175854,0.798160357398611,-2.12527537190165,-2.36844979089355,0.285673862009392,-4.52841864583932,-0.948490835930814,-1.10721874614477,-1.92810935291346,-0.431107904555384,-0.792033874880334,-1.82755118460658,-3.7753883884429,0.196873099916027,-0.6631920549778,-1.90628947910969,-1.23276791766928,-1.5062521476225,-0.42416167188827,0.583795673009864,-2.01519574577046,4.83149070622572,-0.867024884585378,-2.73240749139625,-1.94286063683975,-3.99932837620268,-0.276608957481061,1.0128626663604,-1.18298347102424,0.00576378598403027,-1.00964301946611,0.468282549606344,-1.54576614368268,0.400289329774302,-2.04444428949901,-2.83755544870554,-5.6769628115842,-2.24031899115693,1.56543570147864,-1.32295216052904,2.40553198854813,1.58115984454753,-5.6199441079384,2.61452946365386,-3.73273907641445,-0.258535749258395,-2.35854178137315,-2.3659778243248,2.6362497856308,-0.932107808565138,-1.95254718364343,4.00649378030947,-1.96187200717541,-0.446846805236011,-1.86373006634565,1.61046093514452,1.99435747397567,-3.29333949685428,-3.69024515340275,-1.35830824710032,-2.90200816969651,-1.40264748393195,2.30324933013475,-0.76612855029504,-0.359078218123169,1.85353666876716,2.01737490619633,2.25166591833212,-0.130677151186138,-2.51838476750943,-2.77283359388239,-1.39753875612622,-1.53671116048939,1.22484547975304,-0.161436196419612,-2.87871126363905,-2.52397962310688
"89",0.669390615792205,1.53272924088592,1.12402846795679,3.7451308160773,4.46218181989639,3.17621339310565,5.27417112209584,0.980435425438194,2.07552700191998,3.36842459121942,5.82295444252083,6.81882507169508,4.55202168925289,1.72615622354597,5.69634937360249,6.61123500975798,2.13316534177642,2.12743218497662,3.32899251928451,2.60715853942797,2.1141325081604,4.43100162195526,1.45000673701857,0.0895711581189875,2.31568066304711,2.03489233650988,2.3095984282969,5.43334297454719,1.80459505799868,0.375987821524957,3.99288986875273,4.084231142273,6.48727287933397,3.16506742556211,1.26367696754729,3.67106599363074,4.385010992647,1.45070731688099,4.67685824864961,8.39248751255329,2.93612510059343,-0.428868372113514,1.3539911177547,-0.359860703421334,4.03701590257892,4.25076831317737,3.39701410811535,2.19284308384207,0.135029318618982,0.579679280880998,3.41745307644921,7.08268892793964,0.629534613403393,2.15569909040218,1.18626893841507,1.47326585402834,4.09543325555593,3.65953382341928,3.73164036648761,-0.478620578780682,0.803773251620147,4.35411612895677,2.25134363104415,2.80952027601011,5.08765394275417,4.57571393600715,-2.05984886907486,5.90626199983611,2.54481985309008,1.10659508220651,2.27018064701732,0.23480761398619,2.34512872887457,2.71032290362336,5.26316348055344,3.77590663132974,1.53733252373148,1.89260798058187,5.10559567869263,1.66357261077298,1.6424655994077,7.22973643804975,3.89631193175138,4.26394650281595,2.93090160553498,3.36421066152782,3.16435272316165,3.64186470022398,4.3533803595438,1.73934014551787,4.88901185267384,2.4674584315584,4.80605612177193,2.44715275204969,4.3778918493342,3.46706217330448,0.987827880550469,3.87581135105967,1.6536013917806,4.59771610651666,2.59670300458946,3.31602354345904,5.5827619877136,2.03457675965208,4.24244895682086,0.6482915076211,1.72718262854082,5.12148934246458,2.9083558391201,1.43309450192443,3.89382404856691,-0.0524145979449844,3.97215762127735,4.81432073580376,1.88175515378377,4.48050452201006,5.595357219268,3.52973434926042,2.51324378844288,-1.5314133933288,7.09867211705228,6.33242035595331,-0.821654079055453,2.96857961482979,5.88080838647738,4.0331682862301,0.0328946429322707,2.78529112369661,-1.05770830082818,0.647207445254895,0.301193192987236,2.46805698683347,2.60642150984506,5.47039539667966,2.41488169438455,2.01850450445113,3.17565217167916,3.4627626712351,3.17076457662903,4.3706952020285,3.45989875997406,3.57315510757637,2.05049654015159,4.22324458587622,5.92723941440933,1.95461154142736,3.70136418722032,6.63091626923686,8.02521898300582,1.88342059254788,5.92560747919155,5.29452300560826,0.73361314794343,0.941575338163284,2.09199807623417,1.49752728698694,3.37751855830429,3.14675523394594,5.44254977729248,0.27750712218945,4.35479308642782,6.53506208716351,-2.71594798151354,3.09230775374607,4.10210872809634,4.54467697181062,5.19149502098956,3.52662749891668,2.97837599705478,3.41860659619048,2.85498148396505,3.23005524909197,4.14444500590095,0.31702256299819,1.09751662194634,3.3254892265384,4.17439439157771,0.610709304855864,0.0947637561726746,-0.0296961894080265,5.32722844333756,0.0268684389662095,3.87912870692945,2.33079182750952,2.18423281324,1.92308281663683,0.490685747297632,-2.02241959397678,3.16032412608757,5.23795404281471,0.609052259278191,2.80814352817132,0.667655654765996,3.27155644665008,4.75070018085374,-0.278798886435871,0.98639876194251,4.57889507766564,4.69793229274434,3.13283747093418,3.65297744473319,2.3469631445418,0.995878694587217,2.26965102387348,1.58432116540744,4.96142620007647,1.99722466671262,2.68169400077153,3.19206731118258,4.5620053584,5.64689924953845,1.31653744851461,5.77030883254773,2.4918057937634,0.768048580538816,2.56366822703385,4.62296922538434,1.22582475114831,1.13990736633872,1.17895311230174,3.66624689144419,2.80429623887293,1.56163948911179,2.99631116955774,3.54598025747133,-0.123786872298266,4.98282574347435,3.03008660184724,4.80419159388872,2.09186142532778,3.67638906809508,1.94351224239997,1.50559421046855,3.19335159658251,2.62571946672578,4.45507771978011,3.2610956968219,2.15356889120097,4.43886632424153,3.31178693404481,2.22536265819679,3.66300354193197,5.09485215705739,0.383059563189733,0.695044458877111,2.04996899082979,6.59592951764441,2.9913992670587,3.02669715169382,2.36166949929102,3.33067628269286,5.89235394315015,-0.0996709014067645,5.62271324868146,6.44608245529681,2.76392907205714,3.33227879790528,1.96282749726192,0.66871164194426,3.5496927250737,7.73394625790041,3.48678255942067,0.310278876855872,-0.308821164875983,5.22965459944717,2.42639027111643,-0.556039827962787,0.854123728097085,-0.44985845189626,-0.721892778461728,4.98133017498468,3.01335325949021,5.48650283402394,3.28408145449712,3.58568677170701,4.28336785988319,1.3937267642327,-0.717239357007817,4.62722060325331,1.62646681586628,4.59673559718477,6.46333991320319,3.37412208378315,2.22601094934989,4.65746757867206,3.36588070370483,6.2158687865899,3.45762756827427,2.26138899856584,2.28075613187808,3.29722308148155,0.785530243099017,-0.767018660038827,1.96474030097218,0.570726728565984,2.38211099159332,3.70342841074692,-0.607726969414229,0.71404226570004,1.49239600470631,3.65472817498968,-2.00321232220814,2.40636738137766,0.555842932083587,2.07613103207166,8.65012331202695,4.32057747144219,4.79102384259396,-0.324625622124463,3.49294224941795,5.63991515337225,4.14089339480487,0.863443947183493,5.18644588194248,3.30845609681567,4.19893498134745,3.387760136549,2.57625283573723,2.08144762279723,-1.27109359719796,0.808407229690614,0.448511068834967,2.21377315169022,0.0914663924572801,2.98699073797892,4.60730813397603,4.10455257633513,2.8416718948587,3.04928835241911,3.47056803746412,3.31264165093545,2.2042029286868,2.41807668263296,7.03551410339842,4.45617938168884,5.361826107662,4.37436444737351,1.96062216024047,-1.63570257346542,5.43173959049776,4.13356604976244,4.47934108724761,2.37959404939969,3.88421176675856,0.925430141382287,-0.577441260024099,1.17682684892704,0.80375027564176,4.42265758264201,1.91583085383019,4.46044445969092,3.30719497295611,2.89870726001641,2.02227136819856,1.8243680864773,2.2649363103569,2.06500340517075,7.64666839371599,4.82750009315228,2.02643317908731,2.46146305456617,1.5266811340905,6.22155211177778,4.66901011923662,0.976338702490523,2.68200223002254,4.20782476634536,1.88001679455229,0.838032656368679,3.94853942189372,3.59409912798313,-1.70961894090371,-1.00792954713482,3.29008658877725,2.05637453490413,2.43674555304681,4.62604127762243,2.78335970380194,4.35254382585862,0.719787714865126,-0.309278273891877,-1.562369812215,4.22734644018715,4.16965235918332,4.10014289795288,7.40130864235545,-1.79524786686006,0.805532884753857,2.98368323751916,3.03583820206418,1.14555808636248,4.30626969620314,5.00180396253305,5.30802949272801,-0.654947420082644,1.41846621930582,3.27102098308415,4.54068124677952,2.84402094719286,0.938805743642606,5.44618097927286,4.83865484368275,3.36188489618039,4.58891239580879,3.34580367540773,3.66743563765892,3.5224087150647,1.77563284632224,3.93841919605252,3.72192483721589,3.83891250546091,3.40276257477996,3.72950540486569,2.45908887361574,6.49354612872664,3.18460817383976,4.56242177204151,1.37865460116869,-1.64957684321079,-1.45292017069813,2.0233966783966,-1.05855658225329,-0.571260212822719,5.44206343744244,2.44987983286458,4.28071201968891,3.5596261262855,3.00336465141511,4.18035601283437,1.75114089625074,1.41499430737557,2.68839811666902,4.5428084164785,1.43122331210054,3.60461078649368,1.42341510178678,4.58881511251785,2.83999273728809,2.13804375592125,4.03639754289241,4.47048532001005,3.70800326117206,0.295616844589209,6.11110841136953,2.40330690653337,2.66135204709554,3.28915078117408,2.74290969641887,0.693460616571525,-1.05942505748781,2.08818834442168,-3.09790497698746,1.88662560067328,3.28130684738668,4.65094804057262,3.22699335248099,3.25415942065414,2.97267656092584,4.57057441799954,5.38591196319753,-0.858412629143361,4.94559881715321,3.10346618858326,1.09912852828733,4.94094511521265,0.675320261358039,2.14159107521798,1.41892311901418,2.37358593139943,0.038205382911896,3.18991186761356,2.75916812234199,3.13953065904505,2.72082139752133,0.507782998848974,-1.28680564908299,4.5004484302833,5.27956720947408,3.24807735929314,2.60566084952625,2.82685913483464,3.79341408165975,3.7685907201173,0.693755474286414,-3.19194219433159,7.58894382009252,2.69592403939859,3.33496733793563,2.76220809840309,-1.3384162345328,3.37214904761645,5.08218528282313,3.98285355505915,4.56328051973157,3.06496496248443,0.847472774162334,-1.707159606414,2.15019898830761,6.95950872123984,2.50840348713905,7.50166851589309,2.40316619860149,6.25187257727005,4.21558587713908,1.84016965610612,0.14016482306215,2.60530369322631,0.771747428078725,3.20657343272744,0.987144101907851,5.75204408784906,2.36792325402824,3.4090957291696,4.73949166934209,2.72171154709087,5.47011845868424,3.55732075718036,4.36040333552399,3.06503986196067,1.62994585170043,4.74682597625197,2.24825988929799,3.74095680162248,5.31751322130571,4.40413394970558,-0.480987630851059,3.25967335198875,2.8358051453126,2.70753653806194,1.92012252376848,4.94103061338879,5.77024581910484,1.66910922876597,5.79010998751173,2.72445058792934,-0.861491651830733,0.470118533877358,2.84681492497641,4.67986380822836,3.55183300996997,6.79219975105352,8.59802875080157,5.56750820839438,1.65564018790751,2.45986368950885,2.82462765657354,3.18095170889356,4.20807160556941,0.369895616825416,1.27523742227219,2.31688806315923,6.87727124845161,2.69376739986791,5.84026371747666,0.918792823843565,0.422187017215786,1.04039484812632,6.48987471938313,4.54909025272114,0.105904431511932,-1.31190808321307,-1.29024550822116,-3.6070544470342,0.804662497065072,-0.854564237581996,-5.07302322161406,0.0259025672042064,-5.2690496318723,0.904124488954426,1.38284466819268,2.77668919916619,-0.859164915860735,2.07337348176217,-1.45389767219137,-3.02008212579311,-2.06987802168397,1.01226134074405,-0.277037179578533,0.815671631672102,-3.76428050036144,-2.91688703692353,-3.01857228649208,-1.18276166445867,1.80368481348129,-1.54536943463486,-3.56166513178135,0.510713044195815,-0.662601953704758,-2.08698815312902,0.0632579582153692,0.744339075370867,-1.37769010293872,-0.253308411213527,-0.853854030067546,-2.3084012262805,-1.69456107548807,1.44699693505766,1.98373762246474,-1.45892710826596,-2.95736491612124,0.101411118401152,-5.11966703771231,0.324792520123602,-2.16021506659794,-1.98383608724768,1.56198978483141,-2.91197689170763,-2.83515984979441,0.349185648981927,-1.36578815305361,-0.363546271759017,-4.26054273582415,-2.96354285445371,-5.48085882893487,-3.04141913799939,-4.54370706616542,-1.00615844553301,-0.607983029351189,-2.78267754135824,2.45428604620853,-0.270035569882843,-1.90365941399189,3.80725241919547,-4.04490850432324,-0.143904862886947,-1.2840536767891,-2.2597658236142,-2.36855538244017,-0.450208256636992,-2.1745576938434,1.31313242689394,3.09012531723509,0.120817118173971,-0.527790296081239,-3.14649637539301,0.0415408534007184,-0.0957529602476668,-1.46570849522419,1.87819399051514,-0.822706437286029,-5.72112156060405,-2.68124515231207,-1.27952498031409,-2.1656201743029,-0.265170043754686,-3.13572704108404,-2.50005460289348,-2.42709301431218,2.73254700758107,0.437647463299809,-3.21620960665019,-4.99151354475867,-1.11531148628609,-2.10037458893488,-0.290435747134011,-3.85195647943009,-2.22777149182684,-0.448920827272838,-0.803647302730308,-0.900329651745777,-1.94202295813614,-3.12644726755818,0.755244271227364,-2.77737801330087,2.87543050802523,-3.64937177290741,4.47098272579433,1.95326160596128,-0.0662189123840109,-1.35904644214004,-1.45520929198955,-0.742072195870215,-3.51114665576739,-2.94912812733135,-4.63166859223408,2.70175930708317,2.42799160835008,-0.578383077850379,0.270160698495002,-0.822345305365758,-0.070480381552137,-0.89624299544544,-1.37956485949274,2.28057322936205,-6.28725061598115,-0.541113678842705,-2.03723413034221,-1.84827317816911,-2.166710243193,-2.63307879134477,-2.58244271276947,-0.248345111012177,-1.2311621261283,2.89830056998089,-0.958700876421427,-1.24677760986838,-2.46595366960565,-2.41910065106699,-2.18989083997882,-1.42450832521598,0.254204905138618,1.98083047320016,2.81953567527288,0.20510452233003,0.391670050536042,-1.33777932690057,1.17734618017863,-2.86580457609319,0.328026511880547,-1.8620987845911,-0.895691171758808,0.860954127972743,-1.63126846006936,-2.03690674198574,-0.546630001327439,-0.838265717120784,4.74065269564598,-1.00293985772026,0.662171011018547,-1.63403047411035
"90",5.32081059073876,3.20091537339968,1.65290129040105,4.73194010652147,2.93084185915898,-0.377841560291264,1.16238657738043,4.04553245817419,4.19155956333529,-0.222139640402485,-1.68135399267199,2.24005538181965,4.21149476268981,2.01283412543775,2.91505221231161,5.92050033398445,0.602747556395387,5.47902983291892,2.66186079441468,0.687584357725228,3.3692145745208,0.489697285124941,0.626914401063033,1.56207405657373,5.51835236980456,2.82447260891646,3.42701919978473,4.2585096796957,4.30905222575568,3.54061502019982,-0.442463062108819,2.65639368065463,2.74246479771507,0.471259337708775,0.775095493905802,3.31261236725098,4.81160385103981,3.66293526330913,1.30919633903502,0.0898975158147808,2.6766523816386,2.59203938436352,3.08121099680907,1.41980797058569,0.915453620524272,1.34264225702578,2.78160097730695,5.69502487431479,5.8784931911693,3.20751464313509,-0.418865917510149,-0.119869293852695,1.27088337931926,3.36397613046918,4.23936300307594,0.26451216063073,5.17806755898842,1.10073577710405,5.12880138911693,1.82121725224525,9.19781810495097,2.76478750707604,4.57405055533919,3.38645679371153,5.95551403157243,3.50576381446669,4.02614496039745,2.78001582941582,3.49690524310962,4.69695959572749,2.8579583849713,4.8424856891851,1.92322002150161,1.63443561124783,0.202144449465243,0.00850483902557864,0.470794751981918,2.47740861908071,2.20237770617267,1.50496962659,5.8183567005933,2.26541777837534,1.55894710508432,0.806853893871942,4.1899698192202,1.11923198837144,-1.43213384594897,7.47864494023777,6.60665062910418,3.83737595651178,3.74049212994216,2.47342397635849,0.686443840632896,-0.0924039532898138,3.95916561282708,0.947553628130354,3.60340380439515,1.1062209672402,0.850140529980392,4.67289212907267,3.00498705240157,1.71050206767334,7.28538434340774,-1.90149131284465,7.00482665824127,4.14209171806941,5.20890296774033,2.84410594238641,1.71622075228557,5.05025122546715,2.48440101013823,-0.710703504098884,4.87277984357755,3.64528379635699,4.48844496599063,3.97269162455742,6.00319300062673,5.78005718698051,3.98742669738977,2.92978976119966,4.50535737845227,0.663493430283751,4.52345784673097,0.350755842250502,-0.351852207495404,4.00880821312707,0.454761610829483,6.4139415494769,4.03957286169646,4.42980348400553,2.51644250637212,4.12607763949106,1.07364015259387,4.32743358948955,2.73429847372945,0.438653183243461,2.89613034210827,4.06479278554892,4.70014790570672,3.66428573810285,2.33478564142343,0.434806415927173,4.48619171993352,4.64289835656323,3.82348838218518,7.76837239252851,2.81073417733648,-0.718657577203847,10.4069037783118,0.735672131181624,2.51568731040887,2.92515775849247,-0.734767229955792,-0.60734830636093,0.236101757339753,3.39246901901708,2.66578688588529,5.36450818319629,-0.234190570594784,3.85445464218389,2.90679565150176,1.06377336955692,2.58678067778603,3.47915669519337,5.91258766010699,2.08466001517797,4.14373222117954,5.27994702846385,1.81139254239767,4.70396086409736,1.46665934969185,-0.196137814413177,1.82613485535362,4.28141684089503,1.42526704201757,5.28655962590669,-0.286408507170067,2.21691633999534,-0.409533864116004,3.65757157174811,4.62475376615352,1.91429855889353,2.81458725400802,3.06897174482677,3.97230152578662,2.57027163770001,1.73380972051747,1.76864004634749,3.0990549327556,2.62524799141089,3.06044541088884,3.22038065513268,-1.22252996902067,1.28105235458814,2.30797091606882,2.34650585979215,3.16622030642701,1.66955962748388,-0.541997080311999,7.3375621597198,7.56951221514826,2.66027078821178,2.07046626996433,-1.48304196235413,3.34554441011804,1.01068960080805,4.68286723509016,3.56264663445973,0.264760822933115,-0.897634855162621,-0.0817369911835226,2.69328132572238,2.58378682198272,2.97958338489173,2.84295405794354,1.5247960305308,4.52369474677593,2.20397812998148,1.23221458380051,0.529625486989449,6.84025817720883,2.2849024118031,1.06839939166625,2.48927811997036,8.0478007398287,1.91386623952634,2.47387528384057,0.776344314465562,6.45745193733798,-1.01921459115612,1.87044735349078,1.96823841179521,-0.498637774643417,-0.781048020784116,0.788817274578622,1.30045396499564,2.74131639443818,4.40990255400679,3.41532996441943,5.83216416508346,1.63675010993818,1.29851726933474,1.87614162067502,4.71943175807926,2.73283663219515,3.85347739394093,3.91684420769871,5.48992144316798,2.84400708471562,3.89935516568533,-0.448133039594684,4.45849176118396,2.63666064299888,1.03144440180841,5.0424031657241,8.78598170667696,0.771468344515543,3.29218062651121,1.47182522215967,3.39946616361417,3.8923940830083,1.29550532659881,7.41702903430811,2.03046791014911,7.02848201381344,1.77588057386659,3.28456371273378,1.8662251971215,6.6735858614863,2.04387355378787,4.70961059627241,2.94155089484457,2.28874921353377,-0.372595506038553,1.45662312355919,1.90684969786086,3.24082794903623,5.34778926838914,5.25713183075115,1.65518563861417,0.722519980899488,2.18909770134278,-0.104203860554955,4.10567565745451,6.11740421369472,2.47410176833725,3.3537543987893,4.6007220556023,3.97519557980688,2.52926984937692,2.48437778558694,4.41894626368128,4.98646425563113,-0.031826311819525,0.0695291717454363,1.26052742659511,-2.70697158700846,4.77005292302758,3.39141877161541,1.26349357175711,0.801014879993188,5.49020172135805,3.76733914377908,0.530569119034876,2.81486121984653,4.09699756980697,6.34506096184108,2.6325250437399,3.39792344757813,3.72982943811494,2.87168620866404,-0.271340420362299,1.80570191342009,3.01569704343919,1.78809473569986,5.45321755421361,3.23363617421107,4.48461919579163,2.03628426756972,0.553345930079436,3.41244153323958,4.47327651306015,3.91163660004413,3.45931024735819,4.212455489771,3.49726150586432,-0.438893927536288,2.36947575091134,2.82793023169428,2.40065703797364,4.51569826301847,4.66987086975917,3.75795707833071,4.32321935291615,4.10501663468074,4.78371609137888,1.5356173714307,4.81252308073086,1.51003472585127,4.18550087205238,1.6374136366558,5.37714542246852,4.64096622516441,3.30691904940642,1.43839293106239,4.52096024134697,3.93062694619233,6.24949673671604,2.1142874222322,0.79512687135459,4.67358655159826,4.6036324829375,-3.07318068676502,3.0362486801831,8.41638247885412,2.57598720085878,3.81419516885983,2.13523809008954,5.03232168594193,2.66970477590444,4.62334748505199,4.80452465197745,6.3856854148246,2.40479040019562,-0.680772967619843,3.52881251986786,5.43743459196704,6.6659276994689,3.33686313402225,2.94823983570061,1.95334998037786,3.96277393229043,1.26762342432035,2.85671324337309,4.55380553762353,1.65046869431618,1.20832292155748,5.5200241990914,3.3969983344647,4.22783622039343,3.37515629695178,4.22817052753323,2.89771267726313,4.31772326465711,3.02839963932758,3.14002508373958,6.18549556876731,6.00906797319142,4.32288210173051,5.35259966996922,1.66145087944513,5.59843243784853,1.81214500870615,5.18245323705962,-1.32705031577542,1.93043926166598,2.4902429152691,2.58386484155843,1.62084548569556,2.33875830159537,3.40507710267261,2.73350513355574,1.15893582898642,0.0779984192238135,1.35908947476593,3.02702735336255,2.88234192538626,1.18967687061395,-0.152121589854109,-0.0937169056626632,0.881811862058221,4.23049374035694,5.34365835873546,4.23829099405664,4.04466625076515,1.41436544861756,7.18072639979054,-0.60082025983196,6.95782436706112,1.11004933692755,5.00627543553669,4.81237698449477,6.43868567288129,3.55178723998727,4.91033775206965,2.84074261631404,1.06100502005047,0.172447521145692,1.54868682166182,-1.95821860577213,2.7753373845686,3.48398011320537,6.65492900565462,0.674177718105018,-2.10315301381947,1.26332331281143,-0.541070950170836,-0.974224796720027,2.66380917629443,1.02784354282684,-1.03283905717947,1.37650659849575,1.84544819578573,-3.2420232314426,-1.65995823291364,-0.498417672395791,-0.32403726145208,-0.895609859816416,0.170237045352715,-0.623177579776296,1.85854318143542,-6.39109040027616,-1.58681587977195,-2.42362377428903,0.638292554154152,-4.24652494104516,-0.99082335000401,0.782285399271118,-4.99193759346783,2.32247794540302,-2.21326166212789,-0.0828229242577824,-1.10142343273069,0.133680245694704,-1.1858004378624,0.112915008870476,1.0030852969831,0.891894545808063,-3.0443979692691,-2.32305619677713,-0.971810011809156,-5.37255051229461,0.538927966986149,-3.92734055462553,-3.6639356862364,2.16837382555948,-0.720499074333871,-0.810774199554412,2.02392669842761,3.26044421247674,-2.77674203258618,-2.09447501357924,-1.63394684768079,-1.46402284840833,-3.90283173551618,-3.10045593349481,-2.85375330157885,1.38301655563024,-2.67055445758216,1.83461067813387,-1.09686027415202,0.218131422103849,1.81582863019874,-1.19434702823844,-1.28817962975194,0.108921419060427,1.83662403766735,1.20915792397801,-2.74588683777848,-3.11337124024563,2.41338762172951,2.30185233129515,-0.310582022362397,-0.285908050278459,0.0608364105088395,-3.08122851208536,-0.567025448531849,-0.372004799800095,-4.1373137373583,1.76310114416095,-2.55292873308101,-2.39679909552366,-0.970890783549701,-1.91855798663396,-1.06001760791225,-1.55530605010607,-0.266074080210481,-2.49051582591951,-3.20023271766364,1.47099369135172,0.0854136432464463,0.408523448724501,-2.60505847481258,-3.88694469010101,-5.1757295596831,2.17329627753341,-1.63590028494113,-1.15868179118854,0.744174769812773,-2.82751005700578,-0.875836811893899,-1.70400694262061,-1.9891553896128,-1.04378080229215,-1.68431308758435,-2.28167962057156,0.351521491212517,-1.18440378669636,-3.95857722497798,-0.126847589650649,-1.14495899173712,-2.72808524515266,2.5135677693792,0.232128677971081,-5.23078787698906,0.935159184939528,-2.62474934228142,-3.19165470021164,-2.58607840444251,1.01029521197961,0.323775240469647,2.68819930633716,-4.52865439502996,-1.32742241894323,0.29637198357034,1.26884889229553,-3.5895496314632,-1.11331847050625,3.15275494765502,-3.46332133909304,-0.722415046905576,-1.29897695907571,0.66391666346276,-1.90078762378408,0.095373872448397,-1.46073812382478,-1.56924871296461,-1.53057619651211,2.20872097850873,-2.12938935902564,-0.889325458825077,-7.29933066454426,1.19105514457219,0.0543661117008039,-2.32511147408061,1.15023788237809,-3.48807625010457,-0.900371769850114,-0.484762639917371,-0.571426707684553,-2.19761796513411,1.23898759417354,-0.959783216435564,-2.44835757177923,1.4667214757409,-0.0767411609566092,-1.3735216065882,-1.54359540628222,-2.53844230295077,0.959954465631547,-1.59051581764302,-2.01226270556963,-3.10954099306398,-2.78618661308753,-2.00838606024914,0.60718145411174,-2.25813551445316,-1.48516812420737,-3.14982785545222,-4.83418574417498,-1.21500948396611,3.91622766440521,-0.947687768664455,2.49898816128748,1.69480205474936,-4.33888693798963,0.391817402360801,-0.0318630460803391,-1.39569222294269,3.29186510797977,-1.98465088550746,-0.909639433971619,-2.15784468549975,-1.7186152607914,0.127249680708712,-2.34323952751734,-0.487566968613279,0.956704852920555,-3.31329548602579,0.531838507697025,-2.96783462844004,-2.39680914265555,2.55822339550981,-0.182361633061975,-0.283378260195751,-2.7114141009375,0.113487308646725,-1.44921721900152,2.2495711407707,1.76399879176656,-1.54644945672344,0.347901102853632,-1.74225691890491,-0.312553002147995,-2.08916298024456,1.63691866431991,-3.012456825208,-2.800799522761,-2.52900324329946,-3.85730846244958,-2.96458962865034,-0.0520398856774175,1.99684721851802,-5.14567502791614,0.371900036569716,0.754193378856114,-2.9045965676095,1.26599701597671,-2.0184744261458,-1.32498289848128,-5.11043925772328,-2.16179596266969,-2.13564697369594,-0.823401502281129,-0.746891556148177,-0.4981230528715,0.540747258655152,-2.8586392150841,-2.1567881430977,1.02887020411383,-1.85562609764676,1.19888733244432,-2.50667628603584,-0.970245228735705,-1.17109119563195,-2.32913703050273,-0.371753639263306,-1.36414149617814,-4.05671803999553,-0.79250790374853,-2.23587031035513,-1.16064576480943,-4.01176119438303,-0.583717313989168,1.34701476937893,-2.11067699051962,-1.42976408773919,-1.10103862585647,2.49407890210794,-1.94264759332982,-0.22397849442901,0.613396221086872,-1.46151843999493,-3.30143514916348,0.394277970993846,0.890833565384384,1.2951971324441,-0.520169485064351,-3.81422899860176,-1.5438263102211,-1.26069659333838,0.674786705590938,-1.57470315102051,2.00340074176219,-2.02189687579655,2.96620393633699,-1.97592003659298,-1.50826386189929,-0.607264283990565,-1.48746937722409,-2.04198754871619,-4.1760568955347,-0.613630125803847,0.854863451299106,-0.451880834069769,-5.52381055209804,-2.49402345521535,2.32328900973604,-3.11847046434705,-2.4533153626479,-1.23926884874019,-2.22400993900091,-1.47621212448176,-0.362181120145879,-2.2040276295679,-0.791943297786229,-0.535388224588147,-1.39202877286749,-0.169230072741472,-0.664031677598364
"91",4.97378523934664,4.69428571437955,3.9390280613977,3.42374689112855,2.35439242189193,3.21793217210877,3.75122564340354,4.46041171836883,1.89712880058018,5.79552307746836,2.74170212981888,5.39238779363692,4.28575235543774,1.21993207517023,4.66721418672927,1.83382473745463,0.451236342088693,1.87955601064996,2.60083175892982,1.80636788739635,0.863149118420104,-0.902420975203108,3.01300856110697,-0.203321241037826,4.23883231773901,1.38921537588092,4.16900110747144,5.56908579712752,2.76901973816447,2.7907954207121,-1.17629875585522,4.66303869850273,3.9498272391862,3.07962641700973,1.02814646720178,3.70853977422841,3.57059091972945,1.9152586223771,3.34050525567695,3.45833014481141,3.79873055139321,0.695903548231281,4.97305871556313,5.13620798954685,2.03555073417387,4.40576767503909,1.36603272302827,6.35375881332956,2.65546734534896,4.69085737351188,3.45953307161487,1.11810817217034,-0.773588868432188,5.15458453607504,1.14963384559757,2.33160916551388,5.91714854665544,3.20564794467765,4.3937671729824,0.397222435864161,2.67082062434111,3.81779515558038,6.58635755586105,4.06109906317577,3.06690878739916,2.50703476223864,-1.91672038623817,5.97717287124376,2.25835165783002,3.16544603446795,0.380512346175814,2.47887955854323,3.54344429888796,0.717394914860259,3.16943149807605,1.71958654685079,2.66287214099001,5.70450490252513,1.2576689795883,2.21657725939068,4.41609645550242,3.43244053848725,5.16433222412607,5.51630091017732,2.99180834420381,0.246850255036339,3.93029204435043,3.52124106904718,1.90471543527099,0.427445925003579,7.81553525714222,4.98125152016724,5.26234809359112,3.9594040066968,1.65761512260313,1.09855364898368,2.78877938259634,1.64012202434289,4.96165322204126,1.22552792287749,1.52636708513019,5.25723906967309,4.68655479006329,5.43684876472053,4.65426924769516,4.09059642635811,1.43631174070934,6.19708716983752,1.29843152013764,2.08609784996378,2.90535876430055,2.4071183889456,3.84189817993082,2.41586005546364,4.44805404891892,0.856561359815732,5.35925500158277,2.691774801089,2.95929772145849,4.71782650301034,1.98736908448517,1.66141700060163,5.25705983390815,5.92281272639387,2.82852459604892,7.29249769712983,1.03482190733882,4.62422401793274,2.77832872546666,-0.99056053827418,1.52587642938481,2.17148044543864,-0.95986954248052,-1.37294748041082,2.87408719169935,5.65984528402774,0.671681143071434,7.22731005042241,3.18258797930528,3.34387329145087,2.37341207863101,4.03568517320245,1.14027424341308,4.06338913237821,1.17447111195191,5.37098991752938,2.57644142899577,3.77025867445171,3.39418447498781,3.30679163573545,2.45561628282676,2.0150563671038,3.67453586042564,-0.329412835562328,4.46164739495637,4.67591159845063,2.27204457184471,4.74838344240135,2.02830109978531,1.24938586094973,4.83838417747374,0.704316663599646,1.65055394033133,5.14771412046898,1.89173025000035,5.7361446702593,2.72293267762051,0.541422141577982,0.574427774116467,0.957633118642727,3.01148420337285,0.890161064644623,8.33411482199847,6.11429630575519,3.98961148065827,4.3265308345308,6.67002798645297,2.02872152593901,2.53160783838864,1.73882909738702,0.492334074151693,1.421820567727,1.43479213092179,3.48693694413381,2.62334600296784,5.21521326996279,-1.24701876507466,4.8463274069942,2.48722085793921,1.54127718233162,1.91912223279809,-2.14469105692294,0.978662891767346,-0.956190073443965,4.82617785432574,4.03352173470152,2.88919424339281,0.796972786467641,3.07959551646841,3.10685890235774,2.89690750172305,2.75430442950738,1.84541163173501,-0.132024160348012,6.910065664848,1.06662121071548,1.33603447644445,4.15672974153651,0.856015858762438,4.49126338596292,-2.47449500049234,2.44056209613714,4.24571579330725,1.09676364455476,2.80639125543003,-0.0164718578959819,3.87747726914516,1.86449858428199,4.50918177022009,1.31918819686011,4.07203293747222,0.27379766440681,5.30610388909915,-0.370041053409536,5.48206216757413,0.772366190713202,4.02781862771223,2.63876720569682,1.2552748223931,1.92434962446501,1.19264528502422,-0.173573224553924,0.655317661127585,1.8599280344116,4.00299531173494,4.61600803721114,-0.733849558116338,1.75158810121653,2.46058924087675,2.72268076808212,2.41444407358424,3.50421370719902,-0.891366243766287,3.46831262502736,2.73857510445292,4.8004098129086,1.52003040972641,5.98666392135753,3.67345565009958,2.72338778070273,3.10538958478168,-1.15447808998021,4.77935549308995,3.06461398416076,0.860801691783627,5.06831457807019,1.41735868947205,4.35907032196459,1.73813351175513,2.85247616145771,0.657987928477332,4.11935669719925,1.37548209561682,3.52359528606419,2.7108444001237,1.33387416064217,2.14073450754227,2.05894384962083,3.53286485882421,-0.933747465558425,1.5863160773345,4.35024820615055,3.26711230069309,2.32095310364848,1.27108710757578,3.42160808576589,3.33628485230187,1.38747893492776,2.0149450185333,2.80636394424341,-1.5511942955076,3.12644146858795,5.03640211980353,0.240743154568225,-0.058853621398212,3.61922732544426,2.12341192039791,3.4871267882626,3.62451922678016,1.6605888009323,2.6604091590184,6.20420822408103,0.27316897060832,4.12626060959009,5.39447808645224,0.0736388828767627,2.7449600064843,-1.21264981051045,4.0926877437314,4.45152330459499,2.333802608659,2.81486567589498,0.348019882085821,1.9542615837003,1.51806499949967,2.43084945156592,4.25842558290946,1.56828185584763,3.71296875018397,6.65304672236983,2.00313835257318,5.91010145254735,0.0946844290542685,3.4588891381219,4.56091432754014,3.97740618637536,5.40264362138549,0.693006157286121,3.7822122035052,2.86587034307136,2.06023037270263,4.81630891135045,2.21066507342187,5.13480004333111,3.84848696907114,3.06338390799994,3.34928310136117,-0.151122481202432,1.68483442695291,7.86859762763975,2.40242247432517,0.193523116738102,0.201044940496345,6.14301670596499,1.6386525661058,3.83660005052957,3.70556263312226,4.33258812637709,5.45512994197791,1.94681258359398,5.98833563972359,1.40437995429248,0.356392740224861,0.680812810295723,4.47601759329767,3.7204655797281,4.05907938290838,3.635769963721,4.29744859470449,2.95143030262775,2.12927659134652,3.85687449017257,2.95837303855645,0.914911489075569,4.40700947153638,3.3871593133493,3.69959738846544,3.0627383490358,2.18907470912183,5.64704385889009,4.39298188056565,5.01486108910171,3.86895546006538,0.30376960968283,0.0737898073696082,0.128530103959246,2.74060808110992,2.81743619873749,5.99192318605558,3.81125635636945,3.039367602026,4.51505645305244,0.621770880083476,3.68786643955865,3.28052594125704,-0.421794825902455,2.15422256886587,3.15644277277938,3.9836185501657,1.09777897937423,4.31006589067006,3.85707203982071,3.35552250427183,3.1744487428416,1.47538243138261,2.54725672807379,1.98306868793963,4.67856718587931,-0.266912399651917,0.271099773032045,4.20739817816646,1.13295238998947,1.77263307810065,1.07381138300343,2.8513853813922,0.7530324927382,-1.22140837513198,1.12519077063528,2.6757694788721,2.25681604783398,1.91265882838139,4.54911823797215,1.7359339673244,2.45731558872287,2.55367377866052,0.963311121109361,4.69053497504328,3.26119456024309,3.65124914694313,5.69426557138348,1.16095529788166,6.22015034641558,0.63310455559786,2.08116491945072,0.798908538063158,1.98079440018058,2.42654760767186,2.96630330402865,4.15833448306692,3.10343352462319,5.65042403695825,5.01623699289185,2.30430473434317,4.0445480311207,2.90320247707667,3.28727960149942,4.86517155022297,3.78735966927803,3.43141088919395,1.91833618000355,1.31135968482865,4.09661918109283,2.33016338778767,1.34137269737057,1.91439500417934,0.777724334443098,1.93439709547725,2.73981716806506,2.18803986779974,7.04573786316347,3.51258559431772,5.58657004382222,1.61033397626752,5.66620303133517,5.37160267538961,1.6106567519687,3.95898320496522,2.37508105559669,3.42758103129253,6.36508984086996,6.82078883568997,4.72646064101215,1.66025694251681,3.57572882204095,2.16311868124148,1.18693206563094,5.37936205938757,1.30738521272501,6.86550820474084,2.39646611522822,3.43195846221543,2.47441649926253,1.64302598595874,1.14734960474768,1.2444697486342,2.15771161374377,6.59929664286136,1.50181444166629,3.25037301529163,1.90919082518425,4.29285380067124,5.21105691872441,4.97591740479787,0.681709324556349,3.17557082064124,4.0228459060438,0.820771814031518,3.72433582046177,1.64900554765558,2.59261335010685,0.00752756731843718,2.04655991872031,0.157219911381449,0.0185237260520972,8.87093140749289,-2.82954004607328,-4.1558486485586,-1.26586400330624,-1.98185645786226,0.638845981325004,0.184146080593453,1.09675707180074,0.244603064161148,-1.32270101303949,0.0615976406568486,-3.00983063651189,-1.97655638791052,-3.22693769641314,0.46086227234449,3.63391276369956,-1.28105533874521,-4.11618624149438,0.908779965064888,0.88996580846463,-7.42022196197507,1.80367765263694,0.654113900853085,1.60539427820649,-3.19859503859374,-3.41004317656012,-1.44230837927175,-1.75955047215796,-1.09347529166431,-3.12917764755021,-2.29844712909239,-2.1983894307564,-0.351090747379136,-1.64140986550793,0.144828780423147,-2.39016378079565,-4.08869003599909,-1.69018321048921,-1.64822826516236,-2.82786870552734,-3.5697900378928,-0.761281975323616,0.052453602024467,-1.39674364498633,1.83819584566521,0.240493547144628,2.45279029021464,-2.60240961538154,-1.17922334369218,-2.36936544215215,0.902525975983548,1.07166673882177,0.644759829234764,-2.44803282619895,-1.52292315275612,-1.57677332597357,0.892054510436397,-0.111252907636625,-2.16675103587716,-0.569194376326617,-2.08978110067848,0.0742570268202754,-0.186298658610104,-5.18739012204739,0.707505701546867,-2.83690076693784,1.57648397236811,-1.50611351647456,-4.52518439517188,-1.63381828543759,0.252478053036459,-0.770487367165508,-0.445851979915913,0.142643081428265,0.702999835636096,-2.80712595853311,0.599752220281994,1.72241215297424,-1.71253183913075,-0.281857291551452,-1.18861179328023,-5.91979756853098,-3.81382170830202,-1.5425768632091,-0.970926933212005,-4.46278795775909,0.557142580361727,0.369881925284624,0.449995441072881,-0.773078767544675,1.32484148022163,-0.0649627985673615,-0.89298201549198,0.692055441041226,1.08753102700137,-0.0598334436513439,-1.55937700666819,1.98513372230967,5.31626769848835,-2.70417989752558,-0.986631211927099,-4.19389629033691,-0.181956228133633,-4.2023870724635,-1.79947483580457,-0.612918001901512,2.35318826555898,-1.27073875912225,-2.64993408272617,-2.21801490603344,0.526534800552383,-1.02659845406106,-2.00411884154531,-0.00956538045944721,1.66174200706001,-2.3094365152379,-3.40750202001501,-1.59597391560139,-3.96369167532178,-3.68912455131067,1.45096504236075,-2.92180033610339,-0.597445475636917,-0.14994229836321,-0.388580549195341,1.68395039218735,0.665697233052783,0.878093150686177,0.608614701194283,-3.19638313601528,-3.98760605990408,-0.666870773409854,-0.108140886706445,-2.25457002806509,2.23068960834229,-2.49550534315706,-0.114593749479338,-2.85132245192254,-3.07979206826084,2.08307272209394,1.91014558620082,-0.693986533809393,-1.5157000931314,-3.38863086760178,-0.311284296374333,1.40772550902051,-1.38068608702106,1.32387757112947,-0.854224235933026,1.53663706375156,-1.7864149332952,0.331276122015718,-3.13092947601642,0.724143700779216,-2.84944279320502,0.772460296609749,-2.4848672740111,-0.40917098656108,-2.47284929579401,0.345475388958247,0.718130190285646,-0.721956971576913,-2.54425270234973,2.16771626966549,1.42319136919159,-2.37437204745919,-1.50991494039263,-2.44909464128483,0.306388136658844,2.65704547808566,-6.05956511405221,-2.73769891085855,0.163744246664498,-1.06019816374993,-3.32152011646022,-0.383112089974886,-1.57579171940099,-0.0275431483070674,2.13951163118494,1.00067834235094,-1.49190651673192,-5.61670656068867,2.75351916699659,2.68000193995208,-2.21554547972387,0.814478362194792,-2.03607595223079,-1.59748578254116,-2.86327762001407,-1.55615515008647,1.37397222749935,-2.0332028081727,0.409314446664681,-3.08814022944106,0.701700354697365,2.26518462433089,-0.276276979897362,-0.73174983958758,-1.35310319391021,0.102482838391063,-4.37574239190788,-2.01439130166167,-2.68548447368394,-4.38580354973016,-2.01726690850065,1.54994403199283,-1.87962932476103,-2.81869545809329,-4.8309522907736,-0.712696849678244,-1.85633597502743,-4.67013132749755,-2.86204423079273,3.5910296871385,-1.71325838443753,5.28259642343627,-2.09069071802528,-0.198185632797026,0.708415544235298,-0.175850377088321,2.76831791348382,-0.578380686547278,-4.44181709146933,-1.28138249268896,1.93373830893274,-1.60522437343564,-0.908966148509457,0.254921926256143,-2.45970052393883,-0.511539195051598,-2.73889759600761,-0.791421149246445,-0.501851779771086,-2.44631450911369,-1.32469336044889,2.06444308579233
"92",1.68928619514492,1.14035027598037,2.34843956034099,4.71481182027137,3.64259909575011,2.95988986151957,1.01922169266384,2.66402864361896,7.18947997633194,2.4532530518877,5.71115284203827,5.05264345641205,3.3347478775723,4.9585520980331,2.55966816369447,3.12315622462496,1.28658243083547,4.35404830865219,4.35889974381454,5.63154520560251,4.58942587660017,2.30602954961143,3.18459442626968,4.37842883524815,0.209848126689996,4.77077619872143,6.17247212651477,3.61057820964182,1.63900983612978,0.253342778656374,6.47455724292302,2.38909461535721,3.85539128163453,4.58388299105662,1.95384391145194,4.02067804726593,2.03427591625112,4.61815908556427,1.79486328286707,3.63860827695405,2.36686501639724,3.72733677218226,-0.734568076900073,5.27681885494887,-0.686897515017588,3.05168888798549,2.74184798357521,6.5213364564513,6.79489642407125,3.9358134388735,4.59815340506581,-3.4582998299009,4.94387390654426,4.53172801987229,3.86370123557413,4.32594179049548,3.01394206675946,2.48626042262182,2.15101919617686,0.99022407478704,2.54339332942842,2.5994166704571,0.640462009317941,5.43594355255151,2.71737026824076,2.23001405552743,-0.253338357084847,3.6006211193867,3.55195794589649,6.25488398082198,2.14124228767521,3.25527235894529,5.15824467747323,1.18848607649605,4.66704413129915,2.69057896612913,1.38122428680039,2.47531203073177,4.43500250329565,0.81789038813435,4.73965056815267,2.94130225699479,4.61631873969123,1.12339996914121,0.467898378956809,5.08711707518465,3.21658305771316,2.08238446649105,2.60527415220213,4.53535718059915,5.84261532333623,1.64409221766937,-0.157195145845046,4.27260652921562,5.02457628240875,6.64798759046035,3.33811157848576,3.60247633268718,1.3589819298578,6.52141244219695,2.4872989360835,1.95778483289939,2.89329024425063,-0.207498191333908,4.31530743553212,3.09974197883704,2.28405548707437,4.00878896322938,1.84742603351705,4.50627334604469,3.24473592317867,2.51967729529127,4.07359466530658,1.3137720384418,0.0950807242456961,3.47119188875485,4.20618591904962,6.91181138384839,4.20625502143411,4.00310316250742,3.94863376084803,1.213240548949,3.81224464026421,-0.778991060834219,1.83618806755336,1.36724049583588,1.47038840596161,0.530386921946675,1.63202062247162,2.37466656268926,3.48022335919554,5.95529558272753,0.771134132363387,3.36137563523983,5.97184643411286,3.62604987744808,2.63619156415554,3.53103879280814,6.3620131746822,3.03926881505107,5.94300214931914,-0.296846115358082,1.05856484146602,2.93112946684109,0.398848424640911,0.86269741622377,1.7453461294777,3.84838986845151,3.49350882182567,1.14685549065835,4.70267641168222,3.93605007001467,3.26577646245451,5.77521970798588,1.32201821826967,2.65526549935585,5.46800972398678,1.81033127843023,5.39903021689095,1.67238804773957,2.57763044833615,1.22130806342052,2.84193054292369,5.0218001355624,4.24636538426607,4.25987314823139,7.00987763060754,-1.89297976972523,-1.9876172352742,0.274885051335593,1.54337510906924,4.86708016142437,4.43538019546479,5.92953919836396,4.07057938565653,4.24088064514327,3.7475287390715,2.47851708697739,0.261420888908591,2.23791552714237,4.35246209958325,1.38725863549181,2.92651482579989,6.21011592358975,3.67027405373158,0.687342470172798,2.75592713300979,3.40311897808714,4.00503962431128,5.14310181925851,5.81409071088286,-0.715973438736987,0.0553949811578764,1.65984553257633,5.76604734672852,4.35196166585757,0.606276596988932,2.73718257447323,-1.70827792161556,2.5652403334434,1.36264716300349,-1.56159749461229,4.73176603204458,7.1621820978315,4.15654047423598,3.20100755039733,2.72058135076428,0.84591176898793,4.88487951764993,2.10219507234487,3.48757036646796,6.97980739952764,4.15464764525656,2.82106059783958,2.02970409065676,-0.384825036922838,3.67714587899012,1.44021627284335,4.63234597678027,0.692760421489726,2.93489282136241,2.62461321261068,2.92509337128336,2.23734805596117,3.43406640226168,-0.984961949300766,-2.10450954529839,1.70916812012504,4.78970675431127,5.60807697700115,2.63257960994114,4.42039440008838,5.36091051857072,1.79632543619175,1.92892385730359,3.57640897097624,7.97106879599493,3.675487083716,3.62384363775434,2.8229295549019,4.35766285087989,1.42165124053524,3.78705854392221,1.57038360579436,3.46940778385358,3.22435929225461,-0.691978133710254,4.08326588448005,0.990984364284127,2.03221884129231,4.85274269713106,3.52839305832821,1.51154403709927,3.97452243672414,1.1992561895575,0.653634027645972,5.63794969192029,1.00328709158992,4.98286646814256,2.04453305209997,0.157264009371056,1.26196069885396,3.80919227601852,0.924729005042434,4.4653115542147,2.66677070152641,3.07792266710133,4.3907111621497,1.04155671144866,-1.02180680033637,2.03213489803951,2.93203531178359,3.47917838609771,0.207010525984687,0.430553633885855,4.13659956155428,3.78674645509146,4.65015418926265,6.28971544169007,4.63454915041757,2.53065947356112,0.210290492049009,3.72822001064059,-0.596979851846346,3.89103201044942,1.67384501356958,4.70021974846546,1.83133960938106,3.96654493291725,1.83767664296737,3.97013855879104,0.536654437235357,1.06444423564548,1.64954655966109,5.29683799734747,6.92973075541543,7.51910178215317,3.7638422612959,4.92057353046062,2.94229615207041,4.97467792759038,7.96366266364749,7.246520114488,7.85859100043821,3.86644154594394,3.69346621370302,0.704583653425483,4.20485291887975,6.5965247706537,0.356343992879292,2.41869569195285,3.69954973571946,0.474674702268413,2.48024520726577,3.20997727981157,2.06222849441702,3.8773169917979,3.65296735769871,0.59414686864497,0.717467438220236,5.11542477840307,6.80830070891203,1.91069746494332,3.60465820950753,2.78108255601148,4.21993145290309,1.30010209899937,1.2440367240407,1.6097924572872,2.80575306419866,5.6517132859282,1.39713698363807,3.55196031978925,0.689073619059759,-1.08045961252544,2.88517690512545,2.30206214684748,2.60141559673579,1.53703841185657,3.42563988684211,5.60730391890461,2.74160298934523,-0.0589226318939425,-6.07098491951419,1.05739007466665,0.82013052206013,-6.90009052965498,-4.62258655668559,-3.67400607511129,1.42944525160031,-1.15847196748792,-2.57662102665897,0.166018580812656,-1.6006348026893,-2.86565479585271,-5.45922424461581,0.22269655632822,-4.1741462395794,1.62167585846787,-1.80201488587604,-1.68991643760167,0.509624162766303,3.16466762770087,1.00996636386028,0.0152243650034267,0.33322893104091,3.07979547995824,-3.58939012562318,-0.453548029408072,-6.21724368940039,-2.40869010888944,-0.706766277032672,1.06637424994865,2.02123467562338,1.09582647438723,-3.64103127335575,0.665594321198426,1.09750036929692,-1.05190527803227,-2.75259484621921,0.651223081470214,2.40252620548589,-0.36003752126167,-6.39360896488738,-1.51418475945287,-4.91044317265218,2.16039428837252,1.23112938928976,1.07072768344036,3.111045467968,-3.16480857893202,-2.46617553598138,-1.21368775041847,0.700276927916247,-2.68767667775285,-0.0446331129598478,-2.50875099013047,1.63858986087942,-0.693609217266879,2.01022109910944,2.49222676588074,2.68377347823977,1.48088610419435,1.82679249227435,-1.33912939967546,-2.23805673939648,-3.20037961324549,-0.681835172309467,-0.390590572122001,3.69378764064638,-1.41174711799459,3.08976291694573,-1.3885786322223,-3.75232152592087,-1.49412213313851,1.05326393149089,-2.00185921380605,0.354787390191439,-2.68208251009654,0.977356773213385,-0.551555797424602,-2.03798821663643,-3.11196835570148,-1.32775841659123,0.472820490780689,-5.24446571143021,-0.832125459272284,-2.24940837015746,-4.18682849753353,-0.166901540435012,-4.48140029116547,-2.938349413533,-2.17672680250802,-1.46525606169509,2.30407862927113,-1.70948079052189,-4.88010098240725,-5.09928174992045,-1.51672135343378,1.23783136934703,-3.73762402219219,0.411011547900153,-1.46894247912776,0.30440932164152,-0.26744169957311,-1.63994748889993,3.06812069303285,-0.547987721002163,-1.51067655853523,1.38885140413393,-2.00364366974619,1.68354135550311,-0.695901470851545,2.00229580254436,-5.28756730326258,1.93772912899857,-0.980502216558177,-0.35437093393295,-0.58910898045482,-3.39203146832652,-0.847754212492531,-2.23699391427427,-3.10688833673048,-0.211445241230448,-3.11180102505087,-1.64443978262303,2.43850419162106,-1.1051230814752,-1.28439474999119,1.23175768112965,-3.53967055959106,-1.75765996411647,-4.27846326085481,-4.0745299255196,-0.249578182454064,-0.487679583350075,1.88225164159643,-3.06356738155831,0.617059982951989,-0.0297666901049554,-0.130557008612773,-3.13781631341812,1.02908369866255,1.37550492249494,-0.56989380323283,-5.37604588986686,0.460017147766098,-0.656071620973755,-3.0466861151256,3.83041064057741,0.514393912246187,0.566124836624179,-1.37556041286657,0.739964551393712,-1.74595729977366,-2.21203726335225,-1.22119213271309,2.6602495140766,-0.325370696639336,-1.96871124210555,0.858594456427559,-1.79970473306025,-1.97201797585779,-0.973700493522451,-3.40224191816823,-1.26961927925646,-0.15936661385966,-0.808813315925035,1.59145671070428,-2.10288625552664,-0.296722432573428,-1.33403976068141,-2.55637429817886,-0.484527021440274,-2.14123131720523,-4.39513868169468,-2.16091444907166,-2.10901413221662,-1.49948804291412,0.985914028722044,1.19048402106018,-2.53806482754536,-3.49408035007926,-0.888295971572456,0.7024980382876,-0.557603716761103,-0.0784246497084997,-2.56535127893864,-1.39116502876594,-3.40544504885865,1.50115644030692,-0.880793704005602,0.893323657570088,-0.994203956329727,-2.31080017365136,-1.2688111926024,-1.3612573583349,1.96213123362148,0.316938441745493,-3.44505801558835,-1.08686945725223,-2.01752706023569,-2.82430483300074,-1.92795147518605,-1.80137029258193,-1.67880692853229,-1.94093490494203,-8.36175467526305,-1.76397739308423,-0.810026568406903,-1.91120183904459,3.63473289425477,1.30819802883435,-3.6625075625151,1.68583500196771,-3.05403834665195,-1.30901105999705,-1.09831347295843,2.6426097803854,-0.429286714739791,-0.328165666402306,1.97110403722487,-1.06273746989499,-4.12812265998362,-1.4639682235563,-0.494048540448331,-2.39800957272212,-3.38578791235845,-4.23266399038074,0.268646512410285,-1.39600516786967,-1.15514657196538,-0.713145046828387,1.85527074675516,-1.36592086927568,-0.818634296278113,-2.68118867122922,-0.687198734570746,-0.352813057717071,-0.700780332110307,-0.711484032052943,-1.97819122168205,-1.97728413763268,-1.53454159242636,-1.82208677424894,-2.2881815449863,-5.67607653235774,-1.89755120651353,-3.09491532339531,-2.6068403463159,-5.17427149190654,-0.455677483769447,0.561284813101742,-4.70524056605188,-0.604985494247851,-5.83347727445047,-2.75070170671325,-1.03361102810612,0.760766440407874,1.48907529415072,-3.53088920253226,0.622740162402383,-1.83480128993779,0.0636140527296287,-4.07830505697894,-2.48711798123038,1.40907501669154,-2.34661554105035,-2.60483502827108,-0.153999319550158,3.63335155618161,-2.66973337989245,-1.22702099227832,0.0481915288644612,-2.58017663430275,-3.85565412946445,-1.89379185504331,-3.77474931774489,-2.16505450886622,-3.03733430744257,-1.54355308619545,-3.70314271977183,-0.0503347553305105,-2.17119863659994,-0.153737820887516,-1.46436030131354,-1.24435574947102,-1.86153564306714,0.953588265561667,0.117098382093762,-1.71737844250277,-0.24789338390374,0.0536215759869887,-1.37715839813062,-3.14086055721954,-1.57142212719902,0.632797948930305,-1.56360757470018,-3.00172949250064,-0.78740497953271,0.580243483962327,-4.98836800574776,-1.41522842788424,-1.40141270933616,-0.469516894624245,-0.753802602856264,-3.07328539410597,2.00068486131662,1.46913806086203,-1.41523794408043,-5.47079635681357,-4.9077661102455,-1.8932385758859,-0.82939660313984,-1.39044247868056,2.6034078774757,-0.370936467171021,1.16280620102369,-3.98352846883782,-0.738766621740149,-1.3040789844639,-3.93620409968165,-2.94170055931804,-2.19573471453278,1.56148329245672,-1.12836899846058,-2.63529919757185,-4.31586007290979,-5.2439536171254,-1.79442309355329,-4.05071849464685,1.68868969382309,0.745494992863504,-1.33578346577757,0.716411782532732,-0.53089577852659,-1.96534266217339,-3.4638584387899,1.29470510125332,-2.36830227862985,-6.75516607795441,-0.586807811610248,-0.446707919822403,-0.00848189618698258,-4.69306604064993,-0.993212434826318,-0.442094661739891,-0.31635408097006,-1.72346490240641,-0.992367870133102,-0.474896883298652,-1.47698106190886,-3.44528069497936,0.740431117140607,0.552104723555381,0.478402753080448,-1.30462843536244,-1.38050502705592,3.36174803479108,-4.14056426268779,0.166225426129386,-1.51044985992745,-1.08130862021704,-3.603738293967,-3.59893446475201,-0.758999295859342,-1.24762317992278,-2.41676114645014,-1.46871593643874,0.283259109712065,-5.03980285632109,-3.61274606967361,0.35516071582161,-4.70695350090036,0.891388481173144,-3.82851168292902,-2.13469141498919,1.54728206955024,-2.38700587059094,-3.40745293581713
"93",0.0904745533287037,2.58536766404895,2.35181752656891,2.16624631163207,5.2409242141127,-0.266087905892855,-2.10527072856842,-3.60303166848246,4.74279540232386,3.41338545413968,2.22600793198145,1.34643196637343,1.56523433689245,8.40081655886081,2.70275610973797,0.570373536380412,2.22382658567918,0.784119899680733,3.06508520406013,2.63724881740419,2.1504222591326,-0.522043923274714,5.23644414411398,3.49111877150373,0.721983207693991,8.34434689047588,4.00042277279629,3.27437983511827,-0.258055358527086,4.10849347056467,2.81913725661244,1.04642899072312,4.03059840478368,6.83175016233932,2.03288744824215,3.16987079565653,-1.74001089384485,3.42693202772534,2.59496864426532,1.03813650495201,3.70905986668121,1.25586924985534,0.0227429855811261,3.56925643950152,4.48883923918222,0.643589488154104,4.11250073713167,2.532898275628,1.51800517946562,3.82680236104153,1.95023823435184,5.02421864693029,2.50781648104292,1.55668247238529,2.24031877485555,3.29242560495038,6.281946459529,2.35500551250804,-0.737455834487736,1.38494073132267,2.29646978297664,4.33428998796222,1.48253787516153,4.4971117291526,-1.04660494094646,0.838909240955235,0.365757819973528,-0.492111018228651,2.10010096817715,2.5680709383277,4.27702414719662,3.16109147146708,3.427592910739,3.16240850861989,1.97831749083486,1.51114327052754,0.715777363720452,5.21999404207457,0.739211158979102,3.35289931132023,5.03194933171934,5.72687088362221,0.943222384727467,0.625303072685055,2.76184148458563,1.05796528577795,0.466840586151742,1.4255474306404,2.27102987083063,2.50754946995474,4.10247726883747,3.69387980245075,4.62052607923619,3.25542018381461,2.61659805056279,2.41330572139158,-0.785050550493047,4.92711228416844,2.86792387725291,7.43176647714861,2.02727547407061,6.65189940810905,-0.0224603669749777,1.99875858028493,6.73968009360766,9.2491020981149,2.63613507059042,3.07830093632037,4.60744841019355,1.44767554620734,5.60332221334117,-0.940968047697695,0.369578866381225,1.01399321032264,5.64819693725884,2.99527178643166,0.824207186192404,6.38066435303295,3.14475884226121,2.676943257982,0.730891088295679,5.01233449690046,2.01936302972547,5.14644656421944,1.14751193816442,-0.422044719925993,4.06807876891501,5.75783495395489,6.90420238918019,0.183018381515569,2.58466670925811,2.93348220321436,3.07005368895646,1.82607299446264,-0.150690011503218,0.990069344297073,5.87353756258999,2.80579931307633,2.02043179152189,6.4954920090268,1.03267610040527,3.2108072884084,4.0540709033702,4.57572563289179,4.6100652575307,3.70401222125965,2.31070826605027,5.52438831703607,2.26954721456149,1.99321171780242,1.37851081289599,4.36724873405,3.51558682982478,1.29130565617386,1.91262879319033,3.88631592299661,4.23118155680281,-0.00842476073485265,2.64006048831318,5.17285293825682,1.09000309677854,0.794424121525024,7.59851746209277,4.57697621903136,4.43647616284286,3.87492720539902,-1.50818114765991,5.92893336914592,-0.391683715108268,1.50965096586143,-1.92805757492664,2.00982647063919,3.12539479868156,1.57562285773119,2.34215725581473,1.24334938778895,2.61892643125599,1.05017297343638,5.44823065028709,1.91927960973074,1.93748233830425,3.06541148166845,3.02371774660465,-1.04675551074507,0.767121729370333,2.04823873211421,2.77816611337268,4.29805969783552,2.0678268421641,3.69399659358117,5.80260595051054,4.59964648192105,3.97456311918145,4.12791871458647,2.85516822149194,0.871211745605597,-0.295433610989775,4.52731194276821,3.26138851114883,3.09128524850229,5.60755414460301,-0.475754157464676,6.16722719061931,2.74428242871598,4.6129425914139,2.63819378537788,6.26327080220373,0.645854111932517,0.693467888999579,3.41971450201408,1.35748268011857,7.11279014599529,3.2257918979189,4.98376562024045,4.707110476806,2.05697692277496,3.56472673816156,0.911119473001338,3.383186293622,5.37967469013344,2.38826018030452,4.47542108850799,4.14557301437538,2.54835693800934,0.670009605281549,1.21254478544509,1.84529623730384,1.89378370759582,0.430068798722234,3.34936549228363,4.41465262620706,2.91902779597429,1.4822279286758,1.61851938723601,6.82211243946717,2.32021111934905,3.59889711432943,1.50618581557014,2.50995306029265,2.37697797754684,3.31475419386227,8.8834963964264,3.09222140608028,2.88003774650827,5.1536122917089,3.61144493359308,-2.99540702415098,3.61228485101679,2.6266485043534,3.90014128440597,4.56478824089548,0.979483795208204,2.63156208865558,3.61093595418356,3.15313999632504,3.44290288604481,-1.73786032890362,2.58317219137639,0.188579987635846,1.17238758242557,1.53439180807398,2.14142560559758,-1.78411554992407,1.61978132273452,2.42840424587538,4.20318083664346,4.26721370631999,2.17351302299707,4.98803388519038,2.23954005119171,0.0230916252895739,-0.0862828437494962,1.60918846701108,1.61404780164157,1.98091292414353,2.37920591547325,1.98038355638353,6.66104502573992,2.76983552131382,2.46757295670553,0.117242772229518,3.21335921359128,3.2196103021093,4.5941286975805,6.46855543601683,-1.51613890889863,0.250100721346702,2.25571353791634,1.10959075790865,3.30151228027903,1.96757086929615,2.35753579266738,0.322238544821669,1.19682432752554,3.41826576298516,2.23628679883417,3.18112852183915,4.98227869140785,2.3496323275165,2.81350905663906,3.05170531719729,-0.430614262279496,5.02048261795738,3.89782796186735,0.959010787481055,3.469326535204,4.68428593569479,2.484502603748,3.65766147938159,0.48480667618072,4.23492013513046,-1.0671293128544,-0.181326764427777,5.45570393029905,2.44530033760268,3.53018362137621,2.6632856380438,2.31372074861242,1.7340054217283,2.62697336020343,4.95121207566442,3.92621901356736,2.20832078214372,6.73862747711763,-0.26124764062394,4.86592265275264,1.17447980936716,4.847940634202,5.3484099184711,-0.516916722030131,7.0675969709392,3.9181529597914,4.7867416300117,5.37413200786316,3.27755481686191,1.84179852817008,2.82457216991812,6.16316908934487,5.58178131264072,3.4085378197922,3.64074414461487,2.94179425260665,2.66272859833122,3.87322375560051,5.63613979386773,3.63883699954042,2.067691438579,2.28223738738025,2.47365214882198,5.50434547554345,1.21373702099624,3.98371847699276,4.05748954552869,-0.119726135847664,6.34536812122428,3.52792951539183,6.68982034473434,2.14575403242066,6.45323576190484,2.61059928851963,4.52900417869699,3.49188309162264,3.89774294531939,1.8613152182763,1.72166372239206,5.47856320926656,3.80105309158396,2.2543250399319,1.71195775870318,-2.13193368814767,0.286426013685043,3.26995432578352,-0.242649465323688,3.40638833979829,4.46644450867363,6.36255906354793,3.50934140165177,3.63540807535403,3.33792108967656,0.357871932906311,4.22818320846829,1.6119850320758,1.13284870894546,1.93720368196978,2.72116954723464,5.35541685429746,-0.371178996358539,4.49450297736701,-0.1370640021868,7.66167425688728,3.5360977297388,0.834364803577011,1.88868573482983,3.04277527532226,1.25170313612069,2.87300209792176,2.07787701476701,1.28452060660971,0.894838740557045,4.32197473775475,1.77042517420828,1.06814526271573,5.83549886724868,1.21655006503216,6.76941491980809,1.99776944092029,3.8384238706638,3.24112840721965,-0.187025462818465,1.50080649385293,3.28198975416936,2.05577143349362,4.97086367760986,3.56713518136679,2.75703921417222,1.53895215476697,1.12018916496685,0.555463979800662,3.76214106552093,3.0694697408102,3.30314309049351,0.684180370539912,4.12960000292853,3.44857252135779,2.18020671173435,2.89054204941183,6.35878157670412,0.748482425181498,3.60498079171782,9.13998046999697,0.790647744074338,3.80458592018686,3.01628289585616,6.11463937776383,0.10853329896705,-1.79050018429495,3.77285353960941,3.41610030281368,1.41493536847642,0.929398424311593,3.76668681344833,4.93132832217521,6.41303561244905,4.61207903364456,5.13354776202058,-0.0880699437678123,1.34164779361517,2.479766100389,4.02560053376032,3.82634143557093,4.54443348945606,4.0619824394333,4.95271436739796,5.87929580621714,3.26470085238404,3.51344823944156,3.98668916285211,3.55446819316597,2.66362962238125,1.73817097006181,-1.72822265340195,3.31357873087084,0.642429304926389,-0.41123434132187,1.70978259537894,5.7572374654062,3.61056544793965,1.5406545821312,6.26606273387037,8.44454950068689,1.39692721705311,5.75561451917756,-0.963739702525999,3.1144409657879,-0.358739505709303,4.64130446000625,2.65941599646431,-0.901369668875546,4.42501288299623,5.68254657553616,6.57128216683494,8.34779345735661,3.21203378096811,0.535392220902974,4.31636934997079,4.58436261892644,2.94369517130754,3.91565301973403,2.44774392708535,1.36037742139394,3.54899542266781,3.89482547654295,1.24919785081576,-1.79892909296064,3.23962988643741,4.33414914672724,3.71841621100961,1.13852709858382,2.26524339157742,0.292755219227464,6.39493220976438,3.82955851020286,4.11933455234307,1.36519688588307,6.30754195834365,0.67346367424022,3.90716433732143,0.330304560446016,4.91966579771124,2.97454516346999,4.25795923611903,0.405958161521803,0.893428432290915,-1.07399621433338,5.25555767993248,-0.312067601089159,5.55796334431925,5.01738354305472,2.58384123262374,6.74323599915576,-1.65775257202333,4.51507313075481,5.97221324110486,1.45619010536136,3.9658632766328,3.42462739857329,4.71950978345161,0.849936519249002,5.39849694425098,4.63149735766987,-0.202671217722611,2.53087570119695,4.61494420878093,1.52738047680366,2.75700211692362,4.44158422683862,3.65045070859304,0.422011139169561,4.38777958088295,2.54245599766723,1.88914560643944,2.45761146784206,3.43449407268859,3.31372331346163,1.41608598486259,6.05467746366251,3.68458660329392,6.30883978380934,1.84050921760036,3.54386437061789,5.36399956956575,3.77923271874479,5.13414261298071,3.99306164792929,3.94182103333397,1.13200932022521,2.67455108740326,4.16379441208242,0.516215000751484,5.80248281348647,2.27768465448128,3.09314678311379,4.45432834136566,3.75761789389512,4.16419294201769,6.05671907039843,0.793424236551574,2.49491239221523,3.59932229169241,1.33614633985326,0.142035830884069,4.17575149192812,1.86837238220773,1.76412988639715,4.06564581239496,3.89732480938111,3.05288892183067,6.88189840681607,3.04608627368086,3.78134497186576,0.144781114773518,2.22676445571452,3.50681277950738,0.335430450980039,4.77267953700038,2.00773118499495,1.08378997708784,1.53527359877845,-1.84900385035299,4.58858853801181,-0.0147150230605511,-0.618583604955216,0.786008565325249,2.38569263687994,2.47016825301981,3.19360470836063,1.20968125319816,3.3723878459636,6.52121237734236,0.518475551373596,0.427931488448793,4.10329584304575,4.98834143923701,0.601073994643929,4.02314936740154,0.865276722688064,0.109406188558256,3.14814196154227,3.57365213347002,3.51709052067717,0.977416663579829,8.71718407538249,2.13499458608535,-0.138605864073536,1.23308762815668,5.30258994117221,1.71318262644703,2.01397006467383,5.52724900464928,1.43872854901321,4.74372189120078,2.88070885073953,3.89418750259933,5.35888432053449,3.80124884402583,2.56939076383664,1.68973485233543,1.54786896711534,-2.87319041609839,-3.45126995227409,-0.0437743965742778,-0.133456388041944,-1.4439900285317,-4.58310206718631,-0.974462492602185,-1.93773675713159,0.726648341675437,-0.897807050246324,-0.524179019413948,-0.875135147395303,0.259113220459198,-2.54828574086898,4.60644811535482,-0.483665569756096,1.17489173820652,0.542811666555714,-0.445794275381194,-2.27236503670128,-1.76439461682968,-1.16011747285638,1.3037148703067,-1.19089969368729,-3.49210878741489,0.274670029127222,-2.13341642069942,2.25866086163506,0.750087477150529,0.750640351253243,-2.98327674642221,-2.20842936952495,-1.90644755228765,-0.508775649923389,1.83663856094032,-0.689985458323517,-1.30137841036173,-0.779657851922324,-3.07116528559412,0.631655931070124,-1.16465513389355,-3.3027238187633,-1.56377523937915,-1.26209800025109,0.55140536734991,0.0216390073314534,-1.19951430643861,-1.50467276168563,0.816197892440158,1.5577282528064,3.23398267460191,-1.05368458214187,0.896731320319806,-2.20142785423779,-1.7412536192228,0.605606721793718,-1.00210035675096,1.78653881350168,-7.68453543841854,1.56520972409517,0.455097818848814,-1.43638305661817,-0.240943048955942,1.27498823945232,0.954472035078169,-4.10009831635512,-0.545148786212759,-0.274283245682413,-0.533291892339604,-2.64057173529006,-0.956194702701064,2.25912693953122,-0.958857451984575,-3.05515161597316,-0.976350930384325,-3.90329996949223,-2.72487693462078,-3.09627611907464,-1.81442988547476,-0.640836264073576,-1.54937391290913,-3.83809192767792,-0.708624045880416,2.05284514697838,-2.17179873711934,-3.44131876682982,-0.361750590026347,-0.299694620084802,-1.39978585047345,-1.69173960419838,2.37756426900142,-3.6918116843034
"94",2.28990124941452,2.66507063705503,-0.118850798340362,3.57907864542428,1.66655999166852,5.83388049748165,1.68618021174786,1.00519845122306,3.11879817744039,3.32733285643787,2.24858604840373,1.0466911907955,1.21229438177401,6.99372427620475,0.032755667028042,-0.157032572779324,3.64603220078851,0.40152022502918,1.79654978230628,3.06944942709936,2.56714090315499,2.28654418328114,4.72048922309068,1.66539920540257,1.60840810740008,4.35799773858993,3.58160699881495,4.47368349689612,6.35159829950877,4.78925261969387,1.2048367973943,1.81715332916975,5.4291107056119,2.47380762547791,2.91312146713043,3.47979428054265,4.16398245059642,-0.0379002927276866,1.30994832172253,1.08003854661532,2.40124047340593,5.63704626420354,4.52977486377858,4.56256999981733,4.77153404819814,3.0510479229252,0.00967379676661162,3.64304019529509,2.07078756393073,4.16583309074601,2.78522854009744,2.58676883330781,3.48673391581697,6.19153871463583,4.8213326867051,7.35389271794475,-0.601086394687269,5.90840919265341,3.21603685485501,2.28956273516135,2.90460163966196,5.09916717344546,3.76811670064319,4.11206603795403,3.02567565752972,-3.31908504770909,2.15428356987641,1.63266716735899,1.69983009272311,0.647211827546418,0.242660529037857,2.22200025159847,3.27016643630195,2.04354701802503,5.17041818596708,4.78038097624356,4.60245125948445,5.40291950142124,1.60231275257267,-0.171032069132441,2.55091973888955,2.58738098605385,1.29110304763066,3.38358676826452,4.70316989674021,7.56165246841054,4.23366300838456,6.38181724557639,1.2020991114574,0.414976803639493,4.46580729588485,2.74285018045541,2.76261471425734,5.11168273519121,3.27451931322176,1.35525459273497,5.67384531634638,5.0371048731363,4.6274806339364,6.06317382594589,2.77761193459186,3.5911432681494,6.74201789146549,3.9191675978595,0.800758214651151,3.24923760833069,1.874186421934,0.484969594718886,3.14425409347109,4.97961290531048,3.62465877890059,4.82102449076034,3.25508752540653,3.60177440324983,3.87285762021904,2.83641694641143,2.56623858246816,-0.00307207892365247,4.30133653628203,4.61933179824348,4.3695243957602,3.35545864989324,5.52543436484409,2.07067717337168,3.84351379552001,1.10891105580842,1.1680807307619,3.11599642073586,5.31806457237262,3.08650322198024,3.53301841563409,2.52847047025038,0.717015059549721,1.71248601170571,2.94987662891521,1.59974900090604,3.87861236190952,2.81685251712386,-0.221342982226619,3.57317215788557,2.56484778759546,4.47990995519904,2.7159091602894,3.36998849493035,4.20262049984063,2.04700783864336,3.99201202347441,1.49239483063459,4.5742159861762,2.12477780245086,2.90360529374962,1.55444544083665,-1.23479106032142,0.255983019087374,3.23289746073934,2.74029591148427,5.30133169093491,4.8430526476052,3.05721979112835,1.72326577115261,10.5655626886939,2.26143618081161,1.15925693411421,2.13736598456185,1.1153828221399,5.79872355556061,6.58935696101151,-0.364940225569623,3.62519081993577,5.91957239155838,4.63819377408793,-0.34560765341487,4.95853720087463,4.64675055016403,-0.626393016716399,3.72433505632834,7.95772092622307,0.670415017995586,4.77140153156234,3.84438920041281,0.639065248165409,3.04551872942003,3.99292966633722,1.66081184685032,2.41936082653563,6.50162031070397,-0.166140981552221,1.61497665242204,2.03401771642466,1.80059379244806,4.23386676003026,6.35042104568687,1.25589772143422,3.30342293501059,1.80743458581531,6.79233553062443,3.62391776270515,4.32577905959192,0.776475657747624,2.97799450706009,3.23916920255118,4.33445540917297,4.92763285962261,-0.34068958806179,7.23537420154601,3.01034486998138,5.96539381562206,4.41634723217083,-0.734619901861058,2.14075416208944,1.88252110985906,3.26085289098258,4.93237576805948,4.79821570539703,1.86961584672517,0.133693055405039,4.31507170460733,1.85772586880112,0.350652531180325,0.530910997311963,3.6393576382003,5.16099666166833,-0.742771429507386,-0.844611129855532,2.84344974911056,1.96656422784471,2.03823855880737,4.6281893465971,2.25624702562382,3.48428529793389,2.33215753761053,2.98616742764197,2.55709165925767,3.58146837931744,1.10392575765097,-1.08004779546179,-0.403949505997053,1.14328842215479,4.75570633809373,1.88313749438906,2.37293964051675,3.94192301945495,5.16984918718854,3.75428778537693,3.21822860898601,5.41972674659716,2.51841673166732,4.1374719516785,0.48997093763712,4.13672749573083,7.33239032551293,5.33156415225392,3.45048185835089,6.82506013721578,2.78174047659888,3.38086343946455,-0.170556005701382,1.83679694993529,1.19892490023585,1.62490040974503,3.47632143245034,3.13616519554043,2.31394512168812,1.44647535404978,3.70444682810526,3.3898949751765,2.78931114146913,3.01594887385188,6.14741387763986,4.17670119778065,4.94054425258631,3.6850237355504,2.81232378667617,3.25578078582658,0.0137469625714295,2.98832764158291,2.27267532128688,1.42480083909968,4.69150074932279,8.52015159162407,7.1099016902562,5.72311389889013,1.19260223378374,3.45598364429865,3.58643910326088,3.79179137464744,1.50057837870211,1.72435475620672,4.70873250834134,2.73867552695815,0.884519266052119,0.58560639121997,3.29052713454247,3.43552105886899,2.03643886720986,2.17120702115931,3.58456593654696,0.767635584814394,2.01602309460498,4.57487156162006,2.30372253223156,-0.0697986688359347,-1.46051393897311,6.24888600225284,2.67556237660141,-0.477315835922928,5.36014142728538,2.97506979119669,2.66547570238432,4.16310715561018,0.441018258639731,0.574743984497851,6.04064406892015,0.503204880844546,1.72220108922423,3.24157062610871,1.50047784168954,3.04992309394825,5.3359552016384,2.68638142643833,4.03599876999831,1.29520193584664,6.96278015113075,-2.11863552416475,3.91084962294461,1.39511139954963,-0.340121554780748,2.16143281795379,5.04873409614696,2.92584677250832,3.56487189304371,2.38530081069417,7.65858097309967,3.39658743451881,4.27810238163367,2.49165382109284,5.35912212361007,4.94687548869745,1.89681138451132,5.03429165976139,3.06387707763911,1.41358463765391,5.7927853626266,2.51723990127465,0.535675190707513,2.7731260063311,2.37404418083289,1.8079989925366,-0.487965187476814,5.21091492227832,1.76638508435726,6.32063231410132,5.72299748778874,4.0997272832212,4.26016953149561,-0.697882891855486,2.93130998882559,2.727896593444,4.17680673367855,1.16236049166007,3.42252219046559,-0.364154992679917,1.90601763478408,0.396487873753055,2.31573332319119,5.27781403456587,1.21940039332334,1.75656966127764,0.599511725541386,1.70207889738253,4.23834227076158,5.92364948819634,3.76248463780402,5.11030105099882,2.06476991091067,3.65736515879288,2.29093440298876,2.79287996314472,1.92042593573844,2.71783107182404,2.33673889841426,6.49459721331645,-0.746584267780615,3.85020773318403,-0.554221173691078,1.96895094586127,1.98637132557801,2.06387890581065,5.41834598775556,5.59929125261211,3.19264645237219,1.4526387583418,0.560479921221634,2.19863118424505,4.89026575330483,2.91511993421101,7.51427371284874,3.93775848658042,-0.0539649221922005,4.21931219740649,-0.748562097099298,2.16969826717841,1.15916490432,4.41010569132518,-0.23026154349927,1.1182011014184,3.23069238159868,0.229464359038578,2.70945115183146,1.57984954926814,1.93461487861395,1.3834265064242,6.01570274918849,3.11229734001717,3.82155687536374,2.10934060936704,-0.762350641101794,5.25583936029039,3.82509675172554,4.47292844538225,2.72728952244107,4.37032654085883,4.34121226032877,3.7241628966274,5.41811918424374,1.35626783738321,2.88095220744423,2.80183655325919,5.17511271246566,4.16989423628578,0.897274629108315,4.34287743703879,2.0123625698303,6.64610888617386,4.55131537460529,5.05075709212439,1.70005447392608,-0.522724402852475,0.169022044738741,0.62139523579128,2.41101780740259,1.69150554274949,1.47920363378809,-0.319818516925862,0.635876149532333,2.08157458636588,3.60324650154966,1.60981743382351,-0.43182659488254,3.98363937042699,1.55691566268944,4.43989845349339,1.92558173864021,4.57779700629232,0.13804012958258,-1.2566437016718,2.67083609190651,5.58486033680961,3.63166455147,1.25202885444812,1.41825519467229,0.922323880017604,2.6081921504094,-0.015898264006116,2.79655308252859,3.37104538375696,2.68337953827513,1.33955491053558,2.50196456385963,4.33876277295967,3.60067580194867,4.8578290724106,5.59189846600795,4.83016674508344,3.4052435163477,1.18553706222533,2.56024200501884,1.63460271848017,1.91182297368914,3.94935100899836,-1.76690540013503,-0.330953047922655,0.297579211583899,0.854208136868649,1.2664186948601,2.4859422629023,1.4153858337915,3.73616883754801,2.53161652797699,3.67805747620269,3.83765154820752,3.34871115075193,0.910371438701024,4.10729409595199,4.5704424872655,0.837929730928168,3.88540005264806,2.5201635907968,3.0965135954537,3.11133946966522,-1.57697839397234,2.50998783635599,1.63239989580517,8.55062205853844,8.08681623158605,3.99450292433578,5.38236241600933,-2.18345413421049,0.0108052395216482,1.81961778717837,1.3616476089281,4.52958907558366,6.70001102922097,0.641933583907368,4.97785267703153,5.49348068691521,5.40509804650097,6.32762805110798,2.98450947240097,3.34253863562249,3.63960015709129,0.978050347929989,5.00793544415802,4.53814476326342,1.64994715726425,1.93759493715044,0.295063054102292,2.8517218466006,3.23849448704471,-0.965945611076133,2.70728119436176,0.848777626384248,3.7424116760246,5.91727402622261,0.770255663295754,3.18609985835743,1.96723264119008,5.20538855054657,1.94532641249441,4.33662457703576,6.05755390278888,3.74578171804759,0.0847503139999333,3.24929013822522,4.79337345356528,6.54145205007227,1.9106281510675,4.56202412516147,4.60253875597323,4.60462252126919,0.849175901038171,1.56418520973011,0.106378987769597,3.61951151769038,5.52423461976795,2.79627748462868,-3.75234577170087,-0.833115309445587,3.18651653306139,-1.17544701040956,1.68032036431221,2.17589950192574,-0.417546202334358,-0.172984363433322,-1.2446400275479,-0.308329491105754,-0.605636836116022,-4.15778443443855,-0.580541729301102,-2.28844663645853,-1.15529300765603,0.459242034414815,0.96888042343239,-1.75044448005541,-3.6813828528356,-0.215827222319703,-3.29818250809246,-3.26424239763771,-1.66316861134115,0.134513449215375,-5.55070485780013,-0.492539272025018,0.64226262613348,-1.78115870273768,0.0225345856721164,-3.97968586141848,-0.891076060176591,-1.74318355914782,-2.78580185218754,-2.21697155579272,-0.638670025234281,-1.35787168167646,-0.209953775462777,-1.82268538524097,1.38437926865311,-2.43580148076418,-2.706749728725,-0.175215168800968,-2.22043031106289,0.484357566707175,-4.33498050260974,2.23439001541193,-2.2802780899332,-0.106297768080133,-1.75740154575467,-0.662029879407766,0.198566236519104,-1.0843178311902,-1.33332465416962,-5.29065126001317,0.0180022392664494,-1.04320648362224,-0.591924180682191,-2.06078610816733,-2.62779228278588,-2.00940161695349,1.64567259314085,-0.491536460398138,-0.212194448505283,-2.77889856015546,-0.401185364466118,0.549585569393964,-2.58361826619413,2.63922468653288,-1.90761693492877,-0.377005018463804,-2.38136921913293,-2.33268918173102,1.68571914978525,-1.92743989982634,2.61120052640301,-2.38760702741934,-2.11458916496092,-7.05014867072074,-1.63148158995228,-4.20599892825999,2.33614121742145,-0.493040997429189,2.15772668614323,-4.31508017881823,-4.33817122015786,0.74309278325326,2.72025638767637,-2.37284621763915,1.07062048867917,0.870840298870015,-1.57257895890967,0.339417213428157,0.214176056218943,0.467967676853208,-2.75866129652927,-0.457472802628163,-0.889739100630776,-3.92937810335246,0.678127640956567,3.50231086670914,-1.18779802780974,-0.0267080957284771,1.96923859721508,-1.14265664177432,-0.23464789985873,-0.361947929372389,-2.38692484686189,3.01573887375634,0.547856122833898,-0.103422422343279,-2.08126218530549,-4.53217050226438,-2.11571445456475,-1.66137904334379,-1.49875779241397,-0.701108408625762,-1.81694446986846,-1.82424995095185,-0.0356536320888597,-2.0552805603394,-0.578941319133261,-2.22821594663751,-3.57822227926335,0.210993730226439,-5.70955347418282,-0.206020371376516,-1.66641981848966,-3.52569116206986,1.00892519185986,-1.70868850416233,-0.626364971970882,1.34101189453493,0.210559024652787,0.576065929226533,-3.34500423003471,1.74490313065833,3.21521150321291,-0.846708313166677,0.251001616652475,-1.72993184512292,-2.07541840575392,1.08931526522972,-2.48413289672262,-1.39466319140099,-1.54814267726328,-2.77197463410661,0.486567051429541,1.74712716478073,1.58200698329877,0.233259825214244,-3.00391019759028,-3.61111256492922,0.556031410700324,-3.88750621038802,1.22188527135315,-0.711871258888683,-0.5419753753738,1.92466258731112,-2.86573313518527,-1.17530491431967,-2.62104297605778,-2.5290446021661,1.40890059477645,-1.52870881640953
"95",1.66531078036594,3.63326037412603,0.954730074855147,3.77619169580994,2.21060601801834,2.35536601512377,1.9040211140682,0.958102456536692,3.49535476257753,5.48029680536964,1.55543416927583,5.62126687887475,-0.709439046610238,2.46243302885057,2.41134387542932,4.56091907859042,0.108385034835908,5.20426120980958,2.63158300614719,2.93698174186738,2.470470230459,3.93318172831916,2.48148491318453,3.0302758031648,4.76870962104854,6.89845087029123,3.88656988769769,1.89915054037376,3.68811611442666,2.59835566245123,4.71525424692738,1.78377203963878,2.59243744376785,2.39401023714527,4.07240069429616,1.18848352329125,4.85138374992946,4.07746926971129,2.78571615304867,1.57780481149879,5.41785933579367,3.73287116313176,7.45911793849199,2.92138639977009,5.63190867449788,0.407651587220987,2.11356732501608,5.90836645614913,1.5375658050982,2.26654450500268,0.759710013430487,-0.168962668818896,1.35514223246866,2.46193847562228,4.6709022415043,3.19419580764557,4.30475580971378,5.60409964801232,1.15164754818166,2.8306161062455,4.58812791475077,-1.00490080320949,1.96562310123473,2.40425288579462,5.66474148456581,4.2423434131069,0.80398359360751,3.31255086185232,1.74654420199347,-0.479502384738684,1.98613443930222,2.00148813219783,2.29023262908825,4.90361617560668,3.70502509588685,4.23734195578409,3.49785671389032,1.47117151140745,4.84075956322512,4.10897766613927,6.53623550679752,5.7890502766692,-0.103650823741514,3.47804155216106,2.9668620900157,2.57904146250795,1.62106395011106,5.69239920785964,3.06302087292051,2.18378582723036,2.34649150585181,5.19927419488164,4.98183283002216,1.31007856448615,5.12933187014918,2.89652667511806,2.2695025933756,4.41246208710996,0.0578769517953552,1.09564478219318,7.22227192188224,2.88435268769994,4.09392339058455,3.38330037941573,1.34462971182298,5.18291313249583,3.94082653800941,2.29106841391868,-3.2388493038153,0.763863750637012,-0.347589206593899,4.65724995531038,0.964437997267798,1.07108667823442,2.39025771461885,3.00884789421515,1.64870889613855,1.29936479864886,1.89076098266058,2.42237718297981,2.68882946347236,7.22832510336823,2.58339826538642,7.63038702932274,3.25092871151914,3.34807979769882,3.62371292491071,3.31606210332013,2.51548633928241,0.284318074982913,-1.79123739079333,1.46847021351071,4.04514838650779,2.4547010845863,7.21983367770121,3.06375360186038,2.25660760997815,2.19748341779799,2.08020889737143,2.94470347289504,5.91420391662114,2.29283064144735,0.990177290460664,-0.511534063104528,1.40307494006064,3.28182029478953,2.36796327090127,-0.0119203631334068,4.0623966775242,3.26825008410322,7.95685266283119,2.22726109994403,1.94821565899749,2.8402667432887,2.81804425069791,5.43039076355242,2.55447781118177,2.204910448806,1.29105829118296,2.52981931539056,3.41398888103798,3.60591571709611,3.38061258451331,3.07894580310195,1.83381399140518,2.31069115938885,3.67784635454955,4.63808270421581,3.36912220973443,0.942811754021554,4.84338627656865,2.58645089501525,0.752642636358369,3.91904022193534,3.13733810376259,3.88135036581613,3.83130011232505,3.06612607275265,1.83014054848444,-0.535287245434288,6.44102181878189,2.54965332194428,4.55984648925848,3.2955874185156,3.90609289268098,0.301064076444038,3.32459401238548,1.79957032117411,0.771131474030706,-2.99604502935126,-0.649137293715562,0.964625513770156,3.44817118424404,1.38864424086755,4.98357268070201,3.55412991524539,2.501179070432,3.03181881232685,2.74160197684495,1.95792730297167,2.45351488847375,4.74690449560954,2.41772840054595,-0.113351822431839,3.54603095815978,2.27083045981723,1.43261927925746,3.12405012096019,2.48588650026466,0.0519859202261346,0.991288830437825,4.95037831813332,4.86609685019091,4.06160140829891,1.58107115932217,2.15895713955003,2.96299490190434,3.46082937041419,4.54683314403106,3.42414063455313,1.32949697041638,2.78127630904527,0.0133147666221638,3.10875475659331,-1.47171286435075,-1.63472167001562,4.21045818773036,2.38303057942979,1.21686375066421,-1.6768826415896,3.70886578669359,3.03937544990757,-1.56933212660659,4.83240781391802,3.64647100231505,3.85060274037862,5.08403021160498,6.4582288611931,0.642187524204771,1.19740651404853,7.75918761218405,7.54269848687757,2.73101604075317,4.24905508018248,6.35077952881966,2.24597913901289,3.50071678375983,2.75207751292949,1.11198563271464,2.25020637320474,6.30670001999655,4.1206762095267,2.61150194915981,1.54387183255003,1.58223357804996,3.04242582080493,4.39741089486936,2.66026218205605,0.679750243198799,3.36692565116701,5.01972694190638,1.50846811393236,2.59775006491528,2.17096933761589,-0.492195960348234,-0.909600720828034,1.40960177583224,6.90473750726712,1.78329951696244,-0.0921670501312097,2.99562318431101,2.34409137173462,5.05879761253893,1.85859397267338,1.85945430170924,3.13061825989253,4.33252573690361,3.54790843415925,1.5071359634275,0.44101630964522,3.77327604826879,5.06398548804288,3.35648661733019,2.93233931173238,4.25879631783407,6.5011245815969,1.0248386116973,2.97918175295111,0.917365908319889,3.98954530877477,3.16432926427689,1.50688351747219,2.80244774631974,1.02918710659614,-0.444763372294294,1.24038572093508,1.7094309494084,2.23700242732789,4.47874701125546,5.3718934599305,3.53917774725259,5.5495772656133,1.87062911713911,4.93609086516575,2.96016285103218,7.38959172984038,1.48502822064611,3.24660692181792,3.26324703306181,1.78870005966011,2.0000068898338,4.91751739478625,1.74602818481138,3.02695845963538,-0.209962802135943,4.91466025144947,-0.176075771311008,3.08507618138409,6.00089259052258,3.74111239617601,4.6093516239257,5.59405865911137,4.30782328464683,2.78701044885955,6.00257219312171,8.22502018518319,4.2620474730181,2.36431870660218,4.6186522538199,1.85240377377981,0.491648874259869,6.73579147106882,3.02818172100444,5.52759160280516,5.73589928851701,1.47736140706434,0.788902807581346,-1.27697680962454,1.93230472640165,2.90406728314472,1.23195337551415,0.608460453495214,6.77447534520598,1.06285098413917,3.04776500976209,2.32622441760722,4.40029518020803,0.836516976020561,1.55016793899518,3.91024352928433,1.94987243611654,3.53519689139306,4.41030983358623,2.01960842704865,-0.172768469443461,1.37487206380718,5.03195710576574,7.54477528269999,3.48877958183583,6.93545208820642,4.96686991021828,5.53159333194165,5.29595772195585,3.13429353648448,1.40495081142447,4.38439373200516,4.47651434714537,5.77835765788056,4.33344754618198,0.807938506901907,0.810424834800346,3.65447296661024,4.08919734631575,1.0232630663521,3.36384914725196,-0.547120893294343,0.593012535511404,2.3783187186581,4.65534162893993,1.1546965061641,5.05817206323764,-0.227186950659489,0.914928797495163,4.93203083566365,-1.69732716001963,2.74420275157362,2.33014630512557,0.98135029986608,1.3608204457907,7.51449669799628,3.22476120240015,-0.182548827143376,2.75869868940765,1.0366603317516,5.01837022948972,3.31374608653867,2.62292672911165,4.50641137595742,5.63074887716771,1.10338933078156,-1.41008672231217,5.41854023148789,-0.40904175966315,3.31186982272769,1.09222265717098,3.04546454504976,5.34908527435125,1.94422229789695,5.10595733940855,1.74572183850184,3.47232929211551,6.58642282983836,-0.150930640859949,4.18749469400164,4.35396394916537,3.9204323880086,4.13369075642149,6.14613407050837,3.29765424173898,2.61925208419159,4.95110255835679,1.53638229754917,3.01305788550584,3.28800539510755,3.00796025270945,-0.985706330726364,-0.00179515667831032,-0.0662850481927655,2.24984712788928,3.06008422536733,5.3386075641855,0.769323762539793,1.72364119509296,3.22839674381214,4.11677630999878,-1.45494885132483,0.830799978534181,6.12580461599462,4.46725804324041,1.9767925770114,0.21807779790135,6.05021039906818,3.16456201091587,2.61147147098422,3.1358460582167,2.92663702430059,1.07407937349326,4.72684159370147,7.10220917381417,3.80922897557079,5.90295118585455,-0.159568591969975,4.3723991901455,4.8058530573208,2.97240249329812,3.04992188528317,2.70571916751111,2.77981760789986,3.84217406405424,6.14925433211289,2.6692490789904,3.02338772092114,1.37219635392096,3.34336824567457,1.85713047552659,5.07755315641215,2.46911891091608,0.0923397781412443,3.99288110368054,3.35432153505614,3.78466474460122,2.64765898920207,2.01460326202925,3.85426911519643,4.74854721297695,5.58762161122133,0.691416017328701,2.2440571350808,0.733725203991388,1.39039473070931,0.807804404059212,1.1773778643422,-2.60728381120846,-3.5792444087585,0.112900982305978,-0.699491983658387,0.854342619218297,1.94283070291651,-7.10519366898685,-1.07331933651197,1.02501868849641,-0.892784555528653,-0.584690808880267,-1.08054825237921,2.50598105082659,-3.14142514521971,3.95820070804087,0.385757643808719,-3.42269056855622,-4.78536381960939,0.0194837120520717,0.864305631629154,-2.21390900060096,-1.36779807161968,1.19235443796128,0.267230298572396,-2.56681931412339,1.59135874252969,-1.46364160937292,-0.573702266770723,-1.14337178823549,0.726265210143607,-3.08239461133455,-2.15541572210666,-0.76475195261572,-0.563673790665466,1.96887657610818,-1.0130162703958,-3.64246615131261,0.0401781269825388,0.101974116590414,1.10827314233945,-4.5207668104873,-0.316819158312044,-0.765641179869351,-0.944554257345016,0.229049908558187,-3.04026616940691,-5.603329758326,-1.19302514858789,0.0642844267606522,-0.843903669183821,-1.510081902204,-1.88622507790114,-1.53595747669873,-3.86264915990647,-1.34409730720501,-1.04734627407468,0.496806162690778,1.58701316472779,-7.47365681135414,1.51909495154302,-1.46037610160817,-0.57473918889855,1.9870262076923,-2.08773518996621,3.56827734775667,-0.418610470537725,0.954085703085633,-3.44601578865246,0.062831273867495,-0.587384014008273,-0.194273735299806,-1.46439384802839,1.8078190538875,-1.14905702649888,-0.421907750651422,1.20768548638605,-1.73698049554774,-2.10181061594066,-5.54791600772047,2.42061703423545,-0.914484284887774,0.903020933820071,2.51365121225454,-2.65080286514079,2.90733576696582,-2.187247310054,-1.80148515501303,1.79994852323322,-0.0876443151153021,-3.04170877129924,0.578408326785696,-1.55852688680754,-4.46579099537538,-1.65455066029177,-1.90838118584467,-3.09846520059223,-2.16842189233284,-0.658238509784895,-1.041742288844,-5.42065692286711,1.64494226075844,-3.9102468772072,-4.50709564876417,-1.26810724441947,-0.752429940376518,-0.441213652401787,0.905138516744318,-1.68332372062707,3.20126494267532,-3.3346031582275,-3.06848012763498,-0.422745900406075,-0.706690265356612,-3.10879580096319,2.8038790826335,-0.319240844571904,1.15317559533823,-5.59239920732396,0.202606055795728,-2.94943697400996,-4.00743749347251,-1.92727675137662,-0.0547019996333036,0.460508691710672,-0.823453050633685,-1.95586406084135,1.91260234238587,0.729893611036898,0.0748731417128909,-1.45088751411534,-2.42617050949984,0.466610688049449,1.71080999710913,0.954646110346793,0.153498927323697,-2.31031718628964,-2.39476000165329,-2.3678363946492,0.542592671056741,-1.91587972456963,-2.44143969112689,-2.36547202884432,2.90778572632314,0.562883717640348,1.25646122536082,0.565037137239139,-0.493198196958571,1.08305204753737,-2.68665920064092,-0.902509739588833,-2.21947383953179,0.2415571967229,-0.327006756215077,-2.33012908181709,-2.49666606299874,2.4221134220481,-3.91483315297326,0.5724698956071,1.17916579250889,-1.35720602021191,2.9195461544238,-3.34778933394459,-0.485941844927002,-4.85373577888236,-0.634405406742335,-2.06936356769262,-0.417727346566586,-3.27870032940826,-1.74271427052548,-3.08711076301362,-2.50366795741413,0.210867546740501,0.541073906334224,-5.13403973029744,1.3489453406805,1.73789530687022,-0.0209694207311809,-1.1619651160118,-2.99640926005717,-1.6486128349054,-1.84094855182675,-3.33494378726005,3.36755241271222,1.72394988975417,-1.89636909497978,-1.58641638403815,-0.38638472410629,-0.435796071960509,0.00873675052510947,3.67257227634593,-0.887782082394261,-1.01666576812275,-0.381848522286839,-1.44827087796091,0.0240789963510128,-0.83387892528424,-2.49814618093585,-2.45993020781953,2.17982469202113,-3.41752014751649,0.111786948449523,1.89632246025558,-0.483822920602684,1.27321869607675,0.488626545989433,-2.60554097065104,-3.8821844574391,-0.210463272737832,2.38951910903948,-1.05270772500386,-1.3479462175486,-0.788039740284373,0.632898232993075,-3.73431744776125,-0.501981922603896,2.37221595023154,1.41736510655907,-0.227455181845202,-1.1392763924977,-2.53673772885951,-0.996913981848973,0.311536725441202,-1.62840783185771,-0.282128950493885,-0.964933066350985,0.193351839217192,-2.50734771845598,-1.44542342334235,-3.45934624674237,0.479203146479353,-1.09495583961068,-1.47352357074576,-0.00917918408122609,-0.642955308518182,-6.62159188525954,-4.75717152361654,-0.53949017489572,-2.86434402920098
"96",1.82291424439013,3.51867611068925,3.14501043456455,1.29930575657987,4.33034917056595,1.15576493183408,5.3423376229952,0.309405580798665,3.4119788932096,2.97417551097909,5.80905628602413,6.96260401918058,5.02930015265794,3.06650404951499,4.66730497810559,3.6671307480814,2.69241004876485,1.96309932204714,3.7368637433093,-0.341146658307198,4.25285690068203,3.59494829199333,1.69269360895417,6.00315158505587,3.80564424229549,1.86927920048807,2.32121262336014,2.76989513481864,2.68899353491581,1.36247569321915,3.16416584867359,-0.191447095372545,5.20203705752633,2.51741396302914,0.195658737906561,3.98562570444039,0.299449415822338,2.28456153570534,1.99728276050706,0.648502926578154,1.71987338065818,0.846550037221347,4.94299344081792,2.00619064350395,2.93492394335587,2.44461370304105,3.24072841824982,2.59375014331068,3.03447562154551,5.43429491230941,1.82131673350542,3.57035394190642,3.59834256224113,4.1363039914643,1.6849795858351,-0.00499310804194275,0.712721632755006,2.24089943676226,3.73253043683092,5.25035505787848,6.83525083909814,2.73552306363433,5.30964392135737,0.159994649432708,3.40052700472012,0.314893585296328,-0.0288619462414403,0.427139286260174,1.62996135561562,0.379724573338835,3.47452895289173,3.34960680893045,1.35418099803563,0.939038749109855,3.49954291490507,2.95828263071512,4.7874175124445,2.70677230651718,3.87148534990094,3.61069498722698,2.53208525583824,1.78336739772275,5.11756632419707,0.218071960086138,4.84890439758125,1.89967716289943,4.49127122813308,4.59566063422877,4.68598679508572,-0.0247940072479937,4.55694186316983,4.37234116233169,2.99157012394692,1.75884329931713,5.78333878092692,0.485734887141146,5.25340562992498,4.56265958692756,6.10046047284043,3.24978177723469,4.60891755201027,3.86772167705211,1.84406407730191,1.36414972171349,0.364705067098596,3.22549582470389,3.4202055884978,0.709885196892367,4.15342237870185,2.48943002846211,1.27599294823914,3.28313267380538,0.247231567606707,2.84207383240897,4.04742011655617,2.55609115199281,5.52002913030071,1.1730437677073,2.44820601180384,4.17634946933697,3.28237795684842,4.51957563004995,0.582402339894054,1.54197088107431,1.18158088833011,1.02381525060291,2.59054221455127,5.24086105070986,0.833548442765011,4.80924201367599,1.20449971517658,2.37062941387005,4.17050181938973,1.32899090695917,0.163853862380855,4.32731233389861,4.59293210462875,4.6869114069728,2.4002048489841,2.49037039756691,4.25262781572804,3.96904372121371,5.50239735932045,2.57524468142053,-1.08680831998754,3.07615113411567,2.36039454353452,5.31378775028081,1.39343012885835,2.88146023982752,3.87534419125977,4.03261854984188,1.64815703295474,3.17710575578404,1.1215959289713,3.46063799837005,1.10926717731391,1.51251779641546,3.59420822269828,7.6349835199522,3.3335044102318,5.44382710196316,3.46584554858051,0.822291742976366,5.83811726885012,2.86394624740344,4.36636073188583,2.29659822413369,4.54736719987496,4.35062110894421,4.88090513757131,4.58740732505811,3.5713887200652,6.38240618770536,0.923202339870114,4.32472919668138,0.508022455717336,4.2510269107082,5.61737401455876,4.61173394423004,1.8756378886748,4.12945016868604,0.502362780363907,2.9754316894952,0.15781627388266,7.29278771702289,2.37405962030673,3.05649926492935,1.51036597563557,0.148250407510441,4.51127292845481,4.14236780430778,2.8044406831776,2.41347301985096,4.48713198519304,-0.269340015261693,-1.17700760976856,1.08332219788995,1.00999231727561,1.79225412393778,4.23651842863582,4.80566684933934,4.21486143220934,8.11604079662284,0.121609913055856,7.42592682463975,-0.719480754478119,3.17864302777175,0.974945603495943,4.02997665664318,3.79197784049822,6.24259537668664,2.19236710308717,0.625155074788937,5.3981284929678,2.64988092962554,2.63202803754383,1.41837977081077,4.32855201577714,2.65489344538653,2.69999216785933,5.3412823809101,1.59368071061195,3.72435051293508,5.96615414794462,4.65837618734984,-1.36290139797722,1.6591993469104,0.23884549650376,1.79776229480266,3.6180885404415,5.05437368306346,-0.501465546642716,2.08288314034259,1.64361169661272,3.89101324040167,4.27355711073321,-0.192984159209317,1.4297129510931,4.49780215458934,3.63402942509996,4.79362960301461,5.24923937728339,1.85023408912034,5.09021097131738,5.15263132352587,2.14236392180563,4.19700450136914,5.14000450956798,3.97076290651914,2.99610188122321,5.59805006313335,0.897887767526001,2.90768521735418,6.05327602783902,-0.461762029989443,2.46077865776878,2.53433072545975,3.92684023649862,1.87863078418838,3.94402637251628,-0.927832550369613,4.63543257192316,7.78257065565343,1.03024764539524,4.37151118000143,3.32394225219207,2.21057549757655,3.22729117031115,3.41367904911459,4.88645860696374,3.22484269745713,3.29917699283814,3.78649264118406,6.71441327489173,5.89455743967583,3.2967994873004,0.215091648991065,3.22725970632121,4.71121536344352,0.880024839258038,2.99209981631278,-0.709561022870568,3.31843400529514,3.83472200017744,3.82714443131176,0.821216558771694,0.514139748457144,-0.0676000828761429,2.87187978757029,2.96861239343253,3.66378067337384,2.99625452913597,4.76602169965977,7.65625752158928,4.24766397095513,4.44607790711792,0.472572991544717,1.47603433989017,5.91966069731938,1.136068776259,3.99397133269825,1.90602398050756,4.46898353535706,0.822598369654316,-1.11009429782138,5.73900361272617,2.85716139184683,2.26973623925342,6.4169636884233,2.42244737593227,4.06751017158628,4.31032286410594,3.37806253607333,2.70889976821724,6.55735206229534,-3.83160247186255,-3.5045017685489,-2.35918246980055,-2.16458143731429,0.862446205441202,0.948688121466732,-2.88944046861399,-1.03812715210894,-3.81442040853024,1.64154504312002,-6.49104954253556,-1.08389223199527,-1.71714716319595,1.12552120737543,-1.88823108941433,0.783453694416988,-2.86607684988347,-1.35573382310798,-2.6599184087579,0.00255101659995383,0.164005694271859,-0.134221279425579,1.22464998025352,0.52318433941125,2.05540474995811,-1.88123277012797,-3.47616251481516,-2.95356126649039,-1.62427537821677,-0.133911989726233,-3.40588327556351,-3.11796334395338,-1.08824888193664,-2.64557421054423,-4.41787297087325,-3.6036290799351,0.451274234907799,0.1184781746326,-0.0569172220718692,-1.22889607223792,-0.812017347609858,-2.57983058792853,-1.75564971804116,-2.12051397993739,-2.50916533858032,-2.41759139294322,0.17521462516833,3.14545530942763,2.21705959928505,-3.45245074021437,-1.3757593292174,-1.54592829243618,-2.59122496894178,-0.852017942856111,-2.54374197713409,-0.0416000029841952,-0.0642222816341856,-3.29550551614349,-1.57296183910526,1.08558566574014,-1.07370044479652,-1.97770209868954,-0.0358808682422758,1.46591291335476,-1.16678003249221,0.765669976428718,2.15677512693933,-4.06349646501196,1.81154492794339,-1.7698929441167,-2.95486134578359,-0.593019753165349,-2.02907703695668,-1.78939344088105,-2.49494661776643,-0.829961647658459,-0.961916466076036,0.832443175984661,-1.38203677512875,-0.264517207060671,1.84936458025141,0.022279748583985,-0.427853550247008,0.0553382268415448,0.587036301319302,-4.1978794434728,-2.04261751837219,-0.0299527050946783,-5.78447929369808,-1.65600650997317,-3.29929568464,-0.480898632731774,1.03603668060501,-4.76220442059867,-1.11652837828669,-1.7443063605053,-0.411748023363249,-1.43950784091712,-4.63872268055445,-0.275348811290177,-4.54382536333346,-1.52979070761252,-1.28779008778253,-0.657718164770082,-0.783217366259026,-3.51098438921465,1.52705970102804,1.10861039578741,-1.21741332937271,-1.1431260298012,-2.62470152825689,0.478233916540312,-0.56743370623572,-2.87846162436396,-1.37184259949428,-0.771238860939047,0.232123826500817,-0.782815018779802,-3.02791119791176,-3.07734385378231,-2.16192917894611,1.2390293094498,-0.576698276755657,-1.96173821310457,-0.595730829652806,0.0665674536347567,1.42541861584677,-1.76921559641366,-3.11718933300999,2.07305409915366,-3.15054451546978,-1.96197882792464,-2.254314646201,-0.0636897283543874,1.17358694074507,-0.330014330103377,-2.58597298610116,-2.05231129694124,-1.37410914235548,-2.32767866354451,-1.38883821794979,-0.0477550631256685,0.564689860348817,-4.09190604537639,0.174121384471345,-0.383207264904526,-3.16710943061912,0.166238581833227,0.136533649890469,-1.91603372122054,0.475487756652332,-5.89582433526255,-1.56361344248811,1.0653829275948,-6.15497935814674,-3.36623626759489,2.59445063094639,-3.27800057881342,-0.770948766479526,-2.57296559041547,-1.24233194324978,1.94224474594802,-3.52593101269102,0.631677426413371,-2.07538436767452,-4.33505362071764,-2.88493993926305,-2.18564967926854,-1.82432891512089,-0.015924759082749,-3.04787280013251,-1.96526867983024,1.07213109609982,-5.17790342960689,-1.36144740113926,1.39023170792694,-0.299354616913087,-2.03054627008791,0.283243629152252,-1.61530020042927,-7.62746728805512,-3.22244160527199,2.49224617249772,0.0949403098187469,-1.56312019748319,2.18812039799237,-3.44649106747143,1.22056470220663,-3.53958944336827,-2.90345796236274,0.361379302273116,1.00144176903241,-3.00507076009908,-0.113474791945528,-1.35044047359147,-3.46113143127563,-1.79056531787837,-2.6109551860932,4.58685158898342,1.64936417710452,1.74359014887946,-2.73214897994868,-0.289939936431826,-2.8590007870981,-0.674008639471306,-2.12721322824882,-0.356993422106072,-3.60053858258881,-2.61890741398331,1.27210456428893,-0.337073618720316,-1.95110778076369,-1.87647796185048,1.44881352462067,1.12955073674749,0.0466449220320011,-2.702589853734,-3.20643748560204,-1.07988009412733,-1.43523117871797,-1.08196353990316,-2.11175035769488,-1.55911978101002,-3.6509882573567,-0.751034195912952,0.247957906633157,-0.842392073549121,-6.6925018030114,-1.30068031397365,0.437017637633718,1.72878757111156,-0.594818194018,-0.212883104783237,0.717280807032062,0.73678239270825,0.53319350442284,-3.00865313038001,-1.21384663131125,0.315028484404378,0.92292440825259,-4.66683636452787,-2.85275242986291,0.0921507851590051,1.2502301890541,2.90121900956286,-2.18820169777601,-3.53605013300369,-1.54615918713748,-4.64168480010721,1.78486732965074,1.54954069466581,-0.975652911655333,-2.42588575444589,-2.37355117959269,-1.96841300933182,-0.295234351234885,-4.58436276065039,0.42447187536089,-6.15155689954274,-1.60556750837263,1.21883668772256,2.63047175872626,-2.51749777237001,-0.704396578127059,-0.601025124681597,0.794980873986132,0.710880000701823,-3.30618373930122,-0.628194687702129,-1.44343322004376,-0.855902457737947,-0.413298299322425,-1.46437652083098,-4.34171491182415,1.07074300839742,1.28907779808658,-2.22998546650231,0.816315406904664,-1.48752018490016,3.67253565948961,-0.431649672108756,-0.850926718624672,3.89222211536674,-2.42317787024891,-2.48417181208162,-1.6859240553761,-0.638041698807051,0.850573505499385,1.24735261909632,-0.189862620359722,-2.10109185522571,0.884467916743909,-3.08971897984985,-5.40308712600564,-2.64495069520518,1.90202972459973,1.09798796221465,0.899258592923466,1.27105370246873,3.63710050022179,-1.0119339604801,-4.64677107766671,-5.24561752140383,-2.24051904603147,-1.20917752740541,-3.85505641704822,-2.10931749774539,-2.17869098161039,-1.07210500328445,-1.22705198115207,-1.07162660991484,-1.24994857893813,2.42713112366818,-3.34690274755652,-1.82368340931354,1.19405393538112,0.33096311049113,-0.48264574342857,-1.55582921165775,-1.91184225103293,-2.83329599842497,-0.350519046169083,1.25100058616973,0.241515599327865,-0.578041860749115,2.89811751245163,-0.200973094559884,-1.17044132826773,-1.58731429148467,-3.07547333030854,-0.415384721926181,0.415111547088659,3.99612383109337,0.17609421059633,-5.14627166926048,-0.29101316588076,1.8839811962099,-0.746918968915386,-5.25756055723676,-1.88365862479164,1.42642802253585,-2.06248715047096,-4.45655859100932,-1.92889634569291,-3.95878950820527,2.45707278484233,-5.30725068151517,-2.40367024545172,0.0322072295067493,0.736481076441591,-1.51018927663136,-0.431747335653193,-1.10623449698434,-2.45879793248544,-4.17724427060303,1.57801304866506,3.8297786424421,-1.63382083785167,0.273953307661266,-0.146139077474466,-1.80424491612793,0.406657635232911,-3.09945814626124,1.34689494521088,0.919659477632755,0.891078439059656,1.62795447680751,2.47179298421008,-1.08275414994256,1.21424208146219,1.25099886798341,-1.64470350262652,-0.236019636298625,-4.83792452589272,-1.19250865451557,-5.07359522758447,-1.27230142759612,2.40522564732585,-0.687336707798581,-2.76325957012488,-1.70289202632609,-1.16599441949888,1.14459898744099,-0.253971236955452,-1.87006971767715,-2.67436077359476,2.48522420095192,1.22224857316793,0.131417982051815,-0.320095785939801,-1.9619368783617,-3.01267397682278,-2.69432509090366,-0.467076060485391,-4.19864191645359,-5.64115807230219,-2.25399944053829,-1.08884833710715,0.766097126858718,2.14993353792352,-0.369420487836349,-1.35198642891892,0.868779861460209,1.6634349780696
"97",2.74828548180632,2.60592168729774,0.475277810123861,2.09786351769106,2.75473065489752,-1.09199052167996,3.72204250759639,6.86846296916908,4.2351052177639,1.76957185258322,2.79373616850942,2.96094206210895,4.02750799124994,6.79933306309977,1.91102586884116,5.04264021325064,0.613752094513599,-0.508744532213832,3.52071831577082,2.68791950354182,3.6725661096748,3.99108809973541,4.10949892791046,3.83547636203949,1.83035843301022,2.34970098316717,0.499202583190447,3.42488304248444,7.20272172165131,5.06906386147868,4.56485646534411,2.8917552650759,5.83004568297675,2.38078815206206,0.337465546072839,3.55212595465859,1.19430368856802,5.98604383377488,4.57268551073468,2.07809839829294,3.66144681901142,5.35370353071513,1.59201611021241,5.362446500735,3.91840911180531,3.48318725870721,5.74963635011431,0.482557689160153,6.8565817447299,4.20259258624648,4.75421400598605,5.39832236853999,1.47158096585262,4.60526301576253,5.76284809399343,3.83764996949508,4.44403983415782,3.4827698178809,4.5236849305184,1.79937139216247,3.54403886517313,6.05698511293459,-0.137856828720985,3.99561003395923,2.19215367924667,3.34420985325582,2.07067061183394,4.2421974445576,3.09354582546242,8.21642444511471,3.01206990027906,6.22538164311438,3.21876511919214,2.62957563305015,0.4149170960227,5.61718070251809,0.0874102801201264,1.94176517425668,3.60155192625728,1.46934414052029,3.77045695802582,2.80830266229863,-1.14182180789661,4.76520551284238,0.896758534287523,0.343802307893745,1.43900234391567,0.387069319906168,3.26507429774456,2.31567434786106,0.864305143579803,2.38511160342129,1.30637354594479,1.53969735710849,1.20689970212361,1.03243812926235,3.32580679334303,2.92754095352978,1.3010561221441,3.20112871592271,1.54771101352416,-0.267644799338585,2.32414465213072,1.81928947292903,-1.24582061063787,3.63126224433346,0.487347498777642,1.47259438778207,3.04156930498292,2.37190636291572,5.78267163737181,4.46809152416937,2.2660202667311,5.69333006815085,2.48130127329508,2.77428748640464,5.65464665525974,0.909772831810787,1.24010120404509,0.523967461044641,3.3067147074087,1.64701245812192,3.65892010242366,3.28459612915847,-1.00837818105378,2.58749919683855,-0.00929580501780025,-0.0445229348105571,4.20238811133571,5.16535593553209,1.38857708362161,2.7782516458752,2.67092083335831,0.697870735935102,4.9838697223916,1.35320385650173,3.02775226011495,4.19587249032534,3.2793155777735,4.60880485113129,1.29267260347919,1.26160445951007,2.51569918054708,2.47802658951334,2.86404067827702,-0.907373763319832,5.83980106602544,1.52285687898915,1.50130032118409,3.05116271173852,0.855707101754216,3.58697270463557,2.37574426375794,1.04816329081807,2.36191954398315,4.50127880778018,3.04751102427712,3.32607297516127,-1.05379447672192,1.66208762633492,4.88233363956552,-0.0754878659529443,1.24662819933349,3.81605937991985,4.3349260721304,2.53488012272426,4.92777098673005,4.11421210628755,6.16180785059103,4.45436760155001,2.86340070466264,1.84583281394258,5.80458201169203,7.39955089065605,4.94711303294051,3.15697841921612,1.89349040567745,4.92287013437625,2.94905796373241,0.718480339266251,1.02901593483209,4.77212262811024,3.33470148830762,2.90778408676823,4.38207334301382,0.0928522101022864,4.1492618765947,5.60334608513895,1.8644283376947,4.08168150039591,3.27509880201709,3.52557954594243,6.83221398688202,2.83600026470274,2.49811718844248,2.50102092242365,3.96952953919108,0.87082999327844,2.44490071788033,2.46323082775577,-0.838673324733563,-0.908314958811338,5.06201878628701,8.87795474690986,2.99360263484604,5.52137593172992,3.10681446553955,0.684184119869708,1.16943975418144,4.91526669336117,-0.0200856241838858,5.82746307754887,0.661788004132742,5.28342218570325,-0.392201002241392,-0.144343084676227,4.04900150585614,4.97131492046644,2.92731294047462,3.30429583851042,2.26905350152193,2.01080137189933,3.4461228647277,3.39021716303503,2.50788389279025,8.49116020694756,5.17154233362087,0.89968208667507,1.15893450790393,3.97367814095751,2.428099531335,4.74877395890732,-2.03383679710595,3.76743890580568,4.96287109877598,3.96363766187763,2.64301756663359,1.35420340664908,4.26202120980763,4.26742864930114,2.30033058183245,6.41634736404969,3.78547235033482,3.15173508022905,5.46122128780675,4.03949277276532,2.12621193246254,0.751955957689954,6.45818592653177,0.423572657249085,3.5124972571881,2.26943337312842,3.12930813182853,1.53227804898598,4.8072545244088,7.03738026688755,0.960623665847433,3.39177766262893,3.11530790642689,4.69991576957311,-0.55797824792812,6.27768859197792,1.5157846341869,3.85125610666981,1.65577949111248,-1.91171035428486,5.17013919355913,4.97850939609423,3.62140118368106,5.06891261665126,2.72288133090979,2.31533433725778,0.433767205617941,0.943909335720211,2.5093687790582,2.74011190156998,3.02211533062623,0.864351578059857,2.07706750057347,0.349687860073603,5.36383932237685,-0.114385123891439,7.10450023238522,0.171674058125824,-1.785413243364,2.36948555743145,1.87921878016781,3.19491203230542,2.8641783434563,-0.404732422600639,2.8362487562115,0.436269691025402,6.15801808831846,4.99666992078066,1.90849693851801,3.52340051620091,5.73233320826453,4.25287892411172,-2.82855692361865,0.131458923643112,-0.301277489854278,1.71297660564718,4.91891497417096,5.08336402789573,3.59138081106989,5.50882105957889,4.36226759898319,3.08607592201305,0.840180907917463,4.2405426639004,6.73248442133145,3.96317785552043,2.32738654149852,0.17384976077955,2.11032359609097,3.70620827686197,3.96202594283918,2.26516748452921,3.74398494831613,4.20705098130839,4.27104289808622,6.80226614556338,3.87051068866975,2.91047762109027,1.88588615476219,-0.306173888139134,-4.39340216860217,-0.23062476184859,-0.399666709197131,1.98314614201151,-1.9300983707194,0.595017169437884,1.94578905846024,-1.87513473106157,0.581864700085205,-3.94582166881539,-4.42090330799844,-2.45348992663162,2.98518815483348,1.44135342006224,-5.52384407353518,0.334440463552642,-1.68045340068704,-5.32972694407125,1.22712902396538,-5.07462967500109,3.03925718495974,-1.43536052069243,1.2108480496889,-0.976750360125271,0.820512809526591,1.38923012309786,-1.02177093008041,-1.06235013560511,-1.18116566979446,3.07379463009001,0.0708596857901724,-3.93888009926899,0.612811318601825,-0.695040277429873,-1.41159838096545,2.02162496704547,-1.10209748651176,-1.1125009913065,2.89936819554352,-5.83602629129276,0.831679593169069,1.13263738188297,-1.20291718981236,-2.42879026121655,-1.4879452781741,1.59950390950457,-3.04711671907045,-2.62349395075741,-0.221910958023641,-1.81043923681271,2.67138815293173,1.41472520562431,-3.10118732135264,1.99865609903874,-0.773261940276449,-2.4911275605774,-1.03946241155784,-1.93976588762016,-0.261739126688647,-3.47147149445732,-0.644599570766555,-2.45250989866036,2.41527596047791,0.0707256940918055,-2.18851716154222,-2.33470275614637,4.65764487895829,-1.7225330575402,-2.09554155588587,-1.0523590689611,-3.01711295575873,-2.01633325375581,-0.99868280190191,0.261121289827604,4.14319865775236,0.623584339893961,-0.324839131246344,2.29053227558106,-3.27704603310608,-3.43435609697733,-0.278303367483915,-0.662292756710188,-1.35707403456572,-0.597789797826664,-1.03228581706893,-1.870295430367,-1.13855939950331,0.0570352267881866,-3.030323825907,-0.524623250298038,0.26145421097466,2.14327482244054,-1.02595355937705,-4.1450450415067,0.496584918305028,-2.54180992337625,2.08479514935817,-2.34227437262009,-2.01150196277857,0.172499421058798,2.24047039201945,-2.64957738086042,0.727396274167975,-6.03736430797205,-1.79620626032568,-0.0649988169978721,-3.23886153941207,-1.70212862236947,-2.90773525100657,-3.72170877648558,-3.09080812426768,-1.9771392916562,-0.442789347948514,0.0114331656113724,-5.11646339055129,-1.27807638183055,4.73717934061876,-0.239142679337759,-0.55775655803931,-0.394366778225275,0.79968291030188,-2.04930447905504,0.191517255277105,-1.72881194936277,-0.954061501307095,0.0894669242655928,-6.18688049837804,-2.42027746056331,-0.298135804890777,-0.232813181960665,-3.9757140008559,-0.378868372110758,0.989124136793119,1.30511336032822,-6.73771823994113,-4.95337568884778,2.98623736580941,-1.86773548750431,-1.59606719536098,-3.10033425535801,-1.2871891806112,-1.06129877746117,0.702137777935471,0.0241103084513212,-1.73378803781511,-2.90266002255636,-0.904973253612125,2.88679689903227,0.207797952562361,-3.33086810588261,-1.32396943437854,-4.33183732025663,-2.81228490565951,-4.14058209800929,-1.06335492121435,-0.863425803612889,0.709242446368303,3.18683589087769,-0.497215209270845,-2.50294023043658,-1.34722715466156,-1.48218936099561,-0.801312424394461,1.45574937128211,1.69791603597853,-0.66693820896636,-0.282016758209467,1.53179783979617,0.897142342683775,0.890465995164898,0.373682679272915,-3.08651379396873,-2.78227901612675,-1.73442857241223,-2.03883169130134,-0.21780346012076,-2.20305164144474,-3.16064442303658,-1.05441886513304,-1.22881286705973,0.388749144356816,-1.34695232758125,0.307623146254768,-1.75333615492325,-1.7386452879399,-2.57079865261377,-1.76421407440823,0.120633293498789,-2.40024269638625,-4.60306319050192,-4.39180359162553,0.654786670504396,1.12628959979965,-0.0216777061862052,2.11719929602775,-1.50006859716187,-1.6850037129415,-2.06543589637618,0.578971225754081,0.767461904809572,-6.22403348454217,2.07512905764566,-2.02400271549441,-4.34612131871991,0.200496718785361,-2.80740510312719,-0.891696557674205,-1.86490102301621,-3.70568608223846,0.543117482954524,-1.8769177838583,0.334176823249036,-4.20461201558393,-1.29213042258569,-4.16808678002054,-0.0986153363417771,0.809845896628945,-0.0893828615734578,-4.57453635726827,-2.62567099795151,-3.07470934154514,-2.83762586138406,0.12230044452853,-1.7038567981325,-1.75794210714612,-1.80996526299572,1.14563428291545,-0.594678981794409,-1.37403223224751,-2.3293946741422,-5.04750197277788,-0.72820302537607,-0.129729180612485,-2.31732116946946,0.939899042204213,2.28419905522649,-2.15057266867383,-0.426495070170206,2.40553509253942,-0.508106519189885,-1.60166421004205,-0.845583626497461,1.41134345451783,-0.52633525826156,-0.166760872895208,0.116634722368905,-3.57591094778581,-1.72101683032763,1.54188376130652,-2.60426643334898,0.536928672588626,2.23064289285839,-0.395043899540295,-1.27700361729838,-1.32704533588202,-0.527028280712881,1.59534214934686,-0.613678794912276,-1.61486940184977,-0.977740952710135,-2.99136270553407,-0.996578124033537,3.86574015888829,-2.62254104645489,-1.96128059098343,-1.1019932428734,-3.0959787814573,-0.514258902306058,-2.28662479864601,-2.37014073155703,-0.65231521945143,-4.4148954500024,1.89706114078114,-1.5115058814108,-1.63103402185248,-1.58335438569955,-0.343621548445169,-2.85018244102586,-0.1930322103461,0.715886565869707,-3.9424469832482,-2.598912808883,0.547007068749841,-1.02884064360044,-3.48267560458131,-0.524407537664001,0.750026792643652,0.131841867290251,-3.42356900690303,-3.19233614449252,-1.8295088704344,-0.582583647248231,-2.00063295091088,0.222475200628761,-0.0320876793864456,-2.88716357552825,-2.20705274855941,-0.523062188519777,0.484690922724422,1.68973079366409,-1.53447457746929,-3.84332610627629,3.5367186575695,-0.957240686454592,-1.86459227751549,-1.80078255298039,-0.511458520128647,-2.55816107883416,-0.160347031585863,0.334951389080108,0.529278446439069,-2.07840920487496,0.6978101750896,-3.47951402658021,-2.03466616295924,1.11861854849087,-0.353950678440378,-3.32979106641606,-3.3926501406764,-0.2508517679708,-4.84805113216412,1.97210581369912,0.0161641914066613,-3.58069926887286,-2.8557270666768,-4.20150262515456,-3.98990053002441,1.94360160058161,-3.21853638234986,-1.60935999333205,-1.52097427991986,1.89910293700727,-0.829984886987762,-1.11657021892215,0.429852651503925,-3.36219106047376,-1.57105345801434,-1.35804963937589,-2.48929690052433,-0.551960296166007,-0.232551297249753,-0.861853152097985,-2.53841216152103,-1.66534063189014,1.03977392589859,-2.5797044583208,-1.49570454291701,-2.12813132537694,-0.847549494762685,-1.16648195693984,-2.18601678700709,0.940551058658718,-1.91849569365557,-1.77718887187485,-4.15553118110853,1.35266622767648,2.66593540417127,0.660258648024742,-2.69990437379899,-2.5069348523453,-2.38124586235752,-1.63351572405152,-0.55787282684844,-0.620241345865346,-2.47973053805188,-0.743409197278292,1.82053160292915,-0.920530284992794,0.244138561958634,-0.984453802888181,-1.57984137866136,-3.9380798868919,0.334950140554978,-1.98274254612041,-2.925121898625,-1.07912927474935,-0.825945972800591,-3.11148885588114,4.71367474500214,-2.06706672327276,3.24360627763755,-1.56435344931562,-2.68258252134901,2.89527915769488,0.254814519881034,-0.312023163224286,-1.86415381337042,0.877568820830415,0.0119743720921448,2.67281246750224,0.197568527126959,-1.28152468002995,-1.67310360619872,2.00374542423225
"98",4.24889953532667,3.89798899527673,3.17119970131688,2.97966000787873,2.85154243280935,2.49690032238291,0.342912619051511,3.71852620577307,1.86621679531134,3.70144708698838,1.16458459862028,3.74934497379328,0.809467671318044,1.47274452223073,3.1462554535106,2.39454437973962,1.19054810750014,6.52438388548137,2.57483258765233,2.69254081914143,2.86048980110715,2.78462547583081,1.22891193950658,3.86810425296705,3.78574742311822,4.04402212622315,0.0645395464194722,4.28918532499494,1.8379024415031,0.794908002110626,5.96231988937517,3.97303538156373,3.31482030057516,2.42141511488998,5.35466770755733,0.0414691123112885,2.11597315930966,-0.931606859864853,1.13413831276509,2.44485604938809,2.91275206049754,2.78695193737713,2.28358460920339,0.734140147636024,3.99721409516371,2.52612832944274,1.29629229274355,5.28487990866054,-0.430923081113041,4.79988478188314,1.58300373550442,0.537519404835906,0.828546165121458,2.96778551989178,5.58176510283909,3.78260390986382,0.857652474273151,0.817715620863322,2.29294829865051,-0.741836449246892,3.94591105214885,5.09650719332431,6.12169828886988,4.72095443997618,3.74566063903093,0.310922705364558,3.70427983527943,0.982555599658272,1.59089814203702,1.44512519040174,3.26691166052387,1.06466041530213,3.81150102668496,5.67550493738768,4.45332628139909,3.0732495131572,4.34071967753743,1.01839814088958,2.39130464796042,-0.10750339728277,2.44052356365743,0.871236308245861,0.956206548856747,2.09420380141692,1.82584735301249,5.58814188450991,3.43887210268151,-0.188609087915291,3.67122819243632,2.53769407385479,4.70228345520757,6.10448434703925,0.703226144563885,1.34515170863607,2.67408149690087,0.836417805178662,0.657431476750673,4.25589165238818,3.56678143252849,6.17099846868277,2.29134840976038,3.87389995907249,5.59335030715845,4.42476512300561,1.81383829733239,3.36348060087816,5.61535764776508,4.33909689639049,2.35014918322613,5.12795383278126,0.706529834252539,-1.04502013284127,3.86670093303151,-0.14162851235092,4.37610031703615,1.05421278456845,3.94202336445956,1.62009324519522,0.624587135637398,1.96377721059452,3.53552570466823,-2.76239347734894,4.49517721309711,2.88340035122278,0.87274797842773,2.76288443911441,0.138475390653174,1.84784560367677,-1.48078202735371,-0.561671020536707,2.17127629276451,5.88920585875282,-0.538173296180824,4.23404494041029,2.81012486237259,5.5883554727424,5.44696073659356,2.24572206530188,4.00703470398284,2.81504381873623,2.57471901193871,1.30030683227554,2.49241131729953,2.20282449767279,2.57033117234164,0.996039284053146,-0.825828919224587,5.27853247400137,4.93911195131433,4.33566073398608,1.02000475289977,2.0564968525322,3.17181556784839,4.46141713885169,0.787865412555185,2.07248442625794,3.67600836774503,2.57763983091069,2.2802941780919,4.018825724125,0.278242377181787,5.21244337715812,2.19084363729051,1.07209501400638,1.8772791097005,3.17940949796733,5.39563963001974,2.689122573685,3.71684644942322,1.42314028808792,-0.674236429370656,5.89831378292048,3.96770010226473,3.47694389850255,2.82551247572734,5.14823285135903,1.33782571393041,1.44362530834502,3.68799873368502,3.33364480558228,5.42187643604906,5.55372375009732,3.16747274366515,1.56100056318894,5.81834309510152,1.6063868670343,4.80823837575679,4.91074929125969,4.59039978099452,3.05453233483544,3.75747865006274,1.4442160664374,3.74109141497886,5.55846458252283,3.93350853274446,5.39732869447566,4.74269820964641,6.11776048492992,4.765816530266,2.09552736228738,3.40332071853311,2.16776780258903,3.84447426514306,4.65239155772918,7.04814790149273,2.00513378916639,3.52090443100156,7.02168045324734,3.8097282965479,4.3947682850426,4.6941176597531,4.73282021217166,5.708845133782,3.93679010757167,4.21820515747098,2.96387180198786,2.4328404929449,1.83320596646085,2.13802090597775,2.3508220241855,4.60893144168407,5.08062471311194,6.50891225228686,2.96149735223222,2.48701560975729,2.36970350993341,2.58606853054709,1.9514306927532,4.19654753193549,0.904892093460441,6.74131782330994,2.88670051549731,3.12163414283295,2.72191180546036,1.3995669051316,-0.523056916269639,3.5772289083908,-0.0764036878471241,4.923156983565,1.91559352449966,6.91483767003899,2.64694970052786,5.97404870267775,3.06565528720883,4.4637279781711,2.520754251029,5.04043453629773,2.09208563426626,2.33893616090096,2.61693996076409,2.96217728023796,5.79321713482066,3.64694855397998,0.924944063664618,4.28468924069742,2.06470042694377,3.7572347732629,0.821672951847745,4.38969096039627,4.23886910410475,2.61529024740695,5.05016854541646,7.37716447785423,2.28996507269232,-1.71555352266033,5.7376391180563,1.21282557112784,0.835486131360545,-0.78480145445302,2.10428332862489,1.85373333724643,4.53532727829465,5.2752381328546,3.68781884953507,6.94182824189224,4.33676293679285,5.92372619359108,5.9887054172702,3.1599550816307,1.17439979356977,5.59429773825761,2.60060326550639,2.47690595073841,1.73365288576108,3.90816551970994,5.15087127823775,2.65106579579221,2.32560816720703,2.11873444222596,4.12508902128343,5.0836455323437,3.14319721740075,2.74466393816012,2.60382086476662,2.59353729367636,3.10723394471143,2.92997841503524,5.04724460247893,-1.01026024411802,-0.955802228406137,7.00620115707016,2.27285449167321,5.00803596111525,-1.02254890544299,3.92565231034544,5.70229103912809,0.586239739285994,5.29860742049832,4.0992891178652,3.28003880012675,4.0202699823958,3.39619522924276,1.86662067166446,3.11753232602936,1.53759263227104,2.12416235138944,3.80325902412572,-0.978616833942533,4.27321964564921,2.51391715418625,7.52476178208826,-2.22072390528292,-4.01644566646404,-1.16532671812314,-2.23440333818908,-2.47695903562341,-0.630039353362984,0.992390031292599,0.666967214787362,-3.31082761756414,0.366917928091773,3.05038408319547,0.290972126848339,-0.163908902220962,0.851421663990552,-4.92640816502649,-2.51189227956584,-2.98946978559612,-1.65807857776182,0.653591726404402,0.49797480418658,-3.03937635593767,0.982500476357737,-0.293767674746354,3.39047436313806,-0.762863149621417,-0.925474035170496,0.577457113472957,-2.67392810145645,-0.517400489029885,-1.75782839963553,2.81085720149985,-3.81168195822156,-0.802412143154198,2.76330531427054,-1.55862665154611,-2.19493204294917,-1.33684637806466,-1.66222141798355,1.39250900174046,2.15668528135306,-2.7920925006972,-1.0549791799175,-4.25378696864336,1.30743832572467,-0.189963354122303,0.776373747623271,-4.09102316410024,-2.79470719278151,-0.907193433377182,3.24464710420507,-1.21577546895186,0.919554095776193,0.363315940913393,-1.32996886237042,-0.0556272616848164,1.60706925126029,-0.0920720991970411,2.46425540898366,-1.00710234725222,-3.15241116810503,-2.14597283919326,-2.79552831328267,-1.45828410581454,-1.47363086154582,-1.733651478079,-0.280917277069884,-2.34684115999291,0.432304825678902,-0.222106770388625,0.941649184126109,-2.49019077854095,-2.39943294829953,-4.56850899379577,-1.71641463936476,-1.2808847020598,1.88532216120666,-1.15908504668425,0.93152176327485,1.0744277648836,-3.5247696335533,1.8181658818889,2.87583883867501,-2.85676986082685,0.983107772282093,-0.304634525815003,0.305522669400137,2.97605862930464,0.779916205765337,-2.21498257005593,-0.451959417197991,-2.98754235716126,-3.61537349515592,-3.08030064557543,-3.03593985337914,-3.67660905878474,1.00282613841252,-3.60870361604558,-3.45268011516384,-0.44836969013117,-3.1975753209644,-2.60142400635738,-1.72215365005385,0.713182179084992,0.245082363690371,0.15394134317475,-2.73826190858547,-2.91016547286608,-1.69096128629565,-2.16404589775949,2.15009152291921,0.432319751143086,-1.19591414009489,-1.38735233665293,-2.79027323310669,-2.54677699461611,-3.15284283863096,0.367930265206231,-4.13700895039258,-1.6540880353553,-3.01207469783494,-0.0620000206078757,-1.6810549917632,-3.14234315714395,-1.37518937182873,-1.79533215588079,-0.0738969523655726,-1.30595288037469,3.41169013029799,-3.27279499912558,0.43327057843427,-0.532615690710596,-1.34360263037615,-0.418218347177095,1.32408145964357,-0.0410742786786107,-1.42111810734413,-0.878021636094614,-2.6382572322454,-0.090994286439238,-0.976004901886318,-0.318336836226775,-1.810801792175,-1.80174315166586,-4.92959526345452,-3.5123582047185,3.94140797649477,-1.21906581671411,-1.08596335421053,-0.253970172267032,-0.808155855803217,2.97150069277396,-3.90185615498515,-1.4540270814983,0.282266390815805,-2.51358309638331,-2.03041895242459,-2.80184487230911,-0.768122716353034,-1.6499689812302,-1.99864660451311,-1.26638726495797,-0.497335171526903,-3.67698505853902,1.70845810517859,-0.224799000121924,2.61393877063797,-0.0356874371099598,-0.710760539133147,0.956501481301071,-0.276457455311762,0.426518636759552,0.434609072296738,-0.995643009023731,0.543654024697179,2.47139608091601,0.434649672953033,1.9786487161325,0.235537797252466,-2.70441715543639,-2.84356113388173,0.819472945882888,0.0523389893254762,-4.14055151707332,-3.62943219461888,-2.02477062055702,-4.02275281976715,-0.0826864649200875,-0.658377470201024,-0.17891995019533,1.86539787025048,-0.747862253543962,0.016321706153879,-3.70466929625727,-1.19844003275904,0.0768121189867084,0.0752476076264468,-0.660927109072807,-1.1377820069521,0.167095074397098,-1.79591977260629,-1.10881117861674,-2.34463186603807,1.07023877197184,-1.51638942824929,-2.54153848272926,0.47773650089222,-0.442447419983728,-1.95718363570092,0.898463572509017,0.103863939667411,-2.75108783023574,2.17372115378586,-2.37718889942597,-1.10786159780363,0.368973582521104,-0.776468871765698,-1.30757920771204,2.29573909458716,-5.81252491730958,1.94991116315977,-3.60385625284822,0.298246432723411,-0.633455642864496,-4.92175536547994,-5.88817772109176,-3.42209349076223,-1.59493578234487,-2.54592137933358,-2.34276972240785,-0.141072172429879,-1.68648805372906,1.96465103361842,-1.16948102458704,-5.48630298970614,-0.559161401284146,2.90095521047857,0.175361006682768,-1.95169750628823,-3.7877689833926,0.918001543548254,-2.66515252624095,1.3189859114719,0.0149257771031288,-1.25625163870085,1.40244189765657,0.302278837881332,3.71595711963358,1.29775480372614,-2.59372337806065,-5.70235641467296,-4.30835566958843,2.81349505791854,-1.14986716660077,0.31023334051601,-1.45689361528084,-6.44305800107263,-2.00677040172803,3.64700523642923,-2.99066865944174,-0.376869562840264,-1.96167403653385,-2.89248374433748,1.36712034557062,-1.56132275604406,-4.82442916737639,-2.74176763482946,-0.31892282135237,-0.897156439829491,3.85555446897844,-2.43700594672172,1.51671318715506,-3.88127444846741,-2.01934827691258,-1.38909654778823,-2.01201366534464,0.63612433326881,2.30043583041767,0.606125911536772,-3.44249712047045,-1.75753566686123,2.20795178665074,0.353463562627108,-2.60731668736596,-0.703140251091533,1.20245102547114,0.481267277180921,-4.20909076355676,-1.39966311873333,-1.30236822165232,2.69713587500895,-1.35374594279765,-2.82377174978472,1.44660893748727,-0.82461293355114,-1.12623355992795,-2.78125382985534,1.34876812233082,1.14166679944555,1.13227490181623,-0.82306824508504,0.263763649957608,-0.535232787126673,0.895358037503269,-2.94633439029594,-1.16978572688346,-1.04682524866157,1.65522233071183,-1.25704421182121,-2.06336297054792,0.264522846202591,-1.01920069622376,-3.03331749771325,-2.64095116008746,2.18577201504193,-1.12361791047241,3.86360121734191,-0.156974567467235,-1.4935505295262,-2.81311881373292,-0.93667644905165,0.85375739400613,0.271032738675632,3.40163886185818,-3.72924888135247,-4.14502407465291,-2.13697294591715,0.0345836090712717,-1.76426734648114,-2.08594439933528,1.73428832151081,-2.41517322429011,-0.574744209606688,-3.12510189752704,-0.516841895543997,-0.796382936333286,-2.04974741594438,-1.7313543245408,-4.61797519750507,-0.45804178302484,-2.09030092590863,-1.39832122331442,-3.91985385885268,0.169478240905833,-4.44258536531237,0.932658214179976,-1.29949044986067,-3.66137250195338,2.57005850621794,2.0497858224051,-5.56770459919587,-1.59840406547824,0.919449827215377,1.68091002803355,-0.161952933078205,-2.11982683602485,-0.590703950251835,-2.51535097116094,-0.353106173738706,-4.4683767829804,-2.42113887182762,1.62203432295159,-0.670692760458953,-0.674820102020132,-2.7850638889054,0.118588785019388,-4.12661627586971,3.06184602342664,-1.46203096880046,1.30155807288323,-1.88706744070938,-2.3899614087439,-0.945793469252211,-0.717415940781112,-0.836254358516497,-1.37127194808808,-0.752375535037659,-0.293064342831564,-0.483245639287357,2.15517867306145,-2.1839750057464,-5.25609248938835,1.18589583697171,-3.98627525722704,0.94843106060301,-0.887364119067449,1.38617554154132,2.72004763003345,1.20998924838121,-1.49976013851461,-2.59549715585919,-3.44098577744912,-0.0909690731726914,-0.459162187778411,-3.63045720415768,-0.456863091370031,-0.738933149299729,0.301520801827325,1.06743971323793,-2.25094250268042
"99",3.16441768511295,3.30493567478276,1.37933287169226,2.18246952581893,4.53188932063307,2.68427463963555,-0.12481956349574,3.05092115329642,6.29562300460543,7.77946594090458,3.05675045668241,3.27682254848725,0.450467271947844,2.68427238332195,4.66288732798944,4.34855213487808,5.41198754721794,2.05923175954229,3.67087502368042,3.57976676341759,5.05601323483092,4.23425511976251,2.94554107915768,1.30794634093158,2.86479536712937,-0.466904461329379,4.91520022595494,0.842117549968381,1.57977678862186,6.86858976760671,6.32197124441876,4.60561565922696,5.25694171664794,0.465481785186596,3.61202148828839,1.02312903854331,3.98390874266595,1.1807448974413,3.21205901866517,1.21503573822308,-0.460662787770043,4.66879964293809,2.7723506168537,2.09243153685784,-0.520447353744103,3.87885081448225,4.36390145717156,-0.731361849845777,3.16586293256653,3.88516497170202,3.88842726922958,3.44897611215258,3.4553781981603,2.85559276213302,2.71090132594452,3.55002477857061,3.85376370734926,2.95617847178195,4.84328412069306,2.23728258713287,3.14663600678434,3.24920527219072,4.59258936944828,0.344381787369241,2.18981980251809,2.76152194278238,2.27012374790971,1.2430293556204,5.58626312708901,4.98519307527597,2.79038626015025,1.86890032956129,2.03268236213323,0.493589230778568,5.20943689234841,0.119395302341582,3.64831252159458,6.1043416061364,2.99474540285082,2.78447784763154,-1.29486422215794,5.96686165913048,3.25077130383736,1.31305964720913,1.18415971954521,2.37269416773149,8.1967802558115,4.91674041891054,0.247037135145151,2.27367343050907,3.8520515049976,8.21977205792962,2.07520420022478,1.90561211680498,5.30368702383966,4.56187840811697,2.99606755114664,6.78263108832753,6.97127797482313,-3.0772401722087,4.33099365703201,2.09761583119168,3.95328019473372,2.80958303761199,2.14061558495317,1.97551906505758,3.55053748289179,1.15317823115759,5.44523757190054,5.30983813138197,5.51331259125292,7.13537117742344,4.08048786065948,2.66801519673369,3.93895754334049,8.08683694702039,6.56101103519353,0.118182022360519,-1.22968350986591,2.96566231803594,-1.14311689938334,1.8369690820047,-1.30804637048908,0.255531381005477,0.00425819751454171,5.79890895152458,6.40115090509125,0.951113408661711,3.05373457612645,3.07700837255324,0.346370912517543,2.08243071436477,3.23999303037369,3.21376282050021,1.07516899754529,4.73451782280195,-0.504692238143539,4.03788610623684,1.03444718614489,1.9876384095717,4.58290175143969,3.89970787472766,5.29223898955579,3.85536963696573,5.11003775348789,4.21006361347688,1.63483590965047,0.663660827589733,4.67528705868414,4.10897454169896,2.1017355067216,0.775622343305174,2.53078525976345,6.14326795268821,5.14060408082689,2.80556474452379,5.34053392248497,1.8498709573286,-0.55247327750877,1.94231418595271,3.85264546141059,4.61750878842008,5.11741174486358,3.75321503342468,4.25987474820615,3.86630449832224,2.96929796593955,5.80372957145329,1.78808151178117,-2.87000482859889,2.66193449460029,3.15571916320226,-1.49250540849185,1.28023074990864,3.08803173852695,8.2850755242941,2.0344072646767,5.71392010429665,4.95196181604613,4.63258517830959,3.55318769915894,3.80065110481217,2.76708585956075,2.38434208614714,7.19266527366801,4.52381929122785,2.4116187629424,3.55460090520163,-0.584194362646195,3.20356475441181,5.44389004780134,2.79739455281241,2.91658319675899,4.13203305302299,-0.779472409647151,-0.484166580272346,1.53154713818201,-1.52525654130081,4.20991564394385,2.90611060168441,0.540100872593667,4.14354574363617,0.561818291962638,-0.302055006888111,-1.58520132383742,1.6341480671881,-1.28575394422571,0.592661430495612,1.71030658403694,1.33591424430279,1.22357716674971,1.17151513975167,0.830548851210754,3.33466182772402,5.34338705937542,5.45641862420738,1.8012164653917,5.36248754532728,2.97696005569652,2.18884032661966,1.32994158542697,3.54971252769141,5.25076539269159,1.20887264309743,-0.827489040171582,5.54255754403193,6.58530553135779,0.0587706650722488,2.66785335264522,2.07424206545657,2.85755248371716,4.48972692429944,1.10142495235816,3.40194593621413,3.71697487701969,6.5775889096526,3.17994919639965,0.927324110505578,1.00240881392615,3.87592844869922,0.303538429541528,4.01850409984978,-0.234791366316718,2.69037639931744,4.35364876751365,5.25931167645441,5.09662811137594,-0.367678032362783,4.16698988244161,3.82410521110338,4.31894042087663,6.58854908228826,3.34495483354363,-1.51286691902317,1.29461662532894,4.12935274575886,2.29188855129114,4.23130722995967,6.61536952490467,4.16977150343346,3.17207350969337,1.24352852310706,1.58379500208558,3.99397598462263,3.00853471640866,6.31261044199114,5.42515904184748,3.80622902799843,1.9890829390044,1.20997949627014,0.162975098662577,6.74644499627352,2.08580240623307,6.30563822170384,4.01995364524067,3.98154163930696,4.24003563856841,0.883804161938211,7.41561746347568,3.96844955136389,1.42596133661661,4.12497272977682,1.42406718358515,0.471078316397571,3.84937271834062,2.81435309532354,-3.45742006877625,6.5065311655598,2.97973369991862,3.86882025088889,3.48535870960217,2.99977563791497,3.70412941605731,-0.876428394035808,5.17958110057313,4.33640660990569,3.57910937271027,0.61463428253905,-1.34445791415142,5.18312260908109,1.81510490961388,1.70022576072213,3.43874694507716,3.99796016412118,2.09743797707093,2.29264186742304,2.80056528913863,1.78132343227598,3.39286615106583,3.33482222999513,3.46490416399523,2.37956903738974,1.90449117023459,6.15167844504625,2.00676792815632,2.05787354563517,2.24986662630302,3.69542119041788,0.832296971378291,-0.0730627427237676,-1.43878898848741,2.06610340490314,1.04850444195907,2.48285866236328,1.34585516861306,5.65205795094995,3.0693425624145,3.01256551040881,4.36091124757704,4.79336511564661,5.51787176869009,3.13036534637812,1.08799836069742,1.45163275715558,1.75655506934178,8.40335281885638,1.73539830637494,1.09844545844554,3.61554064411272,2.26580397991296,0.601845999822625,2.09196313271013,1.34640795684956,0.581734048523192,0.199352384134549,-0.432110031075129,2.90494493894618,3.91260623781659,7.34930878934741,2.5971730559407,5.22923431225983,4.4024484687735,1.63078737296848,1.62492611912921,2.89726742633192,1.81958418056327,3.10367995833324,2.59087111234462,3.40234370708416,1.19156429491696,0.638560024406277,1.45426830862994,2.82698379333094,3.58315128042258,2.47709533406819,-0.618584740284282,6.1022633463081,1.64365189741102,1.96595510398083,7.29618901441512,3.11229117668337,6.32816883514579,2.14802287001745,5.34028048150521,3.67408801781694,2.76552888472052,3.21579666136012,2.66328438224139,3.86855480142,6.84267605237507,7.00971132889747,-1.89966434532637,4.45860650639875,0.0553541217869715,2.86565879915457,1.08770213726241,5.39935065955795,2.16460613688241,4.86471532702007,2.82502790461093,0.743363663692119,1.7527522067079,3.99437350510226,1.38810752125878,3.34871846239363,3.33020201359319,0.0780446378443456,3.26174975403605,3.72592945275215,2.29526403063592,1.12129215688861,3.61571488796061,1.21931927886077,3.08360050342724,2.27336525520522,3.86213477429497,1.66326527412059,1.61157846067452,1.63005637304262,1.0552899352258,3.82193828831578,3.88775952833204,4.77648139015362,-0.0348501589905688,1.60200524537265,3.59421730129752,7.21362556296889,2.83293084580254,1.51463840102509,0.551750859101685,2.98445886651734,3.40486454182999,1.64628645496533,4.32021006590568,3.90411339675616,3.00529912790715,3.01075805304014,3.45866861920882,0.685846573492741,0.828322961594451,5.80062662305982,3.81207077257164,-1.79927255948087,5.41500742815552,4.46959759472594,2.59231981049838,-0.0813321439580995,-2.39588322249118,0.128941967523395,-0.481127044922557,2.49830536617571,-0.996659437899098,0.656560909146848,-1.74607715510126,-1.67348888848494,-1.43465617192981,0.0264153030642882,0.1607806889746,-1.3033505709385,-5.6881055100956,-0.289673902300734,0.765246180673347,-1.12473014486435,0.867248078103772,-0.988778768058785,-3.5784185415383,3.78481415599568,-0.333950045758017,-2.54350924958931,-3.20247103548003,-1.19086033760044,-1.63105173920064,2.00607512535981,1.23754667953729,-2.93159234707863,-2.75976304641964,-0.711254392738714,-0.254184102680729,-0.566356030750615,0.232480256244461,1.7345041411911,-4.70524858248009,0.613082054729781,-0.682575162576114,3.79253020513351,-2.74997852797475,-1.01866313002909,1.02768205368254,-4.74468567557643,-4.36376494291503,0.172436639621881,-3.88854675699279,-0.542473777207399,-3.33961869995272,-0.250949147031581,-2.09225758628987,-4.20290477064462,-3.78223679775409,-0.612457969334145,-2.94356192986091,-2.13202834394465,-3.46874769244555,-3.08603283283414,0.597960840299266,-0.642170221244499,-2.46848728254182,-1.75700669462067,0.278962059044046,-1.72622276532052,-0.389929420150995,1.95188723326325,0.411216589175224,-3.06685949054525,-1.17376871237159,-0.842873371968851,3.12156763957614,-1.23665232483753,1.03852828641686,-3.47518955505657,-4.40738336465752,-4.53344798907753,-2.27840452446315,-1.7929461693411,1.08813727487697,-2.79454390947838,-2.84021757859101,-0.602828476666048,-2.43903847585471,-0.614090646681325,-0.952924011856197,1.42339401839725,-3.48384476171027,-1.21203906991294,-3.33166200463957,1.23311058811253,0.323413833363936,-4.37803241804672,-1.48064353500633,-3.13135856486377,-0.759439885037978,-3.15500739474642,-0.0732240086216557,0.200115595094212,-4.52037528454816,-1.72758019062238,-4.17229530200808,0.3840873480844,2.70431627832513,-3.58768343170601,-1.44528738223588,3.86467220574877,-0.0567822322113571,-1.90952312080247,-1.53467955845042,-0.0652233173343593,-2.87434797260357,-1.40485699489741,-3.08021872076023,-0.50865901755372,-0.425362198601613,-2.69052266038497,1.41314057442774,-2.50126217972945,1.30970609616544,0.790890366667798,-1.15463881311958,-0.904620819185649,1.09735553149877,-1.77291028650608,2.0417887149748,-1.35844158802651,0.351084704112954,-3.08196988314067,-0.296471593714537,2.38015629993306,-3.00366366934372,1.60574266408705,-1.65431935721056,-1.6298012916701,-1.51062967552788,-2.85442519979383,0.0335533549093754,-1.04964722941619,-2.26799935614479,2.18377923576027,0.487901229608502,0.380353532863139,-3.06952668730381,-0.742344591879884,0.45614109537412,-0.51728421045611,-1.59394685301242,-5.59277362516131,0.150912503645672,-1.44443539034841,-0.94060822213975,-4.58583065652992,-0.775847193881829,-1.47383142856358,-0.481915554655922,0.498750444148893,-4.64490820560657,0.501931291809482,-0.0156689043201261,2.28750297586486,0.0678042564802721,0.118505832204642,-1.16612800262832,2.69859057644779,-2.6064957941334,-0.9993871190408,0.666167950866909,-6.06445899609127,-1.35548199371211,-1.62364246704339,-4.0431107217816,-1.25764548259171,3.71529672342573,-1.41361742389862,0.970358064455014,0.373316304908119,-4.21348277917094,-1.47726870879253,0.624869390639289,-2.08055103490139,3.47642100974245,2.0833063734586,-0.650938810714861,4.00253744326482,1.37441685199664,-0.797848361329197,-1.10788314257959,-3.09404247048793,0.849007602203502,4.568066010428,2.89301348450253,0.910221751625494,-3.38484543383969,-1.78588652618171,0.360862412676831,1.16656701408897,2.50900143705801,-2.54177685123968,-3.08293295281319,-1.41054976163687,-3.07153352655866,-2.36115386029738,-3.69301926748643,-3.47113421208169,0.0111927738186881,-0.336908898446447,1.97322432348913,0.613137086028877,1.94997377137993,-1.575146490389,-0.722449595154241,-2.17455038051379,-1.01210996047687,0.29594897260522,-2.5087295252425,-0.522726370723871,-1.46448573910895,-3.51731033318259,0.211834067672248,-5.33720725820344,2.84425130001656,0.660279785875398,-2.86399931743922,-3.93485623310198,0.318076582827258,-2.50301861068825,-4.04131805909285,2.93017780902914,-0.346437095372766,-1.25181514002908,-0.882170002490711,-1.28382109605746,-0.968447606271526,-4.47666669834843,2.5250618342317,0.858655485086668,-2.2848426435921,-3.77747603066163,1.24757779373707,2.90450636519235,-0.553828543464501,-4.37247724426681,-6.55238609721958,-0.0499716798815184,1.64665123489729,-3.02188992135266,1.02501039639316,0.442512652921446,-1.87851081305971,-0.854957986222087,-2.56929293412058,-0.430014695367911,-0.121572517420084,1.43174739797245,-0.105229085362536,-1.73426445300703,-2.36482192961661,0.109486534345178,0.0180047956106244,-3.74721651651925,-2.33763062947459,1.16844640144416,0.522222907186402,2.04743562832092,-1.34927581348185,-0.0655066208953259,-0.849878932953118,2.21257119614408,-2.94773406844297,-0.746058752214894,-3.44310463144461,-1.31058512750566,-2.82859419988209,-2.23879714857808,0.336886927282542,-1.5467283160432,0.100731717099932,0.0664775042354036,-0.638266830099943,-2.12892913086249,1.70134261687218,-5.53563903520176,0.101435922783982,1.40743742021751,-4.45111467385244
"100",1.751413533089,6.1997754916961,1.50472235279511,2.48471932907536,4.32858365690249,3.36263200473131,2.05295459055979,4.72050897093996,3.04174646558551,2.95559670077848,6.45123427827085,5.4367574729351,5.11552006817186,-0.757837021777647,2.14636737834788,3.67439723412703,1.97786122469389,1.37015486608353,0.475855111020001,1.65083623827899,6.27071920644073,0.929851638056015,4.08150320911156,1.06149092498883,4.15903668171039,4.94024520724635,-0.769765670408953,0.79623433606894,4.98827808023103,2.51876673528015,1.86042051993101,5.13518094935956,4.63709375244452,1.34271933351057,4.62412947212221,5.33840348063428,2.41192001230029,4.48913544545823,0.37395016027516,5.6980319042525,3.98569356219556,1.07557618770786,4.91776428785164,4.83677296428885,3.36006706666245,2.15557265924301,5.7737010433922,-1.29648333230922,2.73909054960467,1.86606856195245,2.71843255697592,3.92463986086409,3.96126676976218,0.0749494119577667,5.65381921700293,4.93609499000931,2.66933759017147,6.51942529653536,5.14939219314863,-0.419688714143801,5.37000353552871,1.94762381010051,3.51807866296225,3.09945051261057,3.65984609531161,1.30854853479315,4.88722446208731,4.64684011875762,2.64915833786441,2.03545801992478,3.53188460550723,3.93532129642749,2.62767245152332,3.18775156304536,2.06678008575952,4.67476347381729,5.6403617131429,1.16226070791768,-0.226803491593552,3.17004778127785,2.98410411434396,3.87331829752886,3.8075990652338,0.78826706003933,-0.416365848317176,1.33248413856731,-0.309284145045119,0.53976328294055,4.40108328903436,6.8794249516561,5.41074006182823,3.93113057831211,3.48444179290375,5.58900077382458,-1.27850054348768,0.456566855265709,5.80319403263202,2.225393834158,0.50371779472108,1.94851989221431,6.54338138888951,4.24847526419951,5.2529408313091,8.09004403501308,2.95319811176341,0.750429906530382,5.38552399994813,6.56146513343462,1.45060598301312,4.49090949881301,-1.79241191206787,4.78010457478264,3.77194026643699,5.10282907301718,5.39862353309984,0.777361546376124,-0.331702882803238,3.70308726666674,1.59004814021955,4.13426347820764,5.88475085344197,-0.142166282811859,3.24344348432952,4.81708179829464,0.359112892292098,1.0918121249633,3.49251272006515,1.35887555033006,1.92706500717216,2.30713302093483,3.08381207653421,0.995816191786855,5.4697596592204,1.24234795534033,2.6682041811141,4.55478965013791,4.77498511400804,2.79478412918713,5.20789313045896,2.72223324741962,4.65339396634296,0.913292419486414,0.594529373598232,1.40587583207021,2.53011545027168,5.37580338745378,4.42323672645503,3.63231493485478,5.08278511223148,4.54781394744323,2.17552979466976,5.32039187971483,3.54760897428012,3.13019544566697,4.4500658405098,2.63746756356292,-1.31105336720942,3.01288921510163,2.61538776005953,0.686502807540795,2.68760644674443,2.14094346599388,2.76382505359338,1.91957882586053,4.43474348514634,1.73476186884615,3.73120391598962,2.16321072031185,1.28027816241896,2.9473712772677,4.57539892191169,4.12293850734214,1.96644647261352,6.02793069767311,3.29753323945841,-3.81911425349087,2.51921116228353,4.50838329517503,4.65819105871178,2.70275193319976,-0.86034411951184,3.00681364274397,5.13291669451363,5.84905425511953,4.7013275812899,1.14434142475058,4.02921336934091,7.43502963544903,3.87665487490461,3.76077983446797,5.30842907782581,4.73249866334298,5.25400285338065,6.91972583939036,3.14639975822661,2.64983203053862,-1.11441297394698,3.6234132277688,-0.503351314776893,4.29960551079702,-0.518711007331697,2.186766524753,3.87482732558331,3.61970860747964,4.80010804585637,2.18716715517861,5.14370824233755,4.72374343561872,8.05901963492792,3.78104446812092,6.88200892686147,5.93605714716662,2.72279949943532,0.978208798856932,4.87994656900555,2.96597899353856,1.96983540147614,0.000678546208617625,3.3817557065509,4.36001398972801,2.71787189079225,0.580024218140098,-0.751235655256916,5.00360145154358,2.31681305984284,3.44607681638271,3.17832462760259,4.4617070825964,-0.62867385469657,6.84825311910217,4.59611297421755,5.08392427188304,4.31226693611429,4.69486793926035,0.816781452259903,1.89980414886717,-1.11282597162369,5.07384029574441,3.74573725910573,6.5274590956739,5.05401114937337,5.81656711224711,0.191130800139492,-0.818125649952993,-1.81403756357191,1.58632851549653,3.91423339010718,1.86234133497171,1.24141406930247,3.49242144841089,3.44863280908491,3.67000876294327,3.2556676025361,4.88966095049187,-0.413882116530018,7.48994186691923,4.41285075325354,0.793734575656656,2.39957192662221,5.86451294628603,5.99207540307389,1.45234036167226,0.712689387519302,-1.78755740237743,1.87000337563623,1.71581433273865,3.72508743759211,3.92511081389144,5.07315661943286,6.58180088317968,0.247001049549555,2.59627197100916,3.21670895087964,2.05000404213854,6.12141475152954,3.582926150566,0.459048580121796,4.97058451118112,1.90706937076569,4.45793368458403,1.19743664536981,2.91860459181454,4.06918328682166,7.55367671169859,2.574794395402,6.45465650121605,1.51126966901729,3.29705883546228,5.60733518334523,2.25312608732176,3.14221303694953,1.90624547772622,1.70535329399936,1.42653343746645,0.892272548469126,1.09135771506556,2.95790272199344,-0.318350088131857,4.36434489210342,6.24672980218634,5.79151385334002,3.63055981496194,3.16145232840997,0.620068198401649,0.281069524245894,4.69079479829233,-2.0640986097043,-2.3818964770982,-2.94245712535329,-3.52112580662086,1.69044154186947,-1.92375477836581,-1.20505298091616,-2.8792645234483,-2.41042074073141,-3.60132268235912,-1.6808303429565,-0.192128578534182,0.695885599257639,-1.01999793709943,-1.38265210167368,-0.32850490096442,0.803763859189143,-3.53252597779204,-0.516064940395061,-1.34954925742966,0.0242495903416111,0.394684407586332,-3.13742929593469,-1.40808017867953,-0.691792232297223,0.759603451613474,-1.83344548164392,-0.0865644580123101,-3.76272557024813,-0.366396216522682,-2.97492583667176,2.79062955803156,-2.56354526268054,0.829467951540142,-0.579862473149159,-0.36020968033321,0.669573409935045,-1.82706296276823,-3.86533229632889,-1.61613775051892,-4.3250832802286,2.04235631276359,1.0726598958302,0.0974404754649969,-4.28155059328841,1.0133245597288,-2.13311573951852,0.908729164854451,-3.39040983040447,-1.33098367461043,-0.232479666875058,-2.07086039093107,2.07261022365951,-2.2210826667195,0.728609872793911,1.30049324276175,-1.23635581550242,-1.47896528697673,-0.943709641481162,-3.41734880292333,-0.461639671165451,0.0981724736572125,-2.68957396609958,-2.16652229024285,-0.576632321609733,-0.631348890874627,2.79263839347294,-3.96023474299001,4.46151436421516,0.934880710638453,2.79237111869271,-3.38892310662748,2.09158171030184,-4.09920322986835,-0.972399049031239,1.83393957659883,-4.82921778485718,-0.348314113904208,-1.68567720155175,2.56881877590188,-2.3114159278759,2.94670367416639,-2.85381986489785,-2.19321472697435,-0.171238322285865,1.11722312166418,-2.74762341839712,1.71632843758917,-1.5312319272206,0.609102419702988,-0.0636726674335315,-0.621823481928801,-3.86893986699081,0.406225070694177,0.968448130066191,1.16097820352067,-3.67236155727859,-6.02485327716539,-3.85649904880024,0.549636212359883,-3.52790016506518,0.307495786502845,2.22757559137548,-0.201483104536421,-0.697996261322825,0.693793928293184,-0.280148300455685,-1.99482426373544,-3.03925955271228,-1.98047900600808,-2.14757476038605,-1.3869887064103,-0.955971524170553,-0.415199684985251,-0.476531064061024,-3.47664987688936,1.01049333971979,0.541415154779006,-1.0069029172547,-1.18790230486238,1.36353907768212,-2.21740144512092,0.613765674304081,0.298830257054089,-1.89416388545985,0.77252837608735,1.48771843731787,-0.644552685448667,0.349687778224192,-0.519875151989919,-0.865046855889969,1.12225820748523,-0.308750975457559,-2.16793147807751,-5.17708860982208,-2.06427759603725,-2.94109969565278,1.77263192655868,-4.40942701740638,-2.84419059634696,-0.906708265339303,-2.30305710581933,-2.63581766194598,-0.933210017723079,0.358339465202102,-4.22101816254528,-5.04626534571746,-3.20688318780659,1.04261134275134,-1.54379510887535,-2.85884987786997,-0.709393295922085,-4.74320563896831,-1.66259557804456,-2.45772762797668,-4.01526468837078,-0.590246675291983,-0.761985347680465,-0.930427645727874,-1.32640397377747,-2.34610415922569,-1.6558800342541,-0.95365989245699,1.5301508366517,2.05640997853141,-2.71412959035405,-2.66346871532855,0.314666228016752,-0.164266826660759,0.0627436473894776,-2.59896153533307,0.860407497697103,-2.69785747809823,-0.637935842934995,-1.39342645375692,-0.0286494303384386,-0.605882533773183,0.209784069375062,-0.279992578434165,4.32241915664064,-0.958916362304528,-4.88543497250453,-3.40664373085862,-4.31132117130496,-1.20419252969352,1.99788751849785,-1.6038978737919,-0.0686139735762911,0.911170623043931,-1.993623084592,-2.47656305132928,2.50594171103487,3.12466427100003,-1.81520055361452,3.11857354323693,-0.793273463699983,-1.93991958117429,-0.75994338989247,0.392972979138778,-3.34402792992112,0.440409995616199,0.5748623053614,-2.09707488183538,-2.04858500723821,-2.70245912056505,-1.11014541667064,-3.93998358295855,-0.732647618264462,-1.63390688876796,-0.525151162339887,-2.23351799788069,-1.58924871761409,0.849037570755051,1.09567271045715,1.84001669721912,-0.815408587447092,-1.16281663773863,-2.01478698670607,2.47121602398005,0.969049667719129,-4.37873309942198,-5.47588556960779,-1.75201507502159,-0.272439676837534,-1.36591744898581,-1.66561596435316,-3.18576977329553,-0.0734241639913792,1.30603219734389,-1.12483813845199,-2.35465201520823,-1.43371340119873,0.532470089137605,-0.20343559092789,0.713115300049099,1.82089102281451,-0.954023484104331,0.94301344213497,0.219149216440187,-2.56119490981596,0.945404075453143,-1.25621613659871,-2.93925462448971,-2.83087814551083,-0.559277282715501,-0.42320184146095,-2.91552748506715,-1.99140557678902,-3.61490709106956,-1.66566598889567,-4.30846925175817,-1.47182813206646,-1.25858043881467,-0.375379773883732,-0.961036421120975,-0.703947249291173,1.11097476517709,-4.11262960652411,-1.35673610095438,-2.98508926071387,-1.90380094195234,-1.36775280230664,-4.02711166981292,-0.949934638236643,-4.45819971606303,-3.32708670089821,-1.8284369079372,1.53286422456189,-0.41009220223075,0.477834777165897,-1.15904039006851,0.0378158358654717,-0.486197725076791,-2.30036867128384,1.20686287511775,0.46673452804091,-1.58855352818131,-4.96950074104045,0.282909659376256,-0.0860417133102289,-1.99683043299053,-1.19383083746852,-1.58398830441221,1.21782719672273,-0.0400417215618681,-6.79181973799966,-1.12620748239439,-0.841338576110405,2.93328215534866,-3.14397803914332,0.872310565147423,-2.10472173318916,-3.62319823069758,-1.67039071467383,-0.927005139780926,3.40638691470903,-1.63252644656518,-1.6463219890899,2.21978034084621,-2.32053238218683,-1.87053604287909,0.335157138258267,-1.03755258104579,-1.70101056215821,0.932031740567778,-1.38664577484072,-1.07922333633241,-3.32516930304216,-3.60227644647089,-0.748887578268111,-1.67144944039041,3.35377551906093,0.455969486875647,2.18995293378727,-1.55161622172788,1.73092827689815,-0.289130216927969,-0.53305668433556,-0.234057875757441,0.300279208021483,-1.69291367561098,-2.63137513744715,-2.32245399608679,-2.22279991674927,-1.19506669164177,3.01315426483263,-1.03410861654856,-1.39245004924493,0.587885122973595,-0.67560261792918,-1.51591410688405,-4.93895319857126,0.107165358357703,-0.729671240513241,-2.10598962975463,-0.328960997674652,-2.74958489697964,3.11238302044364,-0.875278539474235,-3.78097687532996,-3.22655819525404,-0.060922482266546,0.598007979757554,-0.0705071046377704,-0.627549015874984,-2.95181426607231,0.700034399334992,-0.508392582125892,0.560488248411539,2.59063967718693,-1.78814747923582,-0.135846588271731,0.926738051109831,-2.5871392915059,1.92442102499966,-2.49743180697883,-1.5147241181089,-1.54337221577025,-1.73879712152218,-0.541033290248414,-3.28408188964245,-4.31814697273457,-2.51820845817175,-3.23671185651706,-1.09184979162212,0.188886190027722,-4.75549178090334,-2.69682775165007,1.0956880696975,-0.372304447346424,-3.25229453209296,0.839364890337591,-1.26993164906982,0.502637092778217,-0.227906840252814,0.625837086125473,-0.428670203674139,-4.24196876513049,0.515946224059486,-5.36300306628167,-0.825843028879463,-0.630408665647167,-1.42526593106804,-2.58269071406044,1.79063703722302,-2.44108522532777,-1.8366853103516,-1.08993179199486,1.63359978481789,-3.59075782219371,-0.38655194030382,-1.34237963189738,0.788701137313329,-1.46835651789124,-3.78624320007784,-3.45603730938519,-2.17950266441956,2.00092448160969,1.24493735289808,-1.02350049290502,-1.31950105502442,-2.78385456330877,2.54229027860782,4.10980395484494,0.890219275095111,1.13090630044416,-1.17364340972143,3.35883728918378,-0.262168433511138,-3.13891646545912,-1.67698513109324,-0.447147486407427,-0.265516753225231,-0.684297654400551
